
6     12     0.68          145             0.0034              0                     0
6     12     0.68          145             0.0102              0                     0
6     12     0.68          145             0.017              0                     0
6     12     0.68          145             0.0238              0                     0
6     12     0.68          145             0.0306              0                     0
6     12     0.68          145             0.0374              0                     0
6     12     0.68          145             0.0442              0                     0
6     12     0.68          145             0.051              0                     0
6     12     0.68          145             0.0578              0                     0
6     12     0.68          145             0.0646              0                     0
6     12     0.68          145             0.0714              0                     0
6     12     0.68          145             0.0782              0                     0
6     12     0.68          145             0.085              0                     0
6     12     0.68          145             0.0918              0                     0
6     12     0.68          145             0.0986              0                     0
6     12     0.68          145             0.1054              0                     0
6     12     0.68          145             0.1122              0                     0
6     12     0.68          145             0.119              0                     0
6     12     0.68          145             0.1258              0                     0
6     12     0.68          145             0.1326              0                     0
6     12     0.68          145             0.1394              0                     0
6     12     0.68          145             0.1462              0                     0
6     12     0.68          145             0.153              0                     0
6     12     0.68          145             0.1598              0                     0
6     12     0.68          145             0.1666              0                     0
6     12     0.68          145             0.1734              0                     0
6     12     0.68          145             0.1802              0                     0
6     12     0.68          145             0.187              0                     0
6     12     0.68          145             0.1938              0                     0
6     12     0.68          145             0.2006              0                     0
6     12     0.68          145             0.2074              0                     0
6     12     0.68          145             0.2142              0                     0
6     12     0.68          145             0.221              0                     0
6     12     0.68          145             0.2278              0                     0
6     12     0.68          145             0.2346              0                     0
6     12     0.68          145             0.2414              0                     0
6     12     0.68          145             0.2482              0                     0
6     12     0.68          145             0.255              0                     0
6     12     0.68          145             0.2618              0                     0
6     12     0.68          145             0.2686              0                     0
6     12     0.68          145             0.2754              0                     0
6     12     0.68          145             0.2822              0                     0
6     12     0.68          145             0.289              0                     0
6     12     0.68          145             0.2958              0                     0
6     12     0.68          145             0.3026              3.9071                     3.9071
6     12     0.68          145             0.3094              7.8142                     5.52547
6     12     0.68          145             0.3162              7.8142                     5.52547
6     12     0.68          145             0.323              23.4426                     9.5704
6     12     0.68          145             0.3298              19.5355                     8.73654
6     12     0.68          145             0.3366              11.7213                     6.76729
6     12     0.68          145             0.3434              42.9781                     12.9584
6     12     0.68          145             0.3502              42.9781                     12.9584
6     12     0.68          145             0.357              42.9781                     12.9584
6     12     0.68          145             0.3638              42.9781                     12.9584
6     12     0.68          145             0.3706              54.6994                     14.619
6     12     0.68          145             0.3774              74.2349                     17.0307
6     12     0.68          145             0.3842              70.3278                     16.5764
6     12     0.68          145             0.391              74.2349                     17.0307
6     12     0.68          145             0.3978              82.0491                     17.9046
6     12     0.68          145             0.4046              93.7704                     19.1408
6     12     0.68          145             0.4114              144.563                     23.766
6     12     0.68          145             0.4182              74.2349                     17.0307
6     12     0.68          145             0.425              89.8633                     18.7378
6     12     0.68          145             0.4318              101.585                     19.9224
6     12     0.68          145             0.4386              78.142                     17.4731
6     12     0.68          145             0.4454              74.2349                     17.0307
6     12     0.68          145             0.4522              101.585                     19.9224
6     12     0.68          145             0.459              74.2349                     17.0307
6     12     0.68          145             0.4658              78.142                     17.4731
6     12     0.68          145             0.4726              58.6065                     15.1321
6     12     0.68          145             0.4794              97.6775                     19.5355
6     12     0.68          145             0.4862              78.142                     17.4731
6     12     0.68          145             0.493              105.492                     20.3019
6     12     0.68          145             0.4998              101.585                     19.9224
6     12     0.68          145             0.5066              121.12                     21.7538
6     12     0.68          145             0.5134              128.934                     22.4446
6     12     0.68          145             0.5202              160.191                     25.0176
6     12     0.68          145             0.527              191.448                     27.3497
6     12     0.68          145             0.5338              210.983                     28.7112
6     12     0.68          145             0.5406              218.798                     29.2381
6     12     0.68          145             0.5474              183.634                     26.7857
6     12     0.68          145             0.5542              281.311                     33.1528
6     12     0.68          145             0.561              238.333                     30.5154
6     12     0.68          145             0.5678              187.541                     27.0692
6     12     0.68          145             0.5746              261.776                     31.981
6     12     0.68          145             0.5814              269.59                     32.4548
6     12     0.68          145             0.5882              285.218                     33.3823
6     12     0.68          145             0.595              293.032                     33.8365
6     12     0.68          145             0.6018              234.426                     30.2643
6     12     0.68          145             0.6086              285.218                     33.3823
6     12     0.68          145             0.6154              269.59                     32.4548
6     12     0.68          145             0.6222              273.497                     32.6891
6     12     0.68          145             0.629              203.169                     28.1745
6     12     0.68          145             0.6358              203.169                     28.1745
6     12     0.68          145             0.6426              261.776                     31.981
6     12     0.68          145             0.6494              285.218                     33.3823
6     12     0.68          145             0.6562              250.054                     31.2568
6     12     0.68          145             0.663              226.612                     29.7556
6     12     0.68          145             0.6698              246.147                     31.0116
