6     12     3.595          20             0.017975              0                     0
6     12     3.595          20             0.053925              0                     0
6     12     3.595          20             0.089875              0                     0
6     12     3.595          20             0.125825              0                     0
6     12     3.595          20             0.161775              0                     0
6     12     3.595          20             0.197725              0                     0
6     12     3.595          20             0.233675              0                     0
6     12     3.595          20             0.269625              0                     0
6     12     3.595          20             0.305575              0                     0
6     12     3.595          20             0.341525              0                     0
6     12     3.595          20             0.377475              0                     0
6     12     3.595          20             0.413425              0.0166856                     0.00556188
6     12     3.595          20             0.449375              0.0315173                     0.00764407
6     12     3.595          20             0.485325              0.0648886                     0.0109682
6     12     3.595          20             0.521275              0.118653                     0.0148317
6     12     3.595          20             0.557225              0.19652                     0.0190877
6     12     3.595          20             0.593175              0.339275                     0.0250799
6     12     3.595          20             0.629125              0.417141                     0.0278094
6     12     3.595          20             0.665075              0.487591                     0.0300662
6     12     3.595          20             0.701025              0.469052                     0.029489
6     12     3.595          20             0.736975              0.441242                     0.0286015
6     12     3.595          20             0.772925              0.491299                     0.0301803
6     12     3.595          20             0.808875              0.537648                     0.0315718
6     12     3.595          20             0.844825              0.513547                     0.030856
6     12     3.595          20             0.880775              0.56175                     0.0322717
6     12     3.595          20             0.916725              0.648886                     0.0346844
6     12     3.595          20             0.952675              0.647032                     0.0346348
6     12     3.595          20             0.988625              0.598829                     0.0333197
6     12     3.595          20             1.02458              0.734168                     0.0368933
6     12     3.595          20             1.06053              0.743438                     0.0371255
6     12     3.595          20             1.09648              0.81018                     0.0387562
6     12     3.595          20             1.13243              0.797203                     0.0384445
6     12     3.595          20             1.16838              0.958497                     0.0421547
6     12     3.595          20             1.20433              1.01412                     0.0433605
6     12     3.595          20             1.24028              1.07344                     0.0446108
6     12     3.595          20             1.27623              1.18283                     0.0468285
6     12     3.595          20             1.31218              1.18653                     0.0469019
6     12     3.595          20             1.34813              1.27367                     0.0485936
6     12     3.595          20             1.38408              1.36081                     0.0502283
6     12     3.595          20             1.42003              1.42755                     0.0514453
6     12     3.595          20             1.45598              1.53137                     0.0532832
6     12     3.595          20             1.49193              1.47575                     0.0523066
6     12     3.595          20             1.52788              1.4535                     0.0519109
6     12     3.595          20             1.56383              1.53879                     0.0534121
6     12     3.595          20             1.59978              1.53137                     0.0532832
6     12     3.595          20             1.63573              1.36266                     0.0502625
6     12     3.595          20             1.67168              1.36451                     0.0502967
6     12     3.595          20             1.70763              1.37378                     0.0504672
6     12     3.595          20             1.74358              1.35154                     0.0500569
6     12     3.595          20             1.77953              1.36822                     0.050365
6     12     3.595          20             1.81548              1.29592                     0.0490161
6     12     3.595          20             1.85143              1.37008                     0.0503991
6     12     3.595          20             1.88738              1.27182                     0.0485582
6     12     3.595          20             1.92333              1.25698                     0.0482742
6     12     3.595          20             1.95928              1.35154                     0.0500569
6     12     3.595          20             1.99523              1.30519                     0.0491911
6     12     3.595          20             2.03118              1.26069                     0.0483454
6     12     3.595          20             2.06712              1.34227                     0.049885
6     12     3.595          20             2.10308              1.25142                     0.0481673
6     12     3.595          20             2.13903              1.31817                     0.0494351
6     12     3.595          20             2.17497              1.20693                     0.0473032
6     12     3.595          20             2.21093              1.19951                     0.0471577
6     12     3.595          20             2.24688              1.21991                     0.0475569
6     12     3.595          20             2.28282              1.19951                     0.0471577
6     12     3.595          20             2.31878              1.11423                     0.0454504
6     12     3.595          20             2.35473              1.16058                     0.0463861
6     12     3.595          20             2.39067              1.04563                     0.0440291
6     12     3.595          20             2.42663              1.12165                     0.0456014
6     12     3.595          20             2.46258              1.04193                     0.043951
6     12     3.595          20             2.49852              1.0512                     0.0441461
6     12     3.595          20             2.53448              1.0549                     0.0442238
6     12     3.595          20             2.57043              1.14019                     0.0459767
6     12     3.595          20             2.60637              1.05676                     0.0442627
6     12     3.595          20             2.64233              1.04193                     0.043951
6     12     3.595          20             2.67828              1.08086                     0.0447646
6     12     3.595          20             2.71422              1.06232                     0.044379
6     12     3.595          20             2.75018              1.01412                     0.0433605
6     12     3.595          20             2.78613              1.08457                     0.0448413
6     12     3.595          20             2.82207              0.990015                     0.0428421
6     12     3.595          20             2.85803              0.964059                     0.0422768
6     12     3.595          20             2.89398              0.850968                     0.0397198
6     12     3.595          20             2.92992              0.882485                     0.0404486
6     12     3.595          20             2.96588              0.802765                     0.0385784
6     12     3.595          20             3.00183              0.823158                     0.0390654
6     12     3.595          20             3.03777              0.830574                     0.0392409
6     12     3.595          20             3.07373              0.839844                     0.0394593
6     12     3.595          20             3.10968              0.73973                     0.0370328
6     12     3.595          20             3.14562              0.750854                     0.0373102
6     12     3.595          20             3.18158              0.658156                     0.0349313
6     12     3.595          20             3.21753              0.654448                     0.0348327
6     12     3.595          20             3.25347              0.596975                     0.0332681
6     12     3.595          20             3.28943              0.526525                     0.0312435
6     12     3.595          20             3.32538              0.498715                     0.0304072
6     12     3.595          20             3.36132              0.452366                     0.0289598
6     12     3.595          20             3.39728              0.439388                     0.0285413
6     12     3.595          20             3.43323              0.404163                     0.0273734
6     12     3.595          20             3.46917              0.330005                     0.0247349
6     12     3.595          20             3.50513              0.181688                     0.0183533
6     12     3.595          20             3.54108              0.111238                     0.0143607
