6     12     0.62          36             0.0031              0                     0
6     12     0.62          36             0.0093              0                     0
6     12     0.62          36             0.0155              0                     0
6     12     0.62          36             0.0217              0                     0
6     12     0.62          36             0.0279              0                     0
6     12     0.62          36             0.0341              28.5296                     10.7832
6     12     0.62          36             0.0403              2339.43                     97.6458
6     12     0.62          36             0.0465              10661.9                     208.457
6     12     0.62          36             0.0527              22322.4                     301.626
6     12     0.62          36             0.0589              33779                     371.041
6     12     0.62          36             0.0651              39733.6                     402.418
6     12     0.62          36             0.0713              45333.5                     429.842
6     12     0.62          36             0.0775              50244.7                     452.526
6     12     0.62          36             0.0837              52078.7                     460.711
6     12     0.62          36             0.0899              52172.5                     461.126
6     12     0.62          36             0.0961              49771.9                     450.392
6     12     0.62          36             0.1023              45867.4                     432.365
6     12     0.62          36             0.1085              42390.9                     415.657
6     12     0.62          36             0.1147              38515                     396.199
6     12     0.62          36             0.1209              35340                     379.518
6     12     0.62          36             0.1271              30591.9                     353.103
6     12     0.62          36             0.1333              26622.2                     329.398
6     12     0.62          36             0.1395              22888.9                     305.43
6     12     0.62          36             0.1457              19493.9                     281.869
6     12     0.62          36             0.1519              16844.7                     262.017
6     12     0.62          36             0.1581              14073.2                     239.495
6     12     0.62          36             0.1643              11546.3                     216.931
6     12     0.62          36             0.1705              9675.61                     198.581
6     12     0.62          36             0.1767              7389.16                     173.539
6     12     0.62          36             0.1829              6003.44                     156.422
6     12     0.62          36             0.1891              4483.22                     135.174
6     12     0.62          36             0.1953              3284.98                     115.708
6     12     0.62          36             0.2015              2579.89                     102.541
6     12     0.62          36             0.2077              1862.57                     87.1276
6     12     0.62          36             0.2139              1524.3                     78.8194
6     12     0.62          36             0.2201              1463.16                     77.2227
6     12     0.62          36             0.2263              1499.84                     78.1846
6     12     0.62          36             0.2325              1679.17                     82.7268
6     12     0.62          36             0.2387              1675.09                     82.6263
6     12     0.62          36             0.2449              1907.41                     88.1699
6     12     0.62          36             0.2511              1980.77                     89.8495
6     12     0.62          36             0.2573              2314.97                     97.1341
6     12     0.62          36             0.2635              2372.03                     98.3239
6     12     0.62          36             0.2697              2367.96                     98.2394
6     12     0.62          36             0.2759              2567.66                     102.298
6     12     0.62          36             0.2821              2889.64                     108.523
6     12     0.62          36             0.2883              3162.71                     113.535
6     12     0.62          36             0.2945              3627.33                     121.589
6     12     0.62          36             0.3007              3798.51                     124.424
6     12     0.62          36             0.3069              3916.71                     126.345
6     12     0.62          36             0.3131              4409.86                     134.064
6     12     0.62          36             0.3193              4992.68                     142.648
6     12     0.62          36             0.3255              5775.2                     153.42
6     12     0.62          36             0.3317              6068.65                     157.27
6     12     0.62          36             0.3379              6798.19                     166.455
6     12     0.62          36             0.3441              7409.54                     173.778
6     12     0.62          36             0.3503              7507.36                     174.921
6     12     0.62          36             0.3565              7821.18                     178.54
6     12     0.62          36             0.3627              8135.01                     182.087
6     12     0.62          36             0.3689              8432.53                     185.386
6     12     0.62          36             0.3751              8644.47                     187.702
6     12     0.62          36             0.3813              9043.88                     191.989
6     12     0.62          36             0.3875              8880.85                     190.251
6     12     0.62          36             0.3937              8440.68                     185.476
6     12     0.62          36             0.3999              8632.24                     187.569
6     12     0.62          36             0.4061              8289.88                     183.812
6     12     0.62          36             0.4123              8094.25                     181.63
6     12     0.62          36             0.4185              8094.25                     181.63
6     12     0.62          36             0.4247              7914.92                     179.607
6     12     0.62          36             0.4309              8143.16                     182.178
6     12     0.62          36             0.4371              7539.96                     175.301
6     12     0.62          36             0.4433              7213.91                     171.468
6     12     0.62          36             0.4495              7254.67                     171.952
6     12     0.62          36             0.4557              6366.17                     161.079
6     12     0.62          36             0.4619              6500.67                     162.771
6     12     0.62          36             0.4681              6084.95                     157.481
6     12     0.62          36             0.4743              5848.57                     154.392
6     12     0.62          36             0.4805              5934.16                     155.517
6     12     0.62          36             0.4867              5302.43                     147.006
6     12     0.62          36             0.4929              5441                     148.915
6     12     0.62          36             0.4991              5045.66                     143.403
6     12     0.62          36             0.5053              4650.32                     137.67
6     12     0.62          36             0.5115              4426.16                     134.311
6     12     0.62          36             0.5177              4210.15                     130.993
6     12     0.62          36             0.5239              4116.41                     129.526
6     12     0.62          36             0.5301              3472.46                     118.964
6     12     0.62          36             0.5363              1609.88                     81.0021
6     12     0.62          36             0.5425              122.27                     22.3233
6     12     0.62          36             0.5487              0                     0
6     12     0.62          36             0.5549              0                     0
6     12     0.62          36             0.5611              0                     0
6     12     0.62          36             0.5673              0                     0
6     12     0.62          36             0.5735              0                     0
6     12     0.62          36             0.5797              0                     0
6     12     0.62          36             0.5859              0                     0
6     12     0.62          36             0.5921              0                     0
6     12     0.62          36             0.5983              0                     0
6     12     0.62          36             0.6045              0                     0
6     12     0.62          36             0.6107              0                     0
