6     12     1          60             0.005              0                     0
6     12     1          60             0.015              0                     0
6     12     1          60             0.025              0                     0
6     12     1          60             0.035              0                     0
6     12     1          60             0.045              0                     0
6     12     1          60             0.055              0                     0
6     12     1          60             0.065              0                     0
6     12     1          60             0.075              0                     0
6     12     1          60             0.085              0                     0
6     12     1          60             0.095              0                     0
6     12     1          60             0.105              0                     0
6     12     1          60             0.115              0                     0
6     12     1          60             0.125              0                     0
6     12     1          60             0.135              0                     0
6     12     1          60             0.145              0                     0
6     12     1          60             0.155              0                     0
6     12     1          60             0.165              0                     0
6     12     1          60             0.175              0                     0
6     12     1          60             0.185              0                     0
6     12     1          60             0.195              0                     0
6     12     1          60             0.205              0                     0
6     12     1          60             0.215              0                     0
6     12     1          60             0.225              7.91083                     3.95542
6     12     1          60             0.235              23.7325                     6.85098
6     12     1          60             0.245              27.6879                     7.39991
6     12     1          60             0.255              43.5096                     9.27627
6     12     1          60             0.265              63.2867                     11.1876
6     12     1          60             0.275              106.796                     14.5331
6     12     1          60             0.285              146.35                     17.0129
6     12     1          60             0.295              201.726                     19.9739
6     12     1          60             0.305              223.481                     21.0233
6     12     1          60             0.315              286.768                     23.8148
6     12     1          60             0.325              354.01                     26.4599
6     12     1          60             0.335              344.121                     26.0878
6     12     1          60             0.345              421.252                     28.8637
6     12     1          60             0.355              480.583                     30.8294
6     12     1          60             0.365              448.94                     29.7972
6     12     1          60             0.375              486.516                     31.0191
6     12     1          60             0.385              470.695                     30.5106
6     12     1          60             0.395              409.386                     28.4543
6     12     1          60             0.405              429.163                     29.1335
6     12     1          60             0.415              395.542                     27.969
6     12     1          60             0.425              367.854                     26.9723
6     12     1          60             0.435              326.322                     25.4041
6     12     1          60             0.445              344.121                     26.0878
6     12     1          60             0.455              369.831                     27.0448
6     12     1          60             0.465              320.389                     25.1721
6     12     1          60             0.475              334.233                     25.7102
6     12     1          60             0.485              298.634                     24.3025
6     12     1          60             0.495              397.519                     28.0389
6     12     1          60             0.505              318.411                     25.0943
6     12     1          60             0.515              401.475                     28.178
6     12     1          60             0.525              409.386                     28.4543
6     12     1          60             0.535              379.72                     27.4039
6     12     1          60             0.545              464.761                     30.3177
6     12     1          60             0.555              458.828                     30.1236
6     12     1          60             0.565              533.981                     32.4971
6     12     1          60             0.575              535.959                     32.5572
6     12     1          60             0.585              571.558                     33.621
6     12     1          60             0.595              541.892                     32.7369
6     12     1          60             0.605              601.223                     34.4825
6     12     1          60             0.615              581.446                     33.9106
6     12     1          60             0.625              632.867                     35.3783
6     12     1          60             0.635              628.911                     35.2676
6     12     1          60             0.645              569.58                     33.5628
6     12     1          60             0.655              579.468                     33.8529
6     12     1          60             0.665              577.491                     33.7951
6     12     1          60             0.675              579.468                     33.8529
6     12     1          60             0.685              543.87                     32.7966
6     12     1          60             0.695              543.87                     32.7966
6     12     1          60             0.705              551.781                     33.0342
6     12     1          60             0.715              480.583                     30.8294
6     12     1          60             0.725              528.048                     32.316
6     12     1          60             0.735              575.513                     33.7372
6     12     1          60             0.745              622.978                     35.1008
6     12     1          60             0.755              549.803                     32.975
6     12     1          60             0.765              563.647                     33.3876
6     12     1          60             0.775              591.335                     34.1978
6     12     1          60             0.785              638.8                     35.5438
6     12     1          60             0.795              708.02                     37.42
6     12     1          60             0.805              688.242                     36.8937
6     12     1          60             0.815              676.376                     36.5742
6     12     1          60             0.825              660.555                     36.1439
6     12     1          60             0.835              745.596                     38.4001
6     12     1          60             0.845              783.172                     39.3559
6     12     1          60             0.855              874.147                     41.5789
6     12     1          60             0.865              844.481                     40.8673
6     12     1          60             0.875              891.946                     42.0001
6     12     1          60             0.885              870.192                     41.4848
6     12     1          60             0.895              943.367                     43.1938
6     12     1          60             0.905              1014.56                     44.7941
6     12     1          60             0.915              1020.5                     44.9249
6     12     1          60             0.925              1065.98                     45.9152
6     12     1          60             0.935              1038.3                     45.315
6     12     1          60             0.945              1170.8                     48.1197
6     12     1          60             0.955              1178.71                     48.282
6     12     1          60             0.965              1218.27                     49.0854
6     12     1          60             0.975              1208.38                     48.8858
6     12     1          60             0.985              25.7102                     7.13073
