6     12     3.595          24             0.017975              0                     0
6     12     3.595          24             0.053925              0                     0
6     12     3.595          24             0.089875              0                     0
6     12     3.595          24             0.125825              0                     0
6     12     3.595          24             0.161775              0                     0
6     12     3.595          24             0.197725              0                     0
6     12     3.595          24             0.233675              0                     0
6     12     3.595          24             0.269625              0                     0
6     12     3.595          24             0.305575              0                     0
6     12     3.595          24             0.341525              0                     0
6     12     3.595          24             0.377475              0                     0
6     12     3.595          24             0.413425              0                     0
6     12     3.595          24             0.449375              0                     0
6     12     3.595          24             0.485325              0                     0
6     12     3.595          24             0.521275              0                     0
6     12     3.595          24             0.557225              0                     0
6     12     3.595          24             0.593175              0.00155897                     0.00155897
6     12     3.595          24             0.629125              0.00779487                     0.00348597
6     12     3.595          24             0.665075              0.0124718                     0.00440944
6     12     3.595          24             0.701025              0.0311795                     0.00697194
6     12     3.595          24             0.736975              0.0389743                     0.00779487
6     12     3.595          24             0.772925              0.056123                     0.00935384
6     12     3.595          24             0.808875              0.0873025                     0.0116663
6     12     3.595          24             0.844825              0.0795076                     0.0111333
6     12     3.595          24             0.880775              0.102892                     0.0126652
6     12     3.595          24             0.916725              0.110687                     0.0131361
6     12     3.595          24             0.952675              0.109128                     0.0130433
6     12     3.595          24             0.988625              0.130954                     0.0142882
6     12     3.595          24             1.02458              0.16681                     0.0161261
6     12     3.595          24             1.06053              0.120041                     0.0136799
6     12     3.595          24             1.09648              0.180841                     0.0167907
6     12     3.595          24             1.13243              0.179282                     0.0167181
6     12     3.595          24             1.16838              0.205784                     0.0179112
6     12     3.595          24             1.20433              0.249436                     0.0197196
6     12     3.595          24             1.24028              0.233846                     0.0190934
6     12     3.595          24             1.27623              0.260349                     0.0201464
6     12     3.595          24             1.31218              0.286851                     0.0211469
6     12     3.595          24             1.34813              0.296205                     0.021489
6     12     3.595          24             1.38408              0.353887                     0.0234883
6     12     3.595          24             1.42003              0.338297                     0.0229651
6     12     3.595          24             1.45598              0.422482                     0.0256639
6     12     3.595          24             1.49193              0.439631                     0.0261796
6     12     3.595          24             1.52788              0.480164                     0.0273599
6     12     3.595          24             1.56383              0.544082                     0.029124
6     12     3.595          24             1.59978              0.480164                     0.0273599
6     12     3.595          24             1.63573              0.57682                     0.0299875
6     12     3.595          24             1.67168              0.589292                     0.0303099
6     12     3.595          24             1.70763              0.617353                     0.0310232
6     12     3.595          24             1.74358              0.601764                     0.030629
6     12     3.595          24             1.77953              0.608                     0.0307873
6     12     3.595          24             1.81548              0.600205                     0.0305893
6     12     3.595          24             1.85143              0.597087                     0.0305097
6     12     3.595          24             1.88738              0.648533                     0.0317969
6     12     3.595          24             1.92333              0.632943                     0.0314124
6     12     3.595          24             1.95928              0.590851                     0.03035
6     12     3.595          24             1.99523              0.581497                     0.0301088
6     12     3.595          24             2.03118              0.656328                     0.0319875
6     12     3.595          24             2.06712              0.615795                     0.030984
6     12     3.595          24             2.10308              0.606441                     0.0307478
6     12     3.595          24             2.13903              0.575261                     0.0299469
6     12     3.595          24             2.17497              0.681271                     0.0325896
6     12     3.595          24             2.21093              0.632943                     0.0314124
6     12     3.595          24             2.24688              0.623589                     0.0311795
6     12     3.595          24             2.28282              0.615795                     0.030984
6     12     3.595          24             2.31878              0.587733                     0.0302698
6     12     3.595          24             2.35473              0.632943                     0.0314124
6     12     3.595          24             2.39067              0.625148                     0.0312184
6     12     3.595          24             2.42663              0.551877                     0.0293319
6     12     3.595          24             2.46258              0.618912                     0.0310623
6     12     3.595          24             2.49852              0.661005                     0.0321012
6     12     3.595          24             2.53448              0.593969                     0.0304299
6     12     3.595          24             2.57043              0.611118                     0.0308661
6     12     3.595          24             2.60637              0.612677                     0.0309054
6     12     3.595          24             2.64233              0.600205                     0.0305893
6     12     3.595          24             2.67828              0.63762                     0.0315283
6     12     3.595          24             2.71422              0.646974                     0.0317587
6     12     3.595          24             2.75018              0.572143                     0.0298656
6     12     3.595          24             2.78613              0.614236                     0.0309447
6     12     3.595          24             2.82207              0.581497                     0.0301088
6     12     3.595          24             2.85803              0.604882                     0.0307082
6     12     3.595          24             2.89398              0.62203                     0.0311405
6     12     3.595          24             2.92992              0.567466                     0.0297433
6     12     3.595          24             2.96588              0.581497                     0.0301088
6     12     3.595          24             3.00183              0.551877                     0.0293319
6     12     3.595          24             3.03777              0.569025                     0.0297841
6     12     3.595          24             3.07373              0.569025                     0.0297841
6     12     3.595          24             3.10968              0.508225                     0.028148
6     12     3.595          24             3.14562              0.525374                     0.0286189
6     12     3.595          24             3.18158              0.503548                     0.0280182
6     12     3.595          24             3.21753              0.497313                     0.0278442
6     12     3.595          24             3.25347              0.428718                     0.0258526
6     12     3.595          24             3.28943              0.448984                     0.0264567
6     12     3.595          24             3.32538              0.411569                     0.0253303
6     12     3.595          24             3.36132              0.377272                     0.0242519
6     12     3.595          24             3.39728              0.327384                     0.0225917
6     12     3.595          24             3.43323              0.321149                     0.0223755
6     12     3.595          24             3.46917              0.260349                     0.0201464
6     12     3.595          24             3.50513              0.190195                     0.0172194
6     12     3.595          24             3.54108              0.135631                     0.0145411
