6     12     0.4          60             0.002              0                     0
6     12     0.4          60             0.006              0                     0
6     12     0.4          60             0.01              0                     0
6     12     0.4          60             0.014              3.63715                     3.63715
6     12     0.4          60             0.018              3.63715                     3.63715
6     12     0.4          60             0.022              0                     0
6     12     0.4          60             0.026              18.1857                     8.13291
6     12     0.4          60             0.03              3.63715                     3.63715
6     12     0.4          60             0.034              7.27429                     5.1437
6     12     0.4          60             0.038              123.663                     21.208
6     12     0.4          60             0.042              912.924                     57.6232
6     12     0.4          60             0.046              2687.85                     98.8742
6     12     0.4          60             0.05              4924.7                     133.835
6     12     0.4          60             0.054              7678.02                     167.111
6     12     0.4          60             0.058              10442.2                     194.885
6     12     0.4          60             0.062              11453.4                     204.102
6     12     0.4          60             0.066              12911.9                     216.708
6     12     0.4          60             0.07              14435.8                     229.14
6     12     0.4          60             0.074              15978                     241.069
6     12     0.4          60             0.078              17600.2                     253.011
6     12     0.4          60             0.082              17974.8                     255.689
6     12     0.4          60             0.086              18342.1                     258.289
6     12     0.4          60             0.09              17742                     254.028
6     12     0.4          60             0.094              17832.9                     254.678
6     12     0.4          60             0.098              17116.4                     249.509
6     12     0.4          60             0.102              16225.3                     242.928
6     12     0.4          60             0.106              15512.4                     237.531
6     12     0.4          60             0.11              14290.3                     227.983
6     12     0.4          60             0.114              13701.1                     223.233
6     12     0.4          60             0.118              12562.7                     213.758
6     12     0.4          60             0.122              12046.2                     209.318
6     12     0.4          60             0.126              10653.2                     196.843
6     12     0.4          60             0.13              9703.91                     187.868
6     12     0.4          60             0.134              8940.11                     180.323
6     12     0.4          60             0.138              8590.94                     176.767
6     12     0.4          60             0.142              7227.01                     162.129
6     12     0.4          60             0.146              6619.61                     155.166
6     12     0.4          60             0.15              6215.88                     150.36
6     12     0.4          60             0.154              5233.85                     137.972
6     12     0.4          60             0.158              4470.05                     127.508
6     12     0.4          60             0.162              3920.84                     119.418
6     12     0.4          60             0.166              3498.93                     112.81
6     12     0.4          60             0.17              2946.09                     103.515
6     12     0.4          60             0.174              2255.03                     90.5642
6     12     0.4          60             0.178              1924.05                     83.6544
6     12     0.4          60             0.182              1422.12                     71.9199
6     12     0.4          60             0.186              1182.07                     65.5696
6     12     0.4          60             0.19              894.738                     57.0464
6     12     0.4          60             0.194              731.066                     51.5654
6     12     0.4          60             0.198              712.881                     50.92
6     12     0.4          60             0.202              563.758                     45.2821
6     12     0.4          60             0.206              538.298                     44.2478
6     12     0.4          60             0.21              571.032                     45.5733
6     12     0.4          60             0.214              567.395                     45.4279
6     12     0.4          60             0.218              491.015                     42.2598
6     12     0.4          60             0.222              556.483                     44.989
6     12     0.4          60             0.226              632.863                     47.9773
6     12     0.4          60             0.23              669.235                     49.3367
6     12     0.4          60             0.234              727.429                     51.437
6     12     0.4          60             0.238              738.341                     51.8214
6     12     0.4          60             0.242              745.615                     52.076
6     12     0.4          60             0.246              927.472                     58.0806
6     12     0.4          60             0.25              927.472                     58.0806
6     12     0.4          60             0.254              854.729                     55.7564
6     12     0.4          60             0.258              920.198                     57.8524
6     12     0.4          60             0.262              898.375                     57.1622
6     12     0.4          60             0.266              1134.79                     64.2448
6     12     0.4          60             0.27              985.667                     59.875
6     12     0.4          60             0.274              1225.72                     66.7691
6     12     0.4          60             0.278              1243.9                     67.2626
6     12     0.4          60             0.282              1385.75                     70.9943
6     12     0.4          60             0.286              1454.86                     72.7429
6     12     0.4          60             0.29              1483.96                     73.4668
6     12     0.4          60             0.294              1567.61                     75.5091
6     12     0.4          60             0.298              1902.23                     83.1786
6     12     0.4          60             0.302              2087.72                     87.1398
6     12     0.4          60             0.306              2422.34                     93.8637
6     12     0.4          60             0.31              2582.37                     96.9148
6     12     0.4          60             0.314              2604.2                     97.3234
6     12     0.4          60             0.318              2935.18                     103.323
6     12     0.4          60             0.322              3327.99                     110.02
6     12     0.4          60             0.326              3728.07                     116.445
6     12     0.4          60             0.33              3931.76                     119.584
6     12     0.4          60             0.334              4411.86                     126.675
6     12     0.4          60             0.338              4419.13                     126.779
6     12     0.4          60             0.342              5037.45                     135.359
6     12     0.4          60             0.346              5619.39                     142.963
6     12     0.4          60             0.35              2713.31                     99.3414
6     12     0.4          60             0.354              10.9114                     6.29972
6     12     0.4          60             0.358              0                     0
6     12     0.4          60             0.362              0                     0
6     12     0.4          60             0.366              0                     0
6     12     0.4          60             0.37              0                     0
6     12     0.4          60             0.374              0                     0
6     12     0.4          60             0.378              0                     0
6     12     0.4          60             0.382              0                     0
6     12     0.4          60             0.386              0                     0
6     12     0.4          60             0.39              0                     0
6     12     0.4          60             0.394              0                     0
