*******************************************************************************************************
Z     A     E(GeV)     Theta(deg)     Energy Loss(GeV)     Sigma(nb/sr/GeV)     ERROR     Citation     
*******************************************************************************************************
6     12     0.06          133.6             0.0003              0.115179                     0.0287948
6     12     0.06          133.6             0.0009              0.179968                     0.0359935
6     12     0.06          133.6             0.0015              0.172769                     0.0352663
6     12     0.06          133.6             0.0021              0.187166                     0.0367063
6     12     0.06          133.6             0.0027              0.280749                     0.0449559
6     12     0.06          133.6             0.0033              0.143974                     0.0321936
6     12     0.06          133.6             0.0039              0.172769                     0.0352663
6     12     0.06          133.6             0.0045              0.237557                     0.0413534
6     12     0.06          133.6             0.0051              0.215961                     0.0394289
6     12     0.06          133.6             0.0057              0.244756                     0.0419753
6     12     0.06          133.6             0.0063              0.215961                     0.0394289
6     12     0.06          133.6             0.0069              0.208762                     0.0387662
6     12     0.06          133.6             0.0075              0.251955                     0.0425881
6     12     0.06          133.6             0.0081              0.215961                     0.0394289
6     12     0.06          133.6             0.0087              0.244756                     0.0419753
6     12     0.06          133.6             0.0093              0.309544                     0.0472051
6     12     0.06          133.6             0.0099              0.215961                     0.0394289
6     12     0.06          133.6             0.0105              0.259153                     0.0431922
6     12     0.06          133.6             0.0111              0.0575896                     0.020361
6     12     0.06          133.6             0.0117              0                     0
6     12     0.06          133.6             0.0123              0                     0
6     12     0.06          133.6             0.0129              0                     0
6     12     0.06          133.6             0.0135              0                     0
6     12     0.06          133.6             0.0141              0                     0
6     12     0.06          133.6             0.0147              0                     0
6     12     0.06          133.6             0.0153              0                     0
6     12     0.06          133.6             0.0159              0                     0
6     12     0.06          133.6             0.0165              0                     0
6     12     0.06          133.6             0.0171              0.0359935                     0.0160968
6     12     0.06          133.6             0.0177              1.38935                     0.100008
6     12     0.06          133.6             0.0183              5.69418                     0.202462
6     12     0.06          133.6             0.0189              10.4597                     0.274402
6     12     0.06          133.6             0.0195              15.3476                     0.33239
6     12     0.06          133.6             0.0201              20.2428                     0.381735
6     12     0.06          133.6             0.0207              24.1301                     0.416779
6     12     0.06          133.6             0.0213              25.8937                     0.431742
6     12     0.06          133.6             0.0219              28.1469                     0.450135
6     12     0.06          133.6             0.0225              29.9826                     0.464581
6     12     0.06          133.6             0.0231              31.4511                     0.475823
6     12     0.06          133.6             0.0237              31.9263                     0.479403
6     12     0.06          133.6             0.0243              35.0577                     0.502364
6     12     0.06          133.6             0.0249              35.4824                     0.505398
6     12     0.06          133.6             0.0255              36.1015                     0.509788
6     12     0.06          133.6             0.0261              37.8724                     0.522142
6     12     0.06          133.6             0.0267              37.9588                     0.522737
6     12     0.06          133.6             0.0273              40.032                     0.536823
6     12     0.06          133.6             0.0279              40.4207                     0.539423
6     12     0.06          133.6             0.0285              42.6523                     0.554113
6     12     0.06          133.6             0.0291              43.0051                     0.5564
6     12     0.06          133.6             0.0297              43.9049                     0.562191
6     12     0.06          133.6             0.0303              45.0351                     0.569381
6     12     0.06          133.6             0.0309              45.9781                     0.575311
6     12     0.06          133.6             0.0315              48.6272                     0.591653
6     12     0.06          133.6             0.0321              49.0088                     0.593969
6     12     0.06          133.6             0.0327              51.4347                     0.608493
6     12     0.06          133.6             0.0333              53.1048                     0.618293
6     12     0.06          133.6             0.0339              55.5596                     0.632422
6     12     0.06          133.6             0.0345              55.9987                     0.634916
6     12     0.06          133.6             0.0351              57.5824                     0.643831
6     12     0.06          133.6             0.0357              58.6478                     0.64976
6     12     0.06          133.6             0.0363              61.1386                     0.663414
6     12     0.06          133.6             0.0369              63.2334                     0.674684
6     12     0.06          133.6             0.0375              66.1993                     0.690325
6     12     0.06          133.6             0.0381              67.4375                     0.696751
6     12     0.06          133.6             0.0387              70.1658                     0.710706
6     12     0.06          133.6             0.0393              72.7789                     0.723819
6     12     0.06          133.6             0.0399              76.0903                     0.740102
6     12     0.06          133.6             0.0405              78.8474                     0.753392
6     12     0.06          133.6             0.0411              80.8702                     0.762995
6     12     0.06          133.6             0.0417              84.9015                     0.781781
6     12     0.06          133.6             0.0423              91.2364                     0.810422
6     12     0.06          133.6             0.0429              94.3174                     0.823992
6     12     0.06          133.6             0.0435              98.723                     0.843017
6     12     0.06          133.6             0.0441              105.403                     0.871073
6     12     0.06          133.6             0.0447              111.674                     0.896607
6     12     0.06          133.6             0.0453              116.763                     0.916811
6     12     0.06          133.6             0.0459              125.553                     0.950692
6     12     0.06          133.6             0.0465              131.492                     0.972918
6     12     0.06          133.6             0.0471              140.396                     1.00532
6     12     0.06          133.6             0.0477              154.211                     1.05362
6     12     0.06          133.6             0.0483              167.197                     1.09709
6     12     0.06          133.6             0.0489              179.291                     1.13607
6     12     0.06          133.6             0.0495              196.921                     1.19062
6     12     0.06          133.6             0.0501              219.078                     1.25582
6     12     0.06          133.6             0.0507              247.571                     1.33499
6     12     0.06          133.6             0.0513              278.345                     1.41553
6     12     0.06          133.6             0.0519              322.07                     1.52266
6     12     0.06          133.6             0.0525              388.01                     1.67128
6     12     0.06          133.6             0.0531              476.655                     1.85238
6     12     0.06          133.6             0.0537              630.628                     2.13066
6     12     0.06          133.6             0.0543              939.56                     2.6007
6     12     0.06          133.6             0.0549              1411.09                     3.18716
6     12     0.06          133.6             0.0555              0                     0
6     12     0.06          133.6             0.0561              0                     0
6     12     0.06          133.6             0.0567              0                     0
6     12     0.06          133.6             0.0573              0                     0
6     12     0.06          133.6             0.0579              0                     0
6     12     0.06          133.6             0.0585              0                     0
6     12     0.06          133.6             0.0591              0                     0
*******************************************************************************************************
 Average angle 134.136 +- 0.123502 deg 
 Average E' 0.0125179 +- 1.15255e-05 GeV 
