*******************************************************************************************************
Z     A     E(GeV)     Theta(deg)     Energy Loss(GeV)     Sigma(nb/sr/GeV)     ERROR     Citation     
*******************************************************************************************************
6     12     0.12          140.4             0.0006              0                     0
6     12     0.12          140.4             0.0018              0                     0
6     12     0.12          140.4             0.003              0                     0
6     12     0.12          140.4             0.0042              0                     0
6     12     0.12          140.4             0.0054              0                     0
6     12     0.12          140.4             0.0066              0.0156246                     0.00902088
6     12     0.12          140.4             0.0078              0                     0
6     12     0.12          140.4             0.009              0                     0
6     12     0.12          140.4             0.0102              0.0156246                     0.00902088
6     12     0.12          140.4             0.0114              0                     0
6     12     0.12          140.4             0.0126              0.0104164                     0.00736552
6     12     0.12          140.4             0.0138              0.0208328                     0.0104164
6     12     0.12          140.4             0.015              0.0104164                     0.00736552
6     12     0.12          140.4             0.0162              0.00520821                     0.00520821
6     12     0.12          140.4             0.0174              0.00520821                     0.00520821
6     12     0.12          140.4             0.0186              0                     0
6     12     0.12          140.4             0.0198              0.0104164                     0.00736552
6     12     0.12          140.4             0.021              0.0208328                     0.0104164
6     12     0.12          140.4             0.0222              0.00520821                     0.00520821
6     12     0.12          140.4             0.0234              0.0781231                     0.0201713
6     12     0.12          140.4             0.0246              0.34895                     0.042631
6     12     0.12          140.4             0.0258              0.572903                     0.0546242
6     12     0.12          140.4             0.027              0.770815                     0.0633606
6     12     0.12          140.4             0.0282              1.31247                     0.0826777
6     12     0.12          140.4             0.0294              1.48955                     0.0880788
6     12     0.12          140.4             0.0306              1.86975                     0.0986815
6     12     0.12          140.4             0.0318              2.26036                     0.108501
6     12     0.12          140.4             0.033              2.75514                     0.119789
6     12     0.12          140.4             0.0342              3.11972                     0.127468
6     12     0.12          140.4             0.0354              3.49471                     0.134912
6     12     0.12          140.4             0.0366              3.73949                     0.139557
6     12     0.12          140.4             0.0378              3.85928                     0.141774
6     12     0.12          140.4             0.039              4.05719                     0.145364
6     12     0.12          140.4             0.0402              4.34885                     0.150498
6     12     0.12          140.4             0.0414              4.24469                     0.148685
6     12     0.12          140.4             0.0426              4.63531                     0.155376
6     12     0.12          140.4             0.0438              4.91655                     0.16002
6     12     0.12          140.4             0.045              4.98946                     0.161202
6     12     0.12          140.4             0.0462              5.21342                     0.16478
6     12     0.12          140.4             0.0474              4.81759                     0.158401
6     12     0.12          140.4             0.0486              5.42175                     0.16804
6     12     0.12          140.4             0.0498              5.0103                     0.161538
6     12     0.12          140.4             0.051              5.38008                     0.167393
6     12     0.12          140.4             0.0522              5.48945                     0.169086
6     12     0.12          140.4             0.0534              5.7134                     0.172501
6     12     0.12          140.4             0.0546              6.05194                     0.177538
6     12     0.12          140.4             0.0558              6.2811                     0.180868
6     12     0.12          140.4             0.057              6.32797                     0.181542
6     12     0.12          140.4             0.0582              6.29672                     0.181093
6     12     0.12          140.4             0.0594              6.19256                     0.179589
6     12     0.12          140.4             0.0606              6.06235                     0.177691
6     12     0.12          140.4             0.0618              5.91132                     0.175463
6     12     0.12          140.4             0.063              5.85923                     0.174689
6     12     0.12          140.4             0.0642              5.74465                     0.172972
6     12     0.12          140.4             0.0654              5.24467                     0.165273
6     12     0.12          140.4             0.0666              5.46341                     0.168685
6     12     0.12          140.4             0.0678              5.19258                     0.164451
6     12     0.12          140.4             0.069              5.46341                     0.168685
6     12     0.12          140.4             0.0702              4.99467                     0.161286
6     12     0.12          140.4             0.0714              4.66135                     0.155812
6     12     0.12          140.4             0.0726              4.43739                     0.152023
6     12     0.12          140.4             0.0738              4.6978                     0.15642
6     12     0.12          140.4             0.075              4.33323                     0.150228
6     12     0.12          140.4             0.0762              4.32281                     0.150047
6     12     0.12          140.4             0.0774              3.96865                     0.143769
6     12     0.12          140.4             0.0786              3.65095                     0.137895
6     12     0.12          140.4             0.0798              3.65616                     0.137993
6     12     0.12          140.4             0.081              3.22909                     0.129683
6     12     0.12          140.4             0.0822              3.11451                     0.127362
6     12     0.12          140.4             0.0834              3.28638                     0.130829
6     12     0.12          140.4             0.0846              2.61452                     0.116692
6     12     0.12          140.4             0.0858              2.64577                     0.117387
6     12     0.12          140.4             0.087              2.49473                     0.113987
6     12     0.12          140.4             0.0882              2.13537                     0.105458
6     12     0.12          140.4             0.0894              1.93225                     0.100317
6     12     0.12          140.4             0.0906              1.74996                     0.095468
6     12     0.12          140.4             0.0918              1.74475                     0.0953259
6     12     0.12          140.4             0.093              1.3333                     0.0833313
6     12     0.12          140.4             0.0942              1.30205                     0.082349
6     12     0.12          140.4             0.0954              0.953102                     0.0704553
6     12     0.12          140.4             0.0966              0.770815                     0.0633606
6     12     0.12          140.4             0.0978              0.442698                     0.0480173
6     12     0.12          140.4             0.099              0.29166                     0.0389747
6     12     0.12          140.4             0.1002              0.130205                     0.026041
6     12     0.12          140.4             0.1014              0.0729149                     0.0194873
6     12     0.12          140.4             0.1026              0                     0
6     12     0.12          140.4             0.1038              0                     0
6     12     0.12          140.4             0.105              0                     0
6     12     0.12          140.4             0.1062              0                     0
6     12     0.12          140.4             0.1074              0                     0
6     12     0.12          140.4             0.1086              0                     0
6     12     0.12          140.4             0.1098              0                     0
6     12     0.12          140.4             0.111              0                     0
6     12     0.12          140.4             0.1122              0                     0
6     12     0.12          140.4             0.1134              0                     0
6     12     0.12          140.4             0.1146              0                     0
6     12     0.12          140.4             0.1158              0                     0
6     12     0.12          140.4             0.117              0                     0
6     12     0.12          140.4             0.1182              0                     0
*******************************************************************************************************
 Average angle 141.792 +- 0.667369 deg 
 Average E' 0.0601424 +- 0.000283071 GeV 
