*******************************************************************************************************
Z     A     E(GeV)     Theta(deg)     Energy Loss(GeV)     Sigma(nb/sr/GeV)     ERROR     Citation     
*******************************************************************************************************
6     12     0.2          124             0.001              0                     0
6     12     0.2          124             0.003              0                     0
6     12     0.2          124             0.005              0                     0
6     12     0.2          124             0.007              0                     0
6     12     0.2          124             0.009              0                     0
6     12     0.2          124             0.011              0                     0
6     12     0.2          124             0.013              0                     0
6     12     0.2          124             0.015              0                     0
6     12     0.2          124             0.017              0                     0
6     12     0.2          124             0.019              0                     0
6     12     0.2          124             0.021              0                     0
6     12     0.2          124             0.023              0                     0
6     12     0.2          124             0.025              0                     0
6     12     0.2          124             0.027              0                     0
6     12     0.2          124             0.029              0                     0
6     12     0.2          124             0.031              0                     0
6     12     0.2          124             0.033              0.0408626                     0.010921
6     12     0.2          124             0.035              0.169288                     0.0222286
6     12     0.2          124             0.037              0.37652                     0.0331507
6     12     0.2          124             0.039              0.811415                     0.0486654
6     12     0.2          124             0.041              1.15875                     0.0581558
6     12     0.2          124             0.043              1.60532                     0.0684509
6     12     0.2          124             0.045              2.14237                     0.0790763
6     12     0.2          124             0.047              2.7232                     0.0891536
6     12     0.2          124             0.049              2.99465                     0.0934914
6     12     0.2          124             0.051              3.49959                     0.101067
6     12     0.2          124             0.053              3.96951                     0.107638
6     12     0.2          124             0.055              4.48321                     0.114391
6     12     0.2          124             0.057              4.72839                     0.117478
6     12     0.2          124             0.059              5.37343                     0.125235
6     12     0.2          124             0.061              5.2742                     0.124073
6     12     0.2          124             0.063              5.54856                     0.127259
6     12     0.2          124             0.065              5.48435                     0.126521
6     12     0.2          124             0.067              5.42013                     0.125778
6     12     0.2          124             0.069              5.42889                     0.125879
6     12     0.2          124             0.071              5.38511                     0.125371
6     12     0.2          124             0.073              5.56607                     0.12746
6     12     0.2          124             0.075              4.88892                     0.119455
6     12     0.2          124             0.077              5.0261                     0.12112
6     12     0.2          124             0.079              4.94438                     0.120131
6     12     0.2          124             0.081              4.91811                     0.119811
6     12     0.2          124             0.083              4.80136                     0.118381
6     12     0.2          124             0.085              4.36938                     0.11293
6     12     0.2          124             0.087              4.16215                     0.110219
6     12     0.2          124             0.089              4.09502                     0.109327
6     12     0.2          124             0.091              3.96367                     0.107559
6     12     0.2          124             0.093              3.75936                     0.10475
6     12     0.2          124             0.095              3.64261                     0.103111
6     12     0.2          124             0.097              3.53462                     0.101571
6     12     0.2          124             0.099              3.38868                     0.0994521
6     12     0.2          124             0.101              3.17853                     0.096319
6     12     0.2          124             0.103              2.86622                     0.0914648
6     12     0.2          124             0.105              2.66191                     0.0881446
6     12     0.2          124             0.107              2.65607                     0.0880478
6     12     0.2          124             0.109              2.44884                     0.0845433
6     12     0.2          124             0.111              2.38463                     0.0834275
6     12     0.2          124             0.113              2.18615                     0.0798802
6     12     0.2          124             0.115              1.97892                     0.0759999
6     12     0.2          124             0.117              1.9293                     0.075041
6     12     0.2          124             0.119              1.68996                     0.0702324
6     12     0.2          124             0.121              1.58489                     0.0680139
6     12     0.2          124             0.123              1.45646                     0.0652001
6     12     0.2          124             0.125              1.35722                     0.0629397
6     12     0.2          124             0.127              1.24047                     0.0601717
6     12     0.2          124             0.129              1.14123                     0.0577147
6     12     0.2          124             0.131              0.928165                     0.0520489
6     12     0.2          124             0.133              0.925246                     0.051967
6     12     0.2          124             0.135              0.934002                     0.0522123
6     12     0.2          124             0.137              0.855196                     0.0499611
6     12     0.2          124             0.139              0.773471                     0.0475139
6     12     0.2          124             0.141              0.86979                     0.0503856
6     12     0.2          124             0.143              0.910652                     0.0515555
6     12     0.2          124             0.145              0.849359                     0.0497903
6     12     0.2          124             0.147              0.951515                     0.0526995
6     12     0.2          124             0.149              1.01573                     0.0544487
6     12     0.2          124             0.151              1.03032                     0.0548385
6     12     0.2          124             0.153              1.05367                     0.0554564
6     12     0.2          124             0.155              1.05951                     0.0556098
6     12     0.2          124             0.157              0.98654                     0.0536607
6     12     0.2          124             0.159              1.03324                     0.0549161
6     12     0.2          124             0.161              1.05951                     0.0556098
6     12     0.2          124             0.163              1.07702                     0.0560675
6     12     0.2          124             0.165              1.01573                     0.0544487
6     12     0.2          124             0.167              0.875627                     0.0505544
6     12     0.2          124             0.169              0.93984                     0.0523752
6     12     0.2          124             0.171              0.977784                     0.053422
6     12     0.2          124             0.173              0.948596                     0.0526187
6     12     0.2          124             0.175              0.805577                     0.04849
6     12     0.2          124             0.177              0.834765                     0.0493607
6     12     0.2          124             0.179              0.755958                     0.046973
6     12     0.2          124             0.181              0.706339                     0.0454052
6     12     0.2          124             0.183              0.551645                     0.0401263
6     12     0.2          124             0.185              0.0321063                     0.00968042
6     12     0.2          124             0.187              0.011675                     0.00583752
6     12     0.2          124             0.189              0.0233501                     0.00825549
6     12     0.2          124             0.191              0.0321063                     0.00968042
6     12     0.2          124             0.193              0.0262688                     0.00875627
6     12     0.2          124             0.195              0.0788065                     0.0151663
6     12     0.2          124             0.197              0.0671314                     0.0139979
*******************************************************************************************************
 Average angle 124.578 +- 0.496922 deg 
 Average E' 0.110226 +- 0.000439676 GeV 
