*******************************************************************************************************
Z     A     E(GeV)     Theta(deg)     Energy Loss(GeV)     Sigma(nb/sr/GeV)     ERROR     Citation     
*******************************************************************************************************
6     12     0.56          56.88             0.0028              0                     0
6     12     0.56          56.88             0.0084              0                     0
6     12     0.56          56.88             0.014              0                     0
6     12     0.56          56.88             0.0196              0                     0
6     12     0.56          56.88             0.0252              0                     0
6     12     0.56          56.88             0.0308              0                     0
6     12     0.56          56.88             0.0364              0                     0
6     12     0.56          56.88             0.042              0                     0
6     12     0.56          56.88             0.0476              0                     0
6     12     0.56          56.88             0.0532              0.00626389                     0.00313194
6     12     0.56          56.88             0.0588              0.155031                     0.0155812
6     12     0.56          56.88             0.0644              0.429076                     0.0259214
6     12     0.56          56.88             0.07              0.715649                     0.0334766
6     12     0.56          56.88             0.0756              1.0492                     0.0405342
6     12     0.56          56.88             0.0812              1.59103                     0.049915
6     12     0.56          56.88             0.0868              2.07804                     0.0570452
6     12     0.56          56.88             0.0924              2.50399                     0.0626193
6     12     0.56          56.88             0.098              3.09279                     0.0695933
6     12     0.56          56.88             0.1036              3.61426                     0.0752318
6     12     0.56          56.88             0.1092              3.97444                     0.0788914
6     12     0.56          56.88             0.1148              4.67129                     0.0855284
6     12     0.56          56.88             0.1204              5.18806                     0.0901352
6     12     0.56          56.88             0.126              5.39321                     0.0919
6     12     0.56          56.88             0.1316              5.80506                     0.0953444
6     12     0.56          56.88             0.1372              5.81132                     0.0953958
6     12     0.56          56.88             0.1428              5.86926                     0.0958702
6     12     0.56          56.88             0.1484              5.87866                     0.0959469
6     12     0.56          56.88             0.154              5.4903                     0.0927235
6     12     0.56          56.88             0.1596              5.25227                     0.0906912
6     12     0.56          56.88             0.1652              5.01737                     0.0886401
6     12     0.56          56.88             0.1708              4.40508                     0.0830556
6     12     0.56          56.88             0.1764              4.32365                     0.0822843
6     12     0.56          56.88             0.182              3.99479                     0.0790932
6     12     0.56          56.88             0.1876              3.69256                     0.0760424
6     12     0.56          56.88             0.1932              3.32769                     0.0721877
6     12     0.56          56.88             0.1988              3.19615                     0.0707466
6     12     0.56          56.88             0.2044              3.04268                     0.0690272
6     12     0.56          56.88             0.21              2.67468                     0.0647184
6     12     0.56          56.88             0.2156              2.55567                     0.0632621
6     12     0.56          56.88             0.2212              2.50869                     0.062678
6     12     0.56          56.88             0.2268              2.43195                     0.061712
6     12     0.56          56.88             0.2324              2.46014                     0.0620686
6     12     0.56          56.88             0.238              2.52278                     0.0628538
6     12     0.56          56.88             0.2436              2.52435                     0.0628733
6     12     0.56          56.88             0.2492              2.60421                     0.0638601
6     12     0.56          56.88             0.2548              2.82501                     0.0665123
6     12     0.56          56.88             0.2604              3.07087                     0.0693462
6     12     0.56          56.88             0.266              3.36997                     0.0726449
6     12     0.56          56.88             0.2716              3.50308                     0.0740656
6     12     0.56          56.88             0.2772              3.82567                     0.0774008
6     12     0.56          56.88             0.2828              4.26727                     0.0817461
6     12     0.56          56.88             0.2884              4.41604                     0.0831588
6     12     0.56          56.88             0.294              4.79814                     0.0866819
6     12     0.56          56.88             0.2996              5.21625                     0.0903797
6     12     0.56          56.88             0.3052              5.38068                     0.0917932
6     12     0.56          56.88             0.3108              5.79253                     0.0952414
6     12     0.56          56.88             0.3164              5.94756                     0.0965075
6     12     0.56          56.88             0.322              6.35315                     0.0997439
6     12     0.56          56.88             0.3276              6.37664                     0.0999281
6     12     0.56          56.88             0.3332              6.70079                     0.102437
6     12     0.56          56.88             0.3388              7.05313                     0.105095
6     12     0.56          56.88             0.3444              6.89654                     0.103922
6     12     0.56          56.88             0.35              7.14709                     0.105793
6     12     0.56          56.88             0.3556              7.05157                     0.105084
6     12     0.56          56.88             0.3612              7.15179                     0.105828
6     12     0.56          56.88             0.3668              7.24262                     0.106498
6     12     0.56          56.88             0.3724              7.30682                     0.106969
6     12     0.56          56.88             0.378              7.27863                     0.106762
6     12     0.56          56.88             0.3836              6.99519                     0.104663
6     12     0.56          56.88             0.3892              7.06253                     0.105165
6     12     0.56          56.88             0.3948              6.75247                     0.102831
6     12     0.56          56.88             0.4004              6.66477                     0.102161
6     12     0.56          56.88             0.406              6.66321                     0.102149
6     12     0.56          56.88             0.4116              6.22317                     0.0987183
6     12     0.56          56.88             0.4172              5.99924                     0.0969259
6     12     0.56          56.88             0.4228              5.39634                     0.0919267
6     12     0.56          56.88             0.4284              5.32117                     0.0912842
6     12     0.56          56.88             0.434              5.04713                     0.0889025
6     12     0.56          56.88             0.4396              4.84512                     0.0871052
6     12     0.56          56.88             0.4452              4.45989                     0.0835707
6     12     0.56          56.88             0.4508              4.20933                     0.0811892
6     12     0.56          56.88             0.4564              4.00419                     0.0791861
6     12     0.56          56.88             0.462              3.87891                     0.0779376
6     12     0.56          56.88             0.4676              3.71918                     0.076316
6     12     0.56          56.88             0.4732              3.58294                     0.0749052
6     12     0.56          56.88             0.4788              3.33865                     0.0723065
6     12     0.56          56.88             0.4844              3.04425                     0.069045
6     12     0.56          56.88             0.49              2.72009                     0.0652655
6     12     0.56          56.88             0.4956              2.74045                     0.0655093
6     12     0.56          56.88             0.5012              2.64806                     0.0643955
6     12     0.56          56.88             0.5068              2.45701                     0.0620291
6     12     0.56          56.88             0.5124              2.36931                     0.0609121
6     12     0.56          56.88             0.518              2.08118                     0.0570882
6     12     0.56          56.88             0.5236              2.04516                     0.056592
6     12     0.56          56.88             0.5292              1.99975                     0.0559602
6     12     0.56          56.88             0.5348              1.85881                     0.0539522
6     12     0.56          56.88             0.5404              1.79774                     0.0530585
6     12     0.56          56.88             0.546              1.58789                     0.0498658
6     12     0.56          56.88             0.5516              1.54405                     0.0491725
*******************************************************************************************************
 Average angle 57.2153 +- 0.117267 deg 
 Average E' 0.248043 +- 0.000508384 GeV 
