*******************************************************************************************************
Z     A     E(GeV)     Theta(deg)     Energy Loss(GeV)     Sigma(nb/sr/GeV)     ERROR     Citation     
*******************************************************************************************************
6     12     0.12          160.8             0.0006              0                     0
6     12     0.12          160.8             0.0018              0                     0
6     12     0.12          160.8             0.003              0                     0
6     12     0.12          160.8             0.0042              0                     0
6     12     0.12          160.8             0.0054              0                     0
6     12     0.12          160.8             0.0066              0                     0
6     12     0.12          160.8             0.0078              0                     0
6     12     0.12          160.8             0.009              0                     0
6     12     0.12          160.8             0.0102              0                     0
6     12     0.12          160.8             0.0114              0                     0
6     12     0.12          160.8             0.0126              0.0201896                     0.0142762
6     12     0.12          160.8             0.0138              0                     0
6     12     0.12          160.8             0.015              0.0302843                     0.0174847
6     12     0.12          160.8             0.0162              0.0100948                     0.0100948
6     12     0.12          160.8             0.0174              0                     0
6     12     0.12          160.8             0.0186              0.0302843                     0.0174847
6     12     0.12          160.8             0.0198              0.0403791                     0.0201896
6     12     0.12          160.8             0.021              0.0302843                     0.0174847
6     12     0.12          160.8             0.0222              0.0100948                     0.0100948
6     12     0.12          160.8             0.0234              0.0100948                     0.0100948
6     12     0.12          160.8             0.0246              0.161517                     0.0403791
6     12     0.12          160.8             0.0258              0.292749                     0.0543621
6     12     0.12          160.8             0.027              0.504739                     0.0713809
6     12     0.12          160.8             0.0282              0.797488                     0.0897244
6     12     0.12          160.8             0.0294              1.08014                     0.104421
6     12     0.12          160.8             0.0306              1.25175                     0.112411
6     12     0.12          160.8             0.0318              1.66564                     0.12967
6     12     0.12          160.8             0.033              1.66564                     0.12967
6     12     0.12          160.8             0.0342              2.02905                     0.143118
6     12     0.12          160.8             0.0354              2.47322                     0.158008
6     12     0.12          160.8             0.0366              2.44294                     0.157038
6     12     0.12          160.8             0.0378              2.7155                     0.165567
6     12     0.12          160.8             0.039              2.58426                     0.161517
6     12     0.12          160.8             0.0402              3.10919                     0.177163
6     12     0.12          160.8             0.0414              3.34137                     0.183658
6     12     0.12          160.8             0.0426              3.44232                     0.186412
6     12     0.12          160.8             0.0438              3.60384                     0.190735
6     12     0.12          160.8             0.045              3.77545                     0.195224
6     12     0.12          160.8             0.0462              3.80573                     0.196005
6     12     0.12          160.8             0.0474              3.96725                     0.200121
6     12     0.12          160.8             0.0486              4.21962                     0.206388
6     12     0.12          160.8             0.0498              4.12877                     0.204154
6     12     0.12          160.8             0.051              3.82592                     0.196524
6     12     0.12          160.8             0.0522              4.4417                     0.21175
6     12     0.12          160.8             0.0534              4.54265                     0.214143
6     12     0.12          160.8             0.0546              4.66379                     0.216979
6     12     0.12          160.8             0.0558              4.73445                     0.218617
6     12     0.12          160.8             0.057              4.97673                     0.224141
6     12     0.12          160.8             0.0582              4.55275                     0.21438
6     12     0.12          160.8             0.0594              4.8455                     0.221166
6     12     0.12          160.8             0.0606              4.4417                     0.21175
6     12     0.12          160.8             0.0618              4.29028                     0.208109
6     12     0.12          160.8             0.063              4.77483                     0.219547
6     12     0.12          160.8             0.0642              4.61332                     0.215802
6     12     0.12          160.8             0.0654              4.33066                     0.209086
6     12     0.12          160.8             0.0666              3.93696                     0.199356
6     12     0.12          160.8             0.0678              4.03791                     0.201896
6     12     0.12          160.8             0.069              3.90668                     0.198588
6     12     0.12          160.8             0.0702              3.56346                     0.189664
6     12     0.12          160.8             0.0714              3.96725                     0.200121
6     12     0.12          160.8             0.0726              3.70478                     0.193388
6     12     0.12          160.8             0.0738              3.12938                     0.177737
6     12     0.12          160.8             0.075              3.39185                     0.18504
6     12     0.12          160.8             0.0762              3.41204                     0.18559
6     12     0.12          160.8             0.0774              3.32118                     0.183103
6     12     0.12          160.8             0.0786              2.80635                     0.168314
6     12     0.12          160.8             0.0798              3.15967                     0.178595
6     12     0.12          160.8             0.081              2.88711                     0.170718
6     12     0.12          160.8             0.0822              2.79625                     0.168011
6     12     0.12          160.8             0.0834              2.61455                     0.16246
6     12     0.12          160.8             0.0846              2.22085                     0.14973
6     12     0.12          160.8             0.0858              2.22085                     0.14973
6     12     0.12          160.8             0.087              2.01896                     0.142762
6     12     0.12          160.8             0.0882              2.14009                     0.146982
6     12     0.12          160.8             0.0894              1.61517                     0.12769
6     12     0.12          160.8             0.0906              1.38299                     0.118156
6     12     0.12          160.8             0.0918              1.20128                     0.110121
6     12     0.12          160.8             0.093              1.28204                     0.113762
6     12     0.12          160.8             0.0942              1.31232                     0.115098
6     12     0.12          160.8             0.0954              1.10033                     0.105393
6     12     0.12          160.8             0.0966              0.777298                     0.0885814
6     12     0.12          160.8             0.0978              0.555213                     0.0748649
6     12     0.12          160.8             0.099              0.323033                     0.0571047
6     12     0.12          160.8             0.1002              0.272559                     0.052454
6     12     0.12          160.8             0.1014              0.090853                     0.0302843
6     12     0.12          160.8             0.1026              0.0100948                     0.0100948
6     12     0.12          160.8             0.1038              0                     0
6     12     0.12          160.8             0.105              0                     0
6     12     0.12          160.8             0.1062              0                     0
6     12     0.12          160.8             0.1074              0                     0
6     12     0.12          160.8             0.1086              0                     0
6     12     0.12          160.8             0.1098              0                     0
6     12     0.12          160.8             0.111              0                     0
6     12     0.12          160.8             0.1122              0                     0
6     12     0.12          160.8             0.1134              0                     0
6     12     0.12          160.8             0.1146              0                     0
6     12     0.12          160.8             0.1158              0                     0
6     12     0.12          160.8             0.117              0                     0
6     12     0.12          160.8             0.1182              0                     0
*******************************************************************************************************
 Average angle 162.195 +- 1.20984 deg 
 Average E' 0.0590135 +- 0.000440191 GeV 
