*******************************************************************************************************
Z     A     E(GeV)     Theta(deg)     Energy Loss(GeV)     Sigma(nb/sr/GeV)     ERROR     Citation     
*******************************************************************************************************
6     12     0.16          100             0.0008              0                     0
6     12     0.16          100             0.0024              0                     0
6     12     0.16          100             0.004              0                     0
6     12     0.16          100             0.0056              0                     0
6     12     0.16          100             0.0072              0                     0
6     12     0.16          100             0.0088              0.00309332                     0.00309332
6     12     0.16          100             0.0104              0                     0
6     12     0.16          100             0.012              0                     0
6     12     0.16          100             0.0136              0.00309332                     0.00309332
6     12     0.16          100             0.0152              0                     0
6     12     0.16          100             0.0168              0.00309332                     0.00309332
6     12     0.16          100             0.0184              0.00309332                     0.00309332
6     12     0.16          100             0.02              0.00309332                     0.00309332
6     12     0.16          100             0.0216              0.00309332                     0.00309332
6     12     0.16          100             0.0232              0.00309332                     0.00309332
6     12     0.16          100             0.0248              0.473278                     0.0382623
6     12     0.16          100             0.0264              1.67658                     0.0720153
6     12     0.16          100             0.028              3.43049                     0.103013
6     12     0.16          100             0.0296              5.84328                     0.134444
6     12     0.16          100             0.0312              7.90344                     0.156358
6     12     0.16          100             0.0328              10.3905                     0.179279
6     12     0.16          100             0.0344              13.2611                     0.202536
6     12     0.16          100             0.036              15.0768                     0.215957
6     12     0.16          100             0.0376              17.7928                     0.234603
6     12     0.16          100             0.0392              20.0818                     0.249238
6     12     0.16          100             0.0408              21.3284                     0.256857
6     12     0.16          100             0.0424              22.9803                     0.266618
6     12     0.16          100             0.044              23.7072                     0.270803
6     12     0.16          100             0.0456              25.2198                     0.279308
6     12     0.16          100             0.0472              25.3776                     0.28018
6     12     0.16          100             0.0488              27.0573                     0.289304
6     12     0.16          100             0.0504              27.3511                     0.290871
6     12     0.16          100             0.052              28.0657                     0.294646
6     12     0.16          100             0.0536              28.7741                     0.298341
6     12     0.16          100             0.0552              29.2999                     0.301055
6     12     0.16          100             0.0568              29.3618                     0.301373
6     12     0.16          100             0.0584              29.1855                     0.300466
6     12     0.16          100             0.06              28.143                     0.295052
6     12     0.16          100             0.0616              27.2336                     0.290245
6     12     0.16          100             0.0632              26.3798                     0.285659
6     12     0.16          100             0.0648              25.3621                     0.280095
6     12     0.16          100             0.0664              24.1186                     0.273142
6     12     0.16          100             0.068              23.1844                     0.2678
6     12     0.16          100             0.0696              22.6864                     0.264908
6     12     0.16          100             0.0712              21.2326                     0.256279
6     12     0.16          100             0.0728              20.2489                     0.250272
6     12     0.16          100             0.0744              19.9829                     0.248623
6     12     0.16          100             0.076              18.9064                     0.241834
6     12     0.16          100             0.0776              17.4463                     0.232308
6     12     0.16          100             0.0792              16.8029                     0.227984
6     12     0.16          100             0.0808              15.8471                     0.221405
6     12     0.16          100             0.0824              14.5695                     0.212293
6     12     0.16          100             0.084              14.319                     0.21046
6     12     0.16          100             0.0856              13.1621                     0.201778
6     12     0.16          100             0.0872              12.4599                     0.196322
6     12     0.16          100             0.0888              11.2628                     0.186653
6     12     0.16          100             0.0904              10.4523                     0.179812
6     12     0.16          100             0.092              9.83676                     0.174437
6     12     0.16          100             0.0936              9.19954                     0.168692
6     12     0.16          100             0.0952              8.14162                     0.158697
6     12     0.16          100             0.0968              7.4116                     0.151415
6     12     0.16          100             0.0984              6.79293                     0.144958
6     12     0.16          100             0.1              6.04744                     0.136772
6     12     0.16          100             0.1016              5.82163                     0.134195
6     12     0.16          100             0.1032              4.86889                     0.122723
6     12     0.16          100             0.1048              4.09865                     0.112599
6     12     0.16          100             0.1064              3.69961                     0.106977
6     12     0.16          100             0.108              3.1954                     0.0994203
6     12     0.16          100             0.1096              2.83348                     0.0936209
6     12     0.16          100             0.1112              2.30762                     0.0844879
6     12     0.16          100             0.1128              2.01375                     0.0789252
6     12     0.16          100             0.1144              1.54047                     0.0690303
6     12     0.16          100             0.116              1.30538                     0.063545
6     12     0.16          100             0.1176              1.25279                     0.0622519
6     12     0.16          100             0.1192              1.30847                     0.0636202
6     12     0.16          100             0.1208              1.13216                     0.0591787
6     12     0.16          100             0.1224              1.31775                     0.0638454
6     12     0.16          100             0.124              1.21568                     0.0613227
6     12     0.16          100             0.1256              1.26826                     0.062635
6     12     0.16          100             0.1272              1.17546                     0.0602999
6     12     0.16          100             0.1288              1.1569                     0.059822
6     12     0.16          100             0.1304              1.16309                     0.0599817
6     12     0.16          100             0.132              1.08576                     0.0579533
6     12     0.16          100             0.1336              0.337172                     0.0322952
6     12     0.16          100             0.1352              0                     0
6     12     0.16          100             0.1368              0                     0
6     12     0.16          100             0.1384              0                     0
6     12     0.16          100             0.14              0                     0
6     12     0.16          100             0.1416              0                     0
6     12     0.16          100             0.1432              0                     0
6     12     0.16          100             0.1448              0                     0
6     12     0.16          100             0.1464              0                     0
6     12     0.16          100             0.148              0                     0
6     12     0.16          100             0.1496              0                     0
6     12     0.16          100             0.1512              0                     0
6     12     0.16          100             0.1528              0                     0
6     12     0.16          100             0.1544              0                     0
6     12     0.16          100             0.156              0                     0
6     12     0.16          100             0.1576              0                     0
*******************************************************************************************************
 Average angle 99.9554 +- 0.186453 deg 
 Average E' 0.0962991 +- 0.000179633 GeV 
