*******************************************************************************************************
Z     A     E(GeV)     Theta(deg)     Energy Loss(GeV)     Sigma(nb/sr/GeV)     ERROR     Citation     
*******************************************************************************************************
6     12     0.24          51.2             0.0012              0                     0
6     12     0.24          51.2             0.0036              0                     0
6     12     0.24          51.2             0.006              0                     0
6     12     0.24          51.2             0.0084              0                     0
6     12     0.24          51.2             0.0108              0                     0
6     12     0.24          51.2             0.0132              0                     0
6     12     0.24          51.2             0.0156              0                     0
6     12     0.24          51.2             0.018              0                     0
6     12     0.24          51.2             0.0204              0                     0
6     12     0.24          51.2             0.0228              1.93246                     0.0731972
6     12     0.24          51.2             0.0252              11.7001                     0.180108
6     12     0.24          51.2             0.0276              26.3807                     0.270447
6     12     0.24          51.2             0.03              42.0594                     0.341484
6     12     0.24          51.2             0.0324              57.131                     0.397992
6     12     0.24          51.2             0.0348              70.8135                     0.443095
6     12     0.24          51.2             0.0372              80.0211                     0.471022
6     12     0.24          51.2             0.0396              86.2565                     0.489029
6     12     0.24          51.2             0.042              90.3682                     0.500549
6     12     0.24          51.2             0.0444              93.8366                     0.510065
6     12     0.24          51.2             0.0468              95.4087                     0.514319
6     12     0.24          51.2             0.0492              97.4659                     0.519835
6     12     0.24          51.2             0.0516              99.7227                     0.525819
6     12     0.24          51.2             0.054              103.075                     0.534583
6     12     0.24          51.2             0.0564              103.449                     0.535553
6     12     0.24          51.2             0.0588              99.3485                     0.524831
6     12     0.24          51.2             0.0612              92.9245                     0.507579
6     12     0.24          51.2             0.0636              85.9876                     0.488266
6     12     0.24          51.2             0.066              79.7688                     0.470279
6     12     0.24          51.2             0.0684              73.6304                     0.451822
6     12     0.24          51.2             0.0708              68.4818                     0.435739
6     12     0.24          51.2             0.0732              62.7592                     0.417136
6     12     0.24          51.2             0.0756              56.6846                     0.396435
6     12     0.24          51.2             0.078              52.7615                     0.38247
6     12     0.24          51.2             0.0804              47.3855                     0.362461
6     12     0.24          51.2             0.0828              42.1703                     0.341934
6     12     0.24          51.2             0.0852              38.4274                     0.326407
6     12     0.24          51.2             0.0876              33.9692                     0.306889
6     12     0.24          51.2             0.09              30.3205                     0.289939
6     12     0.24          51.2             0.0924              27.1071                     0.274145
6     12     0.24          51.2             0.0948              23.3864                     0.254636
6     12     0.24          51.2             0.0972              20.1758                     0.236513
6     12     0.24          51.2             0.0996              17.0262                     0.217269
6     12     0.24          51.2             0.102              14.2315                     0.198639
6     12     0.24          51.2             0.1044              11.8055                     0.180918
6     12     0.24          51.2             0.1068              9.76766                     0.164564
6     12     0.24          51.2             0.1092              7.63558                     0.145499
6     12     0.24          51.2             0.1116              6.06077                     0.129629
6     12     0.24          51.2             0.114              4.34457                     0.109752
6     12     0.24          51.2             0.1164              3.14129                     0.0933239
6     12     0.24          51.2             0.1188              2.01286                     0.0747044
6     12     0.24          51.2             0.1212              1.15892                     0.0566847
6     12     0.24          51.2             0.1236              0.601641                     0.0408421
6     12     0.24          51.2             0.126              0.266164                     0.0271652
6     12     0.24          51.2             0.1284              0.288344                     0.0282745
6     12     0.24          51.2             0.1308              0.238439                     0.0257115
6     12     0.24          51.2             0.1332              0.37152                     0.0320945
6     12     0.24          51.2             0.1356              0.429744                     0.0345179
6     12     0.24          51.2             0.138              0.396473                     0.0331548
6     12     0.24          51.2             0.1404              0.499057                     0.0371975
6     12     0.24          51.2             0.1428              0.526783                     0.0382168
6     12     0.24          51.2             0.1452              0.643229                     0.0422301
6     12     0.24          51.2             0.1476              0.651547                     0.0425022
6     12     0.24          51.2             0.15              0.737496                     0.0452188
6     12     0.24          51.2             0.1524              0.701453                     0.0441
6     12     0.24          51.2             0.1548              0.8179                     0.04762
6     12     0.24          51.2             0.1572              0.898303                     0.0499057
6     12     0.24          51.2             0.1596              1.00366                     0.0527512
6     12     0.24          51.2             0.162              1.03416                     0.0535467
6     12     0.24          51.2             0.1644              1.12011                     0.0557274
6     12     0.24          51.2             0.1668              1.21437                     0.058025
6     12     0.24          51.2             0.1692              1.36964                     0.0616228
6     12     0.24          51.2             0.1716              1.45558                     0.0635269
6     12     0.24          51.2             0.174              1.48608                     0.064189
6     12     0.24          51.2             0.1764              1.68293                     0.0683081
6     12     0.24          51.2             0.1788              1.64134                     0.0674588
6     12     0.24          51.2             0.1812              1.80492                     0.0707405
6     12     0.24          51.2             0.1836              1.51658                     0.0648443
6     12     0.24          51.2             0.186              0.845625                     0.0484203
6     12     0.24          51.2             0.1884              0.213486                     0.0243289
6     12     0.24          51.2             0.1908              0.177443                     0.0221803
6     12     0.24          51.2             0.1932              0.180215                     0.0223529
6     12     0.24          51.2             0.1956              0.171898                     0.021831
6     12     0.24          51.2             0.198              0.213486                     0.0243289
6     12     0.24          51.2             0.2004              0.166352                     0.021476
6     12     0.24          51.2             0.2028              0.238439                     0.0257115
6     12     0.24          51.2             0.2052              0.188533                     0.022863
6     12     0.24          51.2             0.2076              0.221803                     0.0247984
6     12     0.24          51.2             0.21              0.213486                     0.0243289
6     12     0.24          51.2             0.2124              0.199623                     0.0235258
6     12     0.24          51.2             0.2148              0.205168                     0.0238503
6     12     0.24          51.2             0.2172              0.202395                     0.0236886
6     12     0.24          51.2             0.2196              0.266164                     0.0271652
6     12     0.24          51.2             0.222              0.282799                     0.0280013
6     12     0.24          51.2             0.2244              0.299434                     0.0288131
6     12     0.24          51.2             0.2268              0.255074                     0.0265933
6     12     0.24          51.2             0.2292              0.227348                     0.0251064
6     12     0.24          51.2             0.2316              0.252301                     0.0264484
6     12     0.24          51.2             0.234              0.213486                     0.0243289
6     12     0.24          51.2             0.2364              0                     0
*******************************************************************************************************
 Average angle 51.7634 +- 0.0594672 deg 
 Average E' 0.179076 +- 0.000205727 GeV 
