*******************************************************************************************************
Z     A     E(GeV)     Theta(deg)     Energy Loss(GeV)     Sigma(nb/sr/GeV)     ERROR     Citation     
*******************************************************************************************************
6     12     0.2          70.8             0.001              0                     0
6     12     0.2          70.8             0.003              0                     0
6     12     0.2          70.8             0.005              0                     0
6     12     0.2          70.8             0.007              0                     0
6     12     0.2          70.8             0.009              0                     0
6     12     0.2          70.8             0.011              0                     0
6     12     0.2          70.8             0.013              0                     0
6     12     0.2          70.8             0.015              0                     0
6     12     0.2          70.8             0.017              0                     0
6     12     0.2          70.8             0.019              0                     0
6     12     0.2          70.8             0.021              0                     0
6     12     0.2          70.8             0.023              0.0922422                     0.0153737
6     12     0.2          70.8             0.025              1.60911                     0.0642106
6     12     0.2          70.8             0.027              4.9324                     0.11242
6     12     0.2          70.8             0.029              9.13454                     0.152988
6     12     0.2          70.8             0.031              14.0029                     0.189418
6     12     0.2          70.8             0.033              19.1608                     0.221575
6     12     0.2          70.8             0.035              23.7114                     0.246486
6     12     0.2          70.8             0.037              28.326                     0.269406
6     12     0.2          70.8             0.039              32.4026                     0.28814
6     12     0.2          70.8             0.041              35.0367                     0.299623
6     12     0.2          70.8             0.043              37.3709                     0.309443
6     12     0.2          70.8             0.045              38.5521                     0.314295
6     12     0.2          70.8             0.047              39.7615                     0.319187
6     12     0.2          70.8             0.049              41.0888                     0.32447
6     12     0.2          70.8             0.051              41.837                     0.327411
6     12     0.2          70.8             0.053              43.4205                     0.33355
6     12     0.2          70.8             0.055              44.3992                     0.337288
6     12     0.2          70.8             0.057              44.0943                     0.336128
6     12     0.2          70.8             0.059              42.4493                     0.329799
6     12     0.2          70.8             0.061              40.935                     0.323863
6     12     0.2          70.8             0.063              38.5393                     0.314243
6     12     0.2          70.8             0.065              36.9609                     0.307741
6     12     0.2          70.8             0.067              34.6549                     0.297986
6     12     0.2          70.8             0.069              32.91                     0.290387
6     12     0.2          70.8             0.071              30.8473                     0.28114
6     12     0.2          70.8             0.073              28.9205                     0.272218
6     12     0.2          70.8             0.075              27.2883                     0.264425
6     12     0.2          70.8             0.077              25.6408                     0.256318
6     12     0.2          70.8             0.079              24.2443                     0.249241
6     12     0.2          70.8             0.081              22.215                     0.238581
6     12     0.2          70.8             0.083              20.0396                     0.226599
6     12     0.2          70.8             0.085              19.0224                     0.220773
6     12     0.2          70.8             0.087              17.6003                     0.212361
6     12     0.2          70.8             0.089              16.0835                     0.203003
6     12     0.2          70.8             0.091              14.5281                     0.192938
6     12     0.2          70.8             0.093              13.2086                     0.183968
6     12     0.2          70.8             0.095              11.6661                     0.172892
6     12     0.2          70.8             0.097              10.2645                     0.162175
6     12     0.2          70.8             0.099              9.25497                     0.153993
6     12     0.2          70.8             0.101              8.04813                     0.143602
6     12     0.2          70.8             0.103              6.89254                     0.132893
6     12     0.2          70.8             0.105              5.97781                     0.123761
6     12     0.2          70.8             0.107              4.97595                     0.112915
6     12     0.2          70.8             0.109              4.33026                     0.105334
6     12     0.2          70.8             0.111              3.72556                     0.0977033
6     12     0.2          70.8             0.113              2.79545                     0.084633
6     12     0.2          70.8             0.115              2.45211                     0.0792653
6     12     0.2          70.8             0.117              1.86278                     0.0690867
6     12     0.2          70.8             0.119              1.38876                     0.0596522
6     12     0.2          70.8             0.121              1.09922                     0.0530708
6     12     0.2          70.8             0.123              0.88655                     0.0476612
6     12     0.2          70.8             0.125              0.727688                     0.0431804
6     12     0.2          70.8             0.127              0.79687                     0.0451864
6     12     0.2          70.8             0.129              0.807119                     0.045476
6     12     0.2          70.8             0.131              0.968543                     0.0498165
6     12     0.2          70.8             0.133              0.958294                     0.0495522
6     12     0.2          70.8             0.135              1.05822                     0.0520718
6     12     0.2          70.8             0.137              1.10434                     0.0531944
6     12     0.2          70.8             0.139              1.04541                     0.0517556
6     12     0.2          70.8             0.141              1.17096                     0.0547754
6     12     0.2          70.8             0.143              1.15047                     0.0542938
6     12     0.2          70.8             0.145              1.2299                     0.0561368
6     12     0.2          70.8             0.147              1.20684                     0.055608
6     12     0.2          70.8             0.149              1.2837                     0.0573517
6     12     0.2          70.8             0.151              1.25039                     0.0566027
6     12     0.2          70.8             0.153              1.22221                     0.0559611
6     12     0.2          70.8             0.155              1.17609                     0.0548951
6     12     0.2          70.8             0.157              1.3042                     0.0578077
6     12     0.2          70.8             0.159              1.17865                     0.0549549
6     12     0.2          70.8             0.161              1.26833                     0.0570072
6     12     0.2          70.8             0.163              0.694379                     0.0421805
6     12     0.2          70.8             0.165              0.0307474                     0.00887601
6     12     0.2          70.8             0.167              0.00768685                     0.004438
6     12     0.2          70.8             0.169              0.0153737                     0.00627629
6     12     0.2          70.8             0.171              0.0281851                     0.00849813
6     12     0.2          70.8             0.173              0.0230606                     0.00768685
6     12     0.2          70.8             0.175              0.017936                     0.00677916
6     12     0.2          70.8             0.177              0.0128114                     0.00572944
6     12     0.2          70.8             0.179              0.0307474                     0.00887601
6     12     0.2          70.8             0.181              0.0333097                     0.00923844
6     12     0.2          70.8             0.183              0.035872                     0.00958719
6     12     0.2          70.8             0.185              0.0409965                     0.0102491
6     12     0.2          70.8             0.187              0.0435588                     0.0105646
6     12     0.2          70.8             0.189              0.0794308                     0.0142662
6     12     0.2          70.8             0.191              0.0794308                     0.0142662
6     12     0.2          70.8             0.193              0.0999291                     0.0160015
6     12     0.2          70.8             0.195              0.0973668                     0.015795
6     12     0.2          70.8             0.197              0.0128114                     0.00572944
*******************************************************************************************************
 Average angle 71.3735 +- 0.109787 deg 
 Average E' 0.136258 +- 0.000209592 GeV 
