*******************************************************************************************************
Z     A     E(GeV)     Theta(deg)     Energy Loss(GeV)     Sigma(nb/sr/GeV)     ERROR     Citation     
*******************************************************************************************************
6     12     0.4          121.1             0.002              0                     0
6     12     0.4          121.1             0.006              0                     0
6     12     0.4          121.1             0.01              0                     0
6     12     0.4          121.1             0.014              0                     0
6     12     0.4          121.1             0.018              0                     0
6     12     0.4          121.1             0.022              0                     0
6     12     0.4          121.1             0.026              0                     0
6     12     0.4          121.1             0.03              0                     0
6     12     0.4          121.1             0.034              0                     0
6     12     0.4          121.1             0.038              0                     0
6     12     0.4          121.1             0.042              0                     0
6     12     0.4          121.1             0.046              0                     0
6     12     0.4          121.1             0.05              0                     0
6     12     0.4          121.1             0.054              0                     0
6     12     0.4          121.1             0.058              0                     0
6     12     0.4          121.1             0.062              0                     0
6     12     0.4          121.1             0.066              0                     0
6     12     0.4          121.1             0.07              0                     0
6     12     0.4          121.1             0.074              0                     0
6     12     0.4          121.1             0.078              0                     0
6     12     0.4          121.1             0.082              0                     0
6     12     0.4          121.1             0.086              0                     0
6     12     0.4          121.1             0.09              0.0086296                     0.00385927
6     12     0.4          121.1             0.094              0.022437                     0.00622289
6     12     0.4          121.1             0.098              0.0414221                     0.00845525
6     12     0.4          121.1             0.102              0.043148                     0.0086296
6     12     0.4          121.1             0.106              0.0828442                     0.0119575
6     12     0.4          121.1             0.11              0.0793923                     0.0117058
6     12     0.4          121.1             0.114              0.144977                     0.0158183
6     12     0.4          121.1             0.118              0.153607                     0.0162823
6     12     0.4          121.1             0.122              0.219192                     0.0194501
6     12     0.4          121.1             0.126              0.272695                     0.0216945
6     12     0.4          121.1             0.13              0.352088                     0.0246511
6     12     0.4          121.1             0.134              0.407317                     0.0265141
6     12     0.4          121.1             0.138              0.441836                     0.0276147
6     12     0.4          121.1             0.142              0.483258                     0.0288802
6     12     0.4          121.1             0.146              0.541939                     0.0305834
6     12     0.4          121.1             0.15              0.628235                     0.0329285
6     12     0.4          121.1             0.154              0.661027                     0.0337769
6     12     0.4          121.1             0.158              0.648946                     0.0334668
6     12     0.4          121.1             0.162              0.773212                     0.0365308
6     12     0.4          121.1             0.166              0.788745                     0.036896
6     12     0.4          121.1             0.17              0.838797                     0.0380486
6     12     0.4          121.1             0.174              0.806005                     0.0372974
6     12     0.4          121.1             0.178              0.849153                     0.0382828
6     12     0.4          121.1             0.182              0.845701                     0.0382049
6     12     0.4          121.1             0.186              0.842249                     0.0381268
6     12     0.4          121.1             0.19              0.750775                     0.0359969
6     12     0.4          121.1             0.194              0.738694                     0.0357061
6     12     0.4          121.1             0.198              0.754227                     0.0360796
6     12     0.4          121.1             0.202              0.702449                     0.0348191
6     12     0.4          121.1             0.206              0.692094                     0.0345615
6     12     0.4          121.1             0.21              0.667931                     0.0339528
6     12     0.4          121.1             0.214              0.636864                     0.0331538
6     12     0.4          121.1             0.218              0.560924                     0.0311145
6     12     0.4          121.1             0.222              0.583361                     0.0317307
6     12     0.4          121.1             0.226              0.512598                     0.029744
6     12     0.4          121.1             0.23              0.491887                     0.0291369
6     12     0.4          121.1             0.234              0.491887                     0.0291369
6     12     0.4          121.1             0.238              0.52468                     0.0300924
6     12     0.4          121.1             0.242              0.484984                     0.0289317
6     12     0.4          121.1             0.246              0.536761                     0.0304369
6     12     0.4          121.1             0.25              0.488435                     0.0290345
6     12     0.4          121.1             0.254              0.526406                     0.0301419
6     12     0.4          121.1             0.258              0.552294                     0.0308742
6     12     0.4          121.1             0.262              0.586813                     0.0318244
6     12     0.4          121.1             0.266              0.631687                     0.0330188
6     12     0.4          121.1             0.27              0.633413                     0.0330639
6     12     0.4          121.1             0.274              0.738694                     0.0357061
6     12     0.4          121.1             0.278              0.811182                     0.0374171
6     12     0.4          121.1             0.282              0.895752                     0.0393192
6     12     0.4          121.1             0.286              0.995856                     0.041458
6     12     0.4          121.1             0.29              1.05281                     0.0426271
6     12     0.4          121.1             0.294              1.08733                     0.0433202
6     12     0.4          121.1             0.298              1.19951                     0.0455002
6     12     0.4          121.1             0.302              1.23748                     0.0462147
6     12     0.4          121.1             0.306              1.25992                     0.0466318
6     12     0.4          121.1             0.31              1.34277                     0.0481405
6     12     0.4          121.1             0.314              1.50328                     0.0509366
6     12     0.4          121.1             0.318              1.6448                     0.0532804
6     12     0.4          121.1             0.322              1.56196                     0.0519212
6     12     0.4          121.1             0.326              1.75008                     0.0549591
6     12     0.4          121.1             0.33              1.82257                     0.0560858
6     12     0.4          121.1             0.334              1.8312                     0.0562184
6     12     0.4          121.1             0.338              1.85536                     0.0565881
6     12     0.4          121.1             0.342              1.94856                     0.0579919
6     12     0.4          121.1             0.346              1.96582                     0.0582482
6     12     0.4          121.1             0.35              2.09699                     0.0601601
6     12     0.4          121.1             0.354              2.05557                     0.059563
6     12     0.4          121.1             0.358              2.02968                     0.0591867
6     12     0.4          121.1             0.362              2.04522                     0.0594128
6     12     0.4          121.1             0.366              2.08146                     0.0599369
6     12     0.4          121.1             0.37              1.82775                     0.0561654
6     12     0.4          121.1             0.374              1.85364                     0.0565617
6     12     0.4          121.1             0.378              1.84156                     0.0563771
6     12     0.4          121.1             0.382              1.86399                     0.0567195
6     12     0.4          121.1             0.386              1.78633                     0.0555253
6     12     0.4          121.1             0.39              1.61891                     0.0528594
6     12     0.4          121.1             0.394              1.44459                     0.0499325
*******************************************************************************************************
 Average angle 121.528 +- 0.588238 deg 
 Average E' 0.104607 +- 0.000506335 GeV 
