*******************************************************************************************************
Z     A     E(GeV)     Theta(deg)     Energy Loss(GeV)     Sigma(nb/sr/GeV)     ERROR     Citation     
*******************************************************************************************************
6     12     0.08          105.6             0.0004              0.260851                     0.0299216
6     12     0.08          105.6             0.0012              0.267715                     0.0303128
6     12     0.08          105.6             0.002              0.281444                     0.0310803
6     12     0.08          105.6             0.0028              0.312335                     0.0327416
6     12     0.08          105.6             0.0036              0.30547                     0.0323798
6     12     0.08          105.6             0.0044              0.27458                     0.030699
6     12     0.08          105.6             0.0052              0.319199                     0.0330994
6     12     0.08          105.6             0.006              0.398141                     0.0369664
6     12     0.08          105.6             0.0068              0.422166                     0.0380655
6     12     0.08          105.6             0.0076              0.439328                     0.0388314
6     12     0.08          105.6             0.0084              0.463353                     0.0398791
6     12     0.08          105.6             0.0092              0.432463                     0.0385269
6     12     0.08          105.6             0.01              0.538863                     0.0430059
6     12     0.08          105.6             0.0108              0.405005                     0.0372837
6     12     0.08          105.6             0.0116              0.47365                     0.0403198
6     12     0.08          105.6             0.0124              0.501108                     0.041472
6     12     0.08          105.6             0.0132              0.562889                     0.0439542
6     12     0.08          105.6             0.014              0.538863                     0.0430059
6     12     0.08          105.6             0.0148              0.54916                     0.0434149
6     12     0.08          105.6             0.0156              0.528566                     0.0425931
6     12     0.08          105.6             0.0164              0.531998                     0.0427311
6     12     0.08          105.6             0.0172              0.552592                     0.0435503
6     12     0.08          105.6             0.018              0.964461                     0.0575349
6     12     0.08          105.6             0.0188              4.33493                     0.121978
6     12     0.08          105.6             0.0196              10.0393                     0.185627
6     12     0.08          105.6             0.0204              15.6682                     0.231899
6     12     0.08          105.6             0.0212              22.1071                     0.275458
6     12     0.08          105.6             0.022              27.4202                     0.306778
6     12     0.08          105.6             0.0228              31.0859                     0.326641
6     12     0.08          105.6             0.0236              34.4186                     0.343705
6     12     0.08          105.6             0.0244              36.3509                     0.353221
6     12     0.08          105.6             0.0252              38.5682                     0.363834
6     12     0.08          105.6             0.026              39.9891                     0.370476
6     12     0.08          105.6             0.0268              41.0291                     0.375263
6     12     0.08          105.6             0.0276              41.0874                     0.375529
6     12     0.08          105.6             0.0284              43.0301                     0.384304
6     12     0.08          105.6             0.0292              43.7646                     0.38757
6     12     0.08          105.6             0.03              44.3824                     0.390296
6     12     0.08          105.6             0.0308              45.6661                     0.3959
6     12     0.08          105.6             0.0316              45.9784                     0.397252
6     12     0.08          105.6             0.0324              46.5722                     0.399809
6     12     0.08          105.6             0.0332              47.4371                     0.403504
6     12     0.08          105.6             0.034              48.9919                     0.410064
6     12     0.08          105.6             0.0348              49.3248                     0.411455
6     12     0.08          105.6             0.0356              50.1108                     0.41472
6     12     0.08          105.6             0.0364              51.7549                     0.421468
6     12     0.08          105.6             0.0372              52.6747                     0.425197
6     12     0.08          105.6             0.038              53.5465                     0.428701
6     12     0.08          105.6             0.0388              54.8919                     0.434054
6     12     0.08          105.6             0.0396              56.3953                     0.439957
6     12     0.08          105.6             0.0404              57.0165                     0.442374
6     12     0.08          105.6             0.0412              57.9707                     0.44606
6     12     0.08          105.6             0.042              60.03                     0.453914
6     12     0.08          105.6             0.0428              61.3068                     0.458716
6     12     0.08          105.6             0.0436              61.9933                     0.461277
6     12     0.08          105.6             0.0444              64.2723                     0.469679
6     12     0.08          105.6             0.0452              66.0914                     0.476279
6     12     0.08          105.6             0.046              67.859                     0.482606
6     12     0.08          105.6             0.0468              69.6849                     0.489056
6     12     0.08          105.6             0.0476              71.3564                     0.494887
6     12     0.08          105.6             0.0484              73.0828                     0.500838
6     12     0.08          105.6             0.0492              75.9659                     0.510621
6     12     0.08          105.6             0.05              77.5688                     0.51598
6     12     0.08          105.6             0.0508              81.1521                     0.527763
6     12     0.08          105.6             0.0516              83.4208                     0.535089
6     12     0.08          105.6             0.0524              86.1425                     0.543749
6     12     0.08          105.6             0.0532              90.5255                     0.55741
6     12     0.08          105.6             0.054              95.1213                     0.571384
6     12     0.08          105.6             0.0548              98.4986                     0.581439
6     12     0.08          105.6             0.0556              104.145                     0.597871
6     12     0.08          105.6             0.0564              110.594                     0.616105
6     12     0.08          105.6             0.0572              112.657                     0.621824
6     12     0.08          105.6             0.058              111.222                     0.617852
6     12     0.08          105.6             0.0588              108.837                     0.611191
6     12     0.08          105.6             0.0596              108.603                     0.610535
6     12     0.08          105.6             0.0604              104.32                     0.598374
6     12     0.08          105.6             0.0612              104.821                     0.599809
6     12     0.08          105.6             0.062              101.951                     0.591543
6     12     0.08          105.6             0.0628              100.702                     0.587907
6     12     0.08          105.6             0.0636              100.043                     0.58598
6     12     0.08          105.6             0.0644              97.6783                     0.579013
6     12     0.08          105.6             0.0652              95.8764                     0.573648
6     12     0.08          105.6             0.066              95.1076                     0.571343
6     12     0.08          105.6             0.0668              93.3194                     0.565946
6     12     0.08          105.6             0.0676              91.5586                     0.560582
6     12     0.08          105.6             0.0684              92.3343                     0.562951
6     12     0.08          105.6             0.0692              91.6685                     0.560918
6     12     0.08          105.6             0.07              91.9121                     0.561663
6     12     0.08          105.6             0.0708              92.3927                     0.563129
6     12     0.08          105.6             0.0716              95.2723                     0.571838
6     12     0.08          105.6             0.0724              99.1919                     0.583482
6     12     0.08          105.6             0.0732              107.896                     0.608544
6     12     0.08          105.6             0.074              123.887                     0.652082
6     12     0.08          105.6             0.0748              137.159                     0.686123
6     12     0.08          105.6             0.0756              0                     0
6     12     0.08          105.6             0.0764              0                     0
6     12     0.08          105.6             0.0772              0                     0
6     12     0.08          105.6             0.078              0                     0
6     12     0.08          105.6             0.0788              0                     0
*******************************************************************************************************
 Average angle 106.026 +- 0.0873146 deg 
 Average E' 0.0268595 +- 2.21193e-05 GeV 
