*******************************************************************************************************
Z     A     E(GeV)     Theta(deg)     Energy Loss(GeV)     Sigma(nb/sr/GeV)     ERROR     Citation     
*******************************************************************************************************
6     12     0.56          105.48             0.0028              0                     0
6     12     0.56          105.48             0.0084              0                     0
6     12     0.56          105.48             0.014              0                     0
6     12     0.56          105.48             0.0196              0                     0
6     12     0.56          105.48             0.0252              0                     0
6     12     0.56          105.48             0.0308              0                     0
6     12     0.56          105.48             0.0364              0                     0
6     12     0.56          105.48             0.042              0                     0
6     12     0.56          105.48             0.0476              0                     0
6     12     0.56          105.48             0.0532              0                     0
6     12     0.56          105.48             0.0588              0                     0
6     12     0.56          105.48             0.0644              0                     0
6     12     0.56          105.48             0.07              0                     0
6     12     0.56          105.48             0.0756              0                     0
6     12     0.56          105.48             0.0812              0                     0
6     12     0.56          105.48             0.0868              0                     0
6     12     0.56          105.48             0.0924              0                     0
6     12     0.56          105.48             0.098              0                     0
6     12     0.56          105.48             0.1036              0                     0
6     12     0.56          105.48             0.1092              0                     0
6     12     0.56          105.48             0.1148              0                     0
6     12     0.56          105.48             0.1204              0                     0
6     12     0.56          105.48             0.126              0                     0
6     12     0.56          105.48             0.1316              0                     0
6     12     0.56          105.48             0.1372              0                     0
6     12     0.56          105.48             0.1428              0                     0
6     12     0.56          105.48             0.1484              0                     0
6     12     0.56          105.48             0.154              0.00136091                     0.00136091
6     12     0.56          105.48             0.1596              0.00544366                     0.00272183
6     12     0.56          105.48             0.1652              0.0108873                     0.00384925
6     12     0.56          105.48             0.1708              0.031301                     0.00652671
6     12     0.56          105.48             0.1764              0.0367447                     0.00707152
6     12     0.56          105.48             0.182              0.0612411                     0.00912929
6     12     0.56          105.48             0.1876              0.0707675                     0.00981369
6     12     0.56          105.48             0.1932              0.0979858                     0.0115477
6     12     0.56          105.48             0.1988              0.13473                     0.0135409
6     12     0.56          105.48             0.2044              0.159227                     0.0147205
6     12     0.56          105.48             0.21              0.221829                     0.017375
6     12     0.56          105.48             0.2156              0.250408                     0.0184603
6     12     0.56          105.48             0.2212              0.25313                     0.0185604
6     12     0.56          105.48             0.2268              0.274905                     0.0193422
6     12     0.56          105.48             0.2324              0.323897                     0.0209952
6     12     0.56          105.48             0.238              0.425966                     0.024077
6     12     0.56          105.48             0.2436              0.442297                     0.0245342
6     12     0.56          105.48             0.2492              0.46135                     0.0250571
6     12     0.56          105.48             0.2548              0.449102                     0.0247222
6     12     0.56          105.48             0.2604              0.470876                     0.0253145
6     12     0.56          105.48             0.266              0.468154                     0.0252412
6     12     0.56          105.48             0.2716              0.47632                     0.0254604
6     12     0.56          105.48             0.2772              0.424605                     0.0240385
6     12     0.56          105.48             0.2828              0.44638                     0.0246472
6     12     0.56          105.48             0.2884              0.474959                     0.025424
6     12     0.56          105.48             0.294              0.423244                     0.024
6     12     0.56          105.48             0.2996              0.408274                     0.0235717
6     12     0.56          105.48             0.3052              0.43141                     0.0242304
6     12     0.56          105.48             0.3108              0.44638                     0.0246472
6     12     0.56          105.48             0.3164              0.451823                     0.024797
6     12     0.56          105.48             0.322              0.425966                     0.024077
6     12     0.56          105.48             0.3276              0.428688                     0.0241538
6     12     0.56          105.48             0.3332              0.412357                     0.0236893
6     12     0.56          105.48             0.3388              0.508982                     0.0263188
6     12     0.56          105.48             0.3444              0.459989                     0.0250201
6     12     0.56          105.48             0.35              0.532117                     0.0269103
6     12     0.56          105.48             0.3556              0.548448                     0.0273202
6     12     0.56          105.48             0.3612              0.557975                     0.0275564
6     12     0.56          105.48             0.3668              0.574306                     0.0279568
6     12     0.56          105.48             0.3724              0.617855                     0.0289974
6     12     0.56          105.48             0.378              0.65596                     0.0298782
6     12     0.56          105.48             0.3836              0.753946                     0.0320321
6     12     0.56          105.48             0.3892              0.813826                     0.0332798
6     12     0.56          105.48             0.3948              0.906369                     0.0351211
6     12     0.56          105.48             0.4004              0.956722                     0.0360835
6     12     0.56          105.48             0.406              0.978497                     0.0364918
6     12     0.56          105.48             0.4116              1.0656                     0.0380813
6     12     0.56          105.48             0.4172              1.14453                     0.0394665
6     12     0.56          105.48             0.4228              1.17447                     0.0399794
6     12     0.56          105.48             0.4284              1.23027                     0.040918
6     12     0.56          105.48             0.434              1.17039                     0.0399098
6     12     0.56          105.48             0.4396              1.25748                     0.0413682
6     12     0.56          105.48             0.4452              1.23299                     0.0409633
6     12     0.56          105.48             0.4508              1.3405                     0.0427119
6     12     0.56          105.48             0.4564              1.23707                     0.041031
6     12     0.56          105.48             0.462              1.24251                     0.0411212
6     12     0.56          105.48             0.4676              1.25748                     0.0413682
6     12     0.56          105.48             0.4732              1.24388                     0.0411437
6     12     0.56          105.48             0.4788              1.08465                     0.0384202
6     12     0.56          105.48             0.4844              1.10234                     0.0387323
6     12     0.56          105.48             0.49              1.08329                     0.0383961
6     12     0.56          105.48             0.4956              1.12411                     0.039113
6     12     0.56          105.48             0.5012              1.0479                     0.0377638
6     12     0.56          105.48             0.5068              0.9227                     0.0354361
6     12     0.56          105.48             0.5124              0.903647                     0.0350683
6     12     0.56          105.48             0.518              0.845127                     0.0339138
6     12     0.56          105.48             0.5236              0.801578                     0.0330285
6     12     0.56          105.48             0.5292              0.718563                     0.0312714
6     12     0.56          105.48             0.5348              0.679096                     0.0304005
6     12     0.56          105.48             0.5404              0.695427                     0.0307639
6     12     0.56          105.48             0.546              0.630103                     0.0292834
6     12     0.56          105.48             0.5516              0.552531                     0.0274217
*******************************************************************************************************
 Average angle 105.821 +- 0.575666 deg 
 Average E' 0.147695 +- 0.000803462 GeV 
