*******************************************************************************************************
Z     A     E(GeV)     Theta(deg)     Energy Loss(GeV)     Sigma(nb/sr/GeV)     ERROR     Citation     
*******************************************************************************************************
6     12     0.4          139.7             0.002              0                     0
6     12     0.4          139.7             0.006              0                     0
6     12     0.4          139.7             0.01              0                     0
6     12     0.4          139.7             0.014              0                     0
6     12     0.4          139.7             0.018              0                     0
6     12     0.4          139.7             0.022              0                     0
6     12     0.4          139.7             0.026              0                     0
6     12     0.4          139.7             0.03              0                     0
6     12     0.4          139.7             0.034              0                     0
6     12     0.4          139.7             0.038              0                     0
6     12     0.4          139.7             0.042              0                     0
6     12     0.4          139.7             0.046              0                     0
6     12     0.4          139.7             0.05              0                     0
6     12     0.4          139.7             0.054              0                     0
6     12     0.4          139.7             0.058              0                     0
6     12     0.4          139.7             0.062              0                     0
6     12     0.4          139.7             0.066              0                     0
6     12     0.4          139.7             0.07              0                     0
6     12     0.4          139.7             0.074              0                     0
6     12     0.4          139.7             0.078              0                     0
6     12     0.4          139.7             0.082              0.0022849                     0.0022849
6     12     0.4          139.7             0.086              0                     0
6     12     0.4          139.7             0.09              0                     0
6     12     0.4          139.7             0.094              0                     0
6     12     0.4          139.7             0.098              0                     0
6     12     0.4          139.7             0.102              0                     0
6     12     0.4          139.7             0.106              0.00685469                     0.00395756
6     12     0.4          139.7             0.11              0.022849                     0.00722548
6     12     0.4          139.7             0.114              0.0297037                     0.00823832
6     12     0.4          139.7             0.118              0.0502677                     0.0107171
6     12     0.4          139.7             0.122              0.0731167                     0.0129253
6     12     0.4          139.7             0.126              0.0754016                     0.0131257
6     12     0.4          139.7             0.13              0.109675                     0.0158302
6     12     0.4          139.7             0.134              0.162228                     0.0192529
6     12     0.4          139.7             0.138              0.210211                     0.021916
6     12     0.4          139.7             0.142              0.175937                     0.0200499
6     12     0.4          139.7             0.146              0.244484                     0.0236352
6     12     0.4          139.7             0.15              0.255909                     0.0241811
6     12     0.4          139.7             0.154              0.317601                     0.0269385
6     12     0.4          139.7             0.158              0.33588                     0.0277029
6     12     0.4          139.7             0.162              0.427276                     0.0312455
6     12     0.4          139.7             0.166              0.468404                     0.0327148
6     12     0.4          139.7             0.17              0.484398                     0.0332686
6     12     0.4          139.7             0.174              0.518672                     0.0344255
6     12     0.4          139.7             0.178              0.603213                     0.0371252
6     12     0.4          139.7             0.182              0.562085                     0.0358372
6     12     0.4          139.7             0.186              0.539236                     0.0351013
6     12     0.4          139.7             0.19              0.546091                     0.0353237
6     12     0.4          139.7             0.194              0.600928                     0.0370548
6     12     0.4          139.7             0.198              0.520957                     0.0345012
6     12     0.4          139.7             0.202              0.56894                     0.0360551
6     12     0.4          139.7             0.206              0.582649                     0.0364869
6     12     0.4          139.7             0.21              0.44784                     0.0319886
6     12     0.4          139.7             0.214              0.436415                     0.0315779
6     12     0.4          139.7             0.218              0.527811                     0.0347274
6     12     0.4          139.7             0.222              0.475259                     0.0329533
6     12     0.4          139.7             0.226              0.454695                     0.0322324
6     12     0.4          139.7             0.23              0.381578                     0.0295274
6     12     0.4          139.7             0.234              0.390717                     0.0298789
6     12     0.4          139.7             0.238              0.445555                     0.0319069
6     12     0.4          139.7             0.242              0.445555                     0.0319069
6     12     0.4          139.7             0.246              0.388433                     0.0297914
6     12     0.4          139.7             0.25              0.404427                     0.0303986
6     12     0.4          139.7             0.254              0.397572                     0.0301399
6     12     0.4          139.7             0.258              0.418136                     0.0309095
6     12     0.4          139.7             0.262              0.413566                     0.0307402
6     12     0.4          139.7             0.266              0.44327                     0.0318249
6     12     0.4          139.7             0.27              0.502677                     0.0338905
6     12     0.4          139.7             0.274              0.477544                     0.0330324
6     12     0.4          139.7             0.278              0.470689                     0.0327945
6     12     0.4          139.7             0.282              0.536951                     0.0350268
6     12     0.4          139.7             0.286              0.66262                     0.0389104
6     12     0.4          139.7             0.29              0.687754                     0.0396415
6     12     0.4          139.7             0.294              0.756301                     0.0415701
6     12     0.4          139.7             0.298              0.767726                     0.0418829
6     12     0.4          139.7             0.302              0.849982                     0.0440695
6     12     0.4          139.7             0.306              0.973366                     0.0471598
6     12     0.4          139.7             0.31              1.05562                     0.049112
6     12     0.4          139.7             0.314              1.10818                     0.0503197
6     12     0.4          139.7             0.318              1.17901                     0.0519029
6     12     0.4          139.7             0.322              1.21557                     0.0527015
6     12     0.4          139.7             0.326              1.35037                     0.055547
6     12     0.4          139.7             0.33              1.45319                     0.0576229
6     12     0.4          139.7             0.334              1.52631                     0.0590548
6     12     0.4          139.7             0.338              1.4829                     0.0582089
6     12     0.4          139.7             0.342              1.55145                     0.059539
6     12     0.4          139.7             0.346              1.61771                     0.0607972
6     12     0.4          139.7             0.35              1.59257                     0.060323
6     12     0.4          139.7             0.354              1.69539                     0.0622399
6     12     0.4          139.7             0.358              1.75937                     0.0634033
6     12     0.4          139.7             0.362              1.65427                     0.0614803
6     12     0.4          139.7             0.366              1.61999                     0.0608401
6     12     0.4          139.7             0.37              1.59486                     0.0603663
6     12     0.4          139.7             0.374              1.61771                     0.0607972
6     12     0.4          139.7             0.378              1.46005                     0.0577587
6     12     0.4          139.7             0.382              1.47376                     0.0580292
6     12     0.4          139.7             0.386              1.56515                     0.0598015
6     12     0.4          139.7             0.39              1.41664                     0.0568935
6     12     0.4          139.7             0.394              1.33895                     0.0553115
*******************************************************************************************************
 Average angle 140.123 +- 0.904186 deg 
 Average E' 0.094655 +- 0.000610792 GeV 
