*******************************************************************************************************
Z     A     E(GeV)     Theta(deg)     Energy Loss(GeV)     Sigma(nb/sr/GeV)     ERROR     Citation     
*******************************************************************************************************
6     12     0.56          92.52             0.0028              0                     0
6     12     0.56          92.52             0.0084              0                     0
6     12     0.56          92.52             0.014              0                     0
6     12     0.56          92.52             0.0196              0                     0
6     12     0.56          92.52             0.0252              0                     0
6     12     0.56          92.52             0.0308              0                     0
6     12     0.56          92.52             0.0364              0                     0
6     12     0.56          92.52             0.042              0                     0
6     12     0.56          92.52             0.0476              0                     0
6     12     0.56          92.52             0.0532              0                     0
6     12     0.56          92.52             0.0588              0                     0
6     12     0.56          92.52             0.0644              0                     0
6     12     0.56          92.52             0.07              0                     0
6     12     0.56          92.52             0.0756              0                     0
6     12     0.56          92.52             0.0812              0                     0
6     12     0.56          92.52             0.0868              0                     0
6     12     0.56          92.52             0.0924              0                     0
6     12     0.56          92.52             0.098              0                     0
6     12     0.56          92.52             0.1036              0                     0
6     12     0.56          92.52             0.1092              0                     0
6     12     0.56          92.52             0.1148              0                     0
6     12     0.56          92.52             0.1204              0                     0
6     12     0.56          92.52             0.126              0                     0
6     12     0.56          92.52             0.1316              0.00787689                     0.00321573
6     12     0.56          92.52             0.1372              0.0223178                     0.00541287
6     12     0.56          92.52             0.1428              0.0223178                     0.00541287
6     12     0.56          92.52             0.1484              0.0472613                     0.00787689
6     12     0.56          92.52             0.154              0.0879586                     0.0107458
6     12     0.56          92.52             0.1596              0.112902                     0.0121745
6     12     0.56          92.52             0.1652              0.161476                     0.0145598
6     12     0.56          92.52             0.1708              0.198235                     0.0161321
6     12     0.56          92.52             0.1764              0.246809                     0.0180004
6     12     0.56          92.52             0.182              0.284881                     0.019339
6     12     0.56          92.52             0.1876              0.320327                     0.0205068
6     12     0.56          92.52             0.1932              0.406972                     0.0231145
6     12     0.56          92.52             0.1988              0.439793                     0.0240285
6     12     0.56          92.52             0.2044              0.508059                     0.0258261
6     12     0.56          92.52             0.21              0.555321                     0.0270006
6     12     0.56          92.52             0.2156              0.638028                     0.0289415
6     12     0.56          92.52             0.2212              0.728612                     0.0309279
6     12     0.56          92.52             0.2268              0.736489                     0.0310946
6     12     0.56          92.52             0.2324              0.714171                     0.0306198
6     12     0.56          92.52             0.238              0.689228                     0.0300804
6     12     0.56          92.52             0.2436              0.754868                     0.0314802
6     12     0.56          92.52             0.2492              0.722048                     0.0307882
6     12     0.56          92.52             0.2548              0.697104                     0.0302518
6     12     0.56          92.52             0.2604              0.678725                     0.0298503
6     12     0.56          92.52             0.266              0.670848                     0.0296766
6     12     0.56          92.52             0.2716              0.632777                     0.0288222
6     12     0.56          92.52             0.2772              0.626212                     0.0286723
6     12     0.56          92.52             0.2828              0.672161                     0.0297056
6     12     0.56          92.52             0.2884              0.631464                     0.0287923
6     12     0.56          92.52             0.294              0.593392                     0.0279108
6     12     0.56          92.52             0.2996              0.627525                     0.0287023
6     12     0.56          92.52             0.3052              0.605207                     0.0281873
6     12     0.56          92.52             0.3108              0.622274                     0.028582
6     12     0.56          92.52             0.3164              0.681351                     0.029908
6     12     0.56          92.52             0.322              0.716797                     0.0306761
6     12     0.56          92.52             0.3276              0.701043                     0.0303371
6     12     0.56          92.52             0.3332              0.816571                     0.0327415
6     12     0.56          92.52             0.3388              0.824447                     0.032899
6     12     0.56          92.52             0.3444              0.899278                     0.0343596
6     12     0.56          92.52             0.35              0.934724                     0.0350303
6     12     0.56          92.52             0.3556              0.976734                     0.0358088
6     12     0.56          92.52             0.3612              1.07257                     0.0375245
6     12     0.56          92.52             0.3668              1.1684                     0.039165
6     12     0.56          92.52             0.3724              1.18547                     0.03945
6     12     0.56          92.52             0.378              1.26161                     0.0406972
6     12     0.56          92.52             0.3836              1.40602                     0.0429633
6     12     0.56          92.52             0.3892              1.49136                     0.0442479
6     12     0.56          92.52             0.3948              1.4953                     0.0443063
6     12     0.56          92.52             0.4004              1.63839                     0.0463779
6     12     0.56          92.52             0.406              1.68434                     0.0470237
6     12     0.56          92.52             0.4116              1.69353                     0.0471518
6     12     0.56          92.52             0.4172              1.65283                     0.0465818
6     12     0.56          92.52             0.4228              1.82087                     0.0488924
6     12     0.56          92.52             0.4284              1.77755                     0.0483073
6     12     0.56          92.52             0.434              1.79199                     0.0485031
6     12     0.56          92.52             0.4396              1.87732                     0.0496445
6     12     0.56          92.52             0.4452              1.70535                     0.047316
6     12     0.56          92.52             0.4508              1.66596                     0.0467664
6     12     0.56          92.52             0.4564              1.60951                     0.0459673
6     12     0.56          92.52             0.462              1.59507                     0.0457606
6     12     0.56          92.52             0.4676              1.52286                     0.0447128
6     12     0.56          92.52             0.4732              1.5465                     0.0450584
6     12     0.56          92.52             0.4788              1.44541                     0.0435609
6     12     0.56          92.52             0.4844              1.38502                     0.0426412
6     12     0.56          92.52             0.49              1.32069                     0.0416392
6     12     0.56          92.52             0.4956              1.23273                     0.0402287
6     12     0.56          92.52             0.5012              1.25768                     0.0406337
6     12     0.56          92.52             0.5068              1.03318                     0.0368291
6     12     0.56          92.52             0.5124              1.06601                     0.0374095
6     12     0.56          92.52             0.518              0.992488                     0.0360964
6     12     0.56          92.52             0.5236              0.926847                     0.0348823
6     12     0.56          92.52             0.5292              0.870396                     0.0338034
6     12     0.56          92.52             0.5348              0.831012                     0.0330297
6     12     0.56          92.52             0.5404              0.757494                     0.0315349
6     12     0.56          92.52             0.546              0.733863                     0.0310391
6     12     0.56          92.52             0.5516              0.693166                     0.0301662
*******************************************************************************************************
 Average angle 92.8672 +- 0.402759 deg 
 Average E' 0.166294 +- 0.000721205 GeV 
