*******************************************************************************************************
Z     A     E(GeV)     Theta(deg)     Energy Loss(GeV)     Sigma(nb/sr/GeV)     ERROR     Citation     
*******************************************************************************************************
6     12     0.06          101.7             0.0003              0                     0
6     12     0.06          101.7             0.0009              0                     0
6     12     0.06          101.7             0.0015              0                     0
6     12     0.06          101.7             0.0021              0                     0
6     12     0.06          101.7             0.0027              0                     0
6     12     0.06          101.7             0.0033              0                     0
6     12     0.06          101.7             0.0039              0                     0
6     12     0.06          101.7             0.0045              0                     0
6     12     0.06          101.7             0.0051              0                     0
6     12     0.06          101.7             0.0057              0                     0
6     12     0.06          101.7             0.0063              0                     0
6     12     0.06          101.7             0.0069              0                     0
6     12     0.06          101.7             0.0075              0                     0
6     12     0.06          101.7             0.0081              0                     0
6     12     0.06          101.7             0.0087              0                     0
6     12     0.06          101.7             0.0093              0                     0
6     12     0.06          101.7             0.0099              0                     0
6     12     0.06          101.7             0.0105              0                     0
6     12     0.06          101.7             0.0111              0                     0
6     12     0.06          101.7             0.0117              0                     0
6     12     0.06          101.7             0.0123              0                     0
6     12     0.06          101.7             0.0129              0                     0
6     12     0.06          101.7             0.0135              0                     0
6     12     0.06          101.7             0.0141              0                     0
6     12     0.06          101.7             0.0147              0                     0
6     12     0.06          101.7             0.0153              0                     0
6     12     0.06          101.7             0.0159              0                     0
6     12     0.06          101.7             0.0165              0                     0
6     12     0.06          101.7             0.0171              2.07092                     0.105
6     12     0.06          101.7             0.0177              14.1877                     0.274829
6     12     0.06          101.7             0.0183              29.4348                     0.395856
6     12     0.06          101.7             0.0189              44.9481                     0.489173
6     12     0.06          101.7             0.0195              55.5902                     0.544009
6     12     0.06          101.7             0.0201              61.9786                     0.574418
6     12     0.06          101.7             0.0207              66.8072                     0.596374
6     12     0.06          101.7             0.0213              70.3156                     0.611833
6     12     0.06          101.7             0.0219              73.0573                     0.623647
6     12     0.06          101.7             0.0225              76.5709                     0.638468
6     12     0.06          101.7             0.0231              77.3908                     0.641877
6     12     0.06          101.7             0.0237              79.2168                     0.649405
6     12     0.06          101.7             0.0243              82.0118                     0.660762
6     12     0.06          101.7             0.0249              83.6249                     0.667229
6     12     0.06          101.7             0.0255              85.3018                     0.673886
6     12     0.06          101.7             0.0261              87.3994                     0.682121
6     12     0.06          101.7             0.0267              89.2467                     0.689292
6     12     0.06          101.7             0.0273              90.5084                     0.694147
6     12     0.06          101.7             0.0279              92.3504                     0.701175
6     12     0.06          101.7             0.0285              94.0274                     0.707513
6     12     0.06          101.7             0.0291              97.2855                     0.719666
6     12     0.06          101.7             0.0297              98.6004                     0.724514
6     12     0.06          101.7             0.0303              101.198                     0.733997
6     12     0.06          101.7             0.0309              103.088                     0.740819
6     12     0.06          101.7             0.0315              105.074                     0.74792
6     12     0.06          101.7             0.0321              106.74                     0.753827
6     12     0.06          101.7             0.0327              111.894                     0.77181
6     12     0.06          101.7             0.0333              113.949                     0.778865
6     12     0.06          101.7             0.0339              116.536                     0.787657
6     12     0.06          101.7             0.0345              119.246                     0.796762
6     12     0.06          101.7             0.0351              121.849                     0.805413
6     12     0.06          101.7             0.0357              127.551                     0.824041
6     12     0.06          101.7             0.0363              130.074                     0.832152
6     12     0.06          101.7             0.0369              134.573                     0.84642
6     12     0.06          101.7             0.0375              138.198                     0.857745
6     12     0.06          101.7             0.0381              143.682                     0.874597
6     12     0.06          101.7             0.0387              148.079                     0.887879
6     12     0.06          101.7             0.0393              152.21                     0.90018
6     12     0.06          101.7             0.0399              158.631                     0.918969
6     12     0.06          101.7             0.0405              165.812                     0.939541
6     12     0.06          101.7             0.0411              172.456                     0.958179
6     12     0.06          101.7             0.0417              180.415                     0.98004
6     12     0.06          101.7             0.0423              185.627                     0.994095
6     12     0.06          101.7             0.0429              196.051                     1.02163
6     12     0.06          101.7             0.0435              206.028                     1.0473
6     12     0.06          101.7             0.0441              215.525                     1.07116
6     12     0.06          101.7             0.0447              225.981                     1.09684
6     12     0.06          101.7             0.0453              240.339                     1.13115
6     12     0.06          101.7             0.0459              254.287                     1.16351
6     12     0.06          101.7             0.0465              274.672                     1.20924
6     12     0.06          101.7             0.0471              292.868                     1.24866
6     12     0.06          101.7             0.0477              315.201                     1.29539
6     12     0.06          101.7             0.0483              341.09                     1.34754
6     12     0.06          101.7             0.0489              373.719                     1.41052
6     12     0.06          101.7             0.0495              410.575                     1.47844
6     12     0.06          101.7             0.0501              459.591                     1.5642
6     12     0.06          101.7             0.0507              520.073                     1.66395
6     12     0.06          101.7             0.0513              602.617                     1.79113
6     12     0.06          101.7             0.0519              711.525                     1.94627
6     12     0.06          101.7             0.0525              878.013                     2.16201
6     12     0.06          101.7             0.0531              549.183                     1.70988
6     12     0.06          101.7             0.0537              0                     0
6     12     0.06          101.7             0.0543              0                     0
6     12     0.06          101.7             0.0549              0                     0
6     12     0.06          101.7             0.0555              0                     0
6     12     0.06          101.7             0.0561              0                     0
6     12     0.06          101.7             0.0567              0                     0
6     12     0.06          101.7             0.0573              0                     0
6     12     0.06          101.7             0.0579              0                     0
6     12     0.06          101.7             0.0585              0                     0
6     12     0.06          101.7             0.0591              0                     0
*******************************************************************************************************
 Average angle 102.237 +- 0.0696929 deg 
 Average E' 0.0170673 +- 1.16345e-05 GeV 
