*******************************************************************************************************
Z     A     E(GeV)     Theta(deg)     Energy Loss(GeV)     Sigma(nb/sr/GeV)     ERROR     Citation     
*******************************************************************************************************
6     12     0.06          72.7             0.0003              0                     0
6     12     0.06          72.7             0.0009              0                     0
6     12     0.06          72.7             0.0015              0                     0
6     12     0.06          72.7             0.0021              0                     0
6     12     0.06          72.7             0.0027              0                     0
6     12     0.06          72.7             0.0033              0                     0
6     12     0.06          72.7             0.0039              0                     0
6     12     0.06          72.7             0.0045              0                     0
6     12     0.06          72.7             0.0051              0                     0
6     12     0.06          72.7             0.0057              0                     0
6     12     0.06          72.7             0.0063              0                     0
6     12     0.06          72.7             0.0069              0                     0
6     12     0.06          72.7             0.0075              0                     0
6     12     0.06          72.7             0.0081              0                     0
6     12     0.06          72.7             0.0087              0                     0
6     12     0.06          72.7             0.0093              0                     0
6     12     0.06          72.7             0.0099              0                     0
6     12     0.06          72.7             0.0105              0                     0
6     12     0.06          72.7             0.0111              0                     0
6     12     0.06          72.7             0.0117              0                     0
6     12     0.06          72.7             0.0123              0                     0
6     12     0.06          72.7             0.0129              0                     0
6     12     0.06          72.7             0.0135              0                     0
6     12     0.06          72.7             0.0141              0                     0
6     12     0.06          72.7             0.0147              0                     0
6     12     0.06          72.7             0.0153              0                     0
6     12     0.06          72.7             0.0159              0                     0
6     12     0.06          72.7             0.0165              2.79012                     0.123427
6     12     0.06          72.7             0.0171              53.1214                     0.538562
6     12     0.06          72.7             0.0177              125.774                     0.828697
6     12     0.06          72.7             0.0183              178.289                     0.98665
6     12     0.06          72.7             0.0189              198.377                     1.04075
6     12     0.06          72.7             0.0195              211.061                     1.07351
6     12     0.06          72.7             0.0201              219.731                     1.09533
6     12     0.06          72.7             0.0207              227.075                     1.11349
6     12     0.06          72.7             0.0213              235.369                     1.13364
6     12     0.06          72.7             0.0219              240.354                     1.14558
6     12     0.06          72.7             0.0225              244.083                     1.15444
6     12     0.06          72.7             0.0231              245.907                     1.15874
6     12     0.06          72.7             0.0237              252.35                     1.17382
6     12     0.06          72.7             0.0243              257.368                     1.18544
6     12     0.06          72.7             0.0249              259.039                     1.18928
6     12     0.06          72.7             0.0255              262.664                     1.19757
6     12     0.06          72.7             0.0261              265.449                     1.2039
6     12     0.06          72.7             0.0267              271.608                     1.21779
6     12     0.06          72.7             0.0273              274.174                     1.22353
6     12     0.06          72.7             0.0279              282.659                     1.24232
6     12     0.06          72.7             0.0285              288.807                     1.25575
6     12     0.06          72.7             0.0291              290.674                     1.25981
6     12     0.06          72.7             0.0297              298.351                     1.27634
6     12     0.06          72.7             0.0303              301.3                     1.28263
6     12     0.06          72.7             0.0309              307.874                     1.29654
6     12     0.06          72.7             0.0315              314.683                     1.3108
6     12     0.06          72.7             0.0321              322.72                     1.32744
6     12     0.06          72.7             0.0327              331.341                     1.34505
6     12     0.06          72.7             0.0333              338.325                     1.35915
6     12     0.06          72.7             0.0339              344.702                     1.3719
6     12     0.06          72.7             0.0345              351.773                     1.3859
6     12     0.06          72.7             0.0351              364.473                     1.4107
6     12     0.06          72.7             0.0357              372.352                     1.42586
6     12     0.06          72.7             0.0363              384.135                     1.44825
6     12     0.06          72.7             0.0369              396.666                     1.47168
6     12     0.06          72.7             0.0375              407.16                     1.49102
6     12     0.06          72.7             0.0381              422.274                     1.51844
6     12     0.06          72.7             0.0387              436.569                     1.54393
6     12     0.06          72.7             0.0393              449.176                     1.56606
6     12     0.06          72.7             0.0399              466.643                     1.59622
6     12     0.06          72.7             0.0405              482.608                     1.6233
6     12     0.06          72.7             0.0411              501.555                     1.65485
6     12     0.06          72.7             0.0417              530.188                     1.70144
6     12     0.06          72.7             0.0423              547.545                     1.72906
6     12     0.06          72.7             0.0429              575.048                     1.77196
6     12     0.06          72.7             0.0435              604.784                     1.81719
6     12     0.06          72.7             0.0441              637.146                     1.86518
6     12     0.06          72.7             0.0447              675.372                     1.92031
6     12     0.06          72.7             0.0453              716.044                     1.97729
6     12     0.06          72.7             0.0459              762.433                     2.04034
6     12     0.06          72.7             0.0465              814.681                     2.10909
6     12     0.06          72.7             0.0471              880.246                     2.19231
6     12     0.06          72.7             0.0477              934.296                     2.25862
6     12     0.06          72.7             0.0483              473.932                     1.60864
6     12     0.06          72.7             0.0489              5.52017                     0.173611
6     12     0.06          72.7             0.0495              0                     0
6     12     0.06          72.7             0.0501              0                     0
6     12     0.06          72.7             0.0507              0                     0
6     12     0.06          72.7             0.0513              0                     0
6     12     0.06          72.7             0.0519              0                     0
6     12     0.06          72.7             0.0525              0                     0
6     12     0.06          72.7             0.0531              0                     0
6     12     0.06          72.7             0.0537              0                     0
6     12     0.06          72.7             0.0543              0                     0
6     12     0.06          72.7             0.0549              0                     0
6     12     0.06          72.7             0.0555              0                     0
6     12     0.06          72.7             0.0561              0                     0
6     12     0.06          72.7             0.0567              0                     0
6     12     0.06          72.7             0.0573              0                     0
6     12     0.06          72.7             0.0579              0                     0
6     12     0.06          72.7             0.0585              0                     0
6     12     0.06          72.7             0.0591              0                     0
*******************************************************************************************************
 Average angle 73.2369 +- 0.0376695 deg 
 Average E' 0.0232441 +- 1.19556e-05 GeV 
