*******************************************************************************************************
Z     A     E(GeV)     Theta(deg)     Energy Loss(GeV)     Sigma(nb/sr/GeV)     ERROR     Citation     
*******************************************************************************************************
6     12     0.56          141.12             0.0028              0                     0
6     12     0.56          141.12             0.0084              0                     0
6     12     0.56          141.12             0.014              0                     0
6     12     0.56          141.12             0.0196              0                     0
6     12     0.56          141.12             0.0252              0                     0
6     12     0.56          141.12             0.0308              0                     0
6     12     0.56          141.12             0.0364              0                     0
6     12     0.56          141.12             0.042              0                     0
6     12     0.56          141.12             0.0476              0                     0
6     12     0.56          141.12             0.0532              0                     0
6     12     0.56          141.12             0.0588              0                     0
6     12     0.56          141.12             0.0644              0                     0
6     12     0.56          141.12             0.07              0                     0
6     12     0.56          141.12             0.0756              0                     0
6     12     0.56          141.12             0.0812              0                     0
6     12     0.56          141.12             0.0868              0                     0
6     12     0.56          141.12             0.0924              0                     0
6     12     0.56          141.12             0.098              0                     0
6     12     0.56          141.12             0.1036              0                     0
6     12     0.56          141.12             0.1092              0                     0
6     12     0.56          141.12             0.1148              0                     0
6     12     0.56          141.12             0.1204              0                     0
6     12     0.56          141.12             0.126              0                     0
6     12     0.56          141.12             0.1316              0                     0
6     12     0.56          141.12             0.1372              0                     0
6     12     0.56          141.12             0.1428              0                     0
6     12     0.56          141.12             0.1484              0                     0
6     12     0.56          141.12             0.154              0                     0
6     12     0.56          141.12             0.1596              0                     0
6     12     0.56          141.12             0.1652              0                     0
6     12     0.56          141.12             0.1708              0                     0
6     12     0.56          141.12             0.1764              0                     0
6     12     0.56          141.12             0.182              0                     0
6     12     0.56          141.12             0.1876              0                     0
6     12     0.56          141.12             0.1932              0                     0
6     12     0.56          141.12             0.1988              0.00208947                     0.00208947
6     12     0.56          141.12             0.2044              0.00208947                     0.00208947
6     12     0.56          141.12             0.21              0.0104474                     0.00467221
6     12     0.56          141.12             0.2156              0.0083579                     0.00417895
6     12     0.56          141.12             0.2212              0.0188053                     0.00626842
6     12     0.56          141.12             0.2268              0.0292526                     0.0078181
6     12     0.56          141.12             0.2324              0.0271632                     0.00753371
6     12     0.56          141.12             0.238              0.0355211                     0.00861512
6     12     0.56          141.12             0.2436              0.0522369                     0.0104474
6     12     0.56          141.12             0.2492              0.0689526                     0.0120031
6     12     0.56          141.12             0.2548              0.0856684                     0.0133792
6     12     0.56          141.12             0.2604              0.0961158                     0.0141715
6     12     0.56          141.12             0.266              0.114921                     0.015496
6     12     0.56          141.12             0.2716              0.117011                     0.0156362
6     12     0.56          141.12             0.2772              0.1588                     0.0182156
6     12     0.56          141.12             0.2828              0.16089                     0.0183351
6     12     0.56          141.12             0.2884              0.167158                     0.0186888
6     12     0.56          141.12             0.294              0.246558                     0.0226975
6     12     0.56          141.12             0.2996              0.234021                     0.0221129
6     12     0.56          141.12             0.3052              0.223574                     0.0216137
6     12     0.56          141.12             0.3108              0.175516                     0.0191503
6     12     0.56          141.12             0.3164              0.225663                     0.0217145
6     12     0.56          141.12             0.322              0.196411                     0.0202582
6     12     0.56          141.12             0.3276              0.215216                     0.0212058
6     12     0.56          141.12             0.3332              0.20059                     0.0204726
6     12     0.56          141.12             0.3388              0.227753                     0.0218148
6     12     0.56          141.12             0.3444              0.206858                     0.02079
6     12     0.56          141.12             0.35              0.190142                     0.0199323
6     12     0.56          141.12             0.3556              0.213126                     0.0211027
6     12     0.56          141.12             0.3612              0.179695                     0.019377
6     12     0.56          141.12             0.3668              0.2382                     0.0223095
6     12     0.56          141.12             0.3724              0.252826                     0.0229842
6     12     0.56          141.12             0.378              0.213126                     0.0211027
6     12     0.56          141.12             0.3836              0.252826                     0.0229842
6     12     0.56          141.12             0.3892              0.267453                     0.0236397
6     12     0.56          141.12             0.3948              0.294616                     0.0248111
6     12     0.56          141.12             0.4004              0.348942                     0.027002
6     12     0.56          141.12             0.406              0.348942                     0.027002
6     12     0.56          141.12             0.4116              0.405358                     0.029103
6     12     0.56          141.12             0.4172              0.405358                     0.029103
6     12     0.56          141.12             0.4228              0.4764                     0.0315504
6     12     0.56          141.12             0.4284              0.497295                     0.0322348
6     12     0.56          141.12             0.434              0.589232                     0.0350882
6     12     0.56          141.12             0.4396              0.605948                     0.0355825
6     12     0.56          141.12             0.4452              0.616395                     0.0358879
6     12     0.56          141.12             0.4508              0.647737                     0.036789
6     12     0.56          141.12             0.4564              0.741763                     0.0393687
6     12     0.56          141.12             0.462              0.708332                     0.0384713
6     12     0.56          141.12             0.4676              0.702063                     0.0383007
6     12     0.56          141.12             0.4732              0.725048                     0.0389226
6     12     0.56          141.12             0.4788              0.773105                     0.0401918
6     12     0.56          141.12             0.4844              0.7543                     0.0397
6     12     0.56          141.12             0.49              0.731316                     0.0390905
6     12     0.56          141.12             0.4956              0.681169                     0.0377264
6     12     0.56          141.12             0.5012              0.708332                     0.0384713
6     12     0.56          141.12             0.5068              0.739674                     0.0393132
6     12     0.56          141.12             0.5124              0.620574                     0.0360093
6     12     0.56          141.12             0.518              0.712511                     0.0385846
6     12     0.56          141.12             0.5236              0.624753                     0.0361304
6     12     0.56          141.12             0.5292              0.507742                     0.0325717
6     12     0.56          141.12             0.5348              0.547442                     0.0338211
6     12     0.56          141.12             0.5404              0.459684                     0.0309919
6     12     0.56          141.12             0.546              0.390732                     0.0285731
6     12     0.56          141.12             0.5516              0.411626                     0.0293272
*******************************************************************************************************
 Average angle 141.48 +- 1.37281 deg 
 Average E' 0.117012 +- 0.00113539 GeV 
