*******************************************************************************************************
Z     A     E(GeV)     Theta(deg)     Energy Loss(GeV)     Sigma(nb/sr/GeV)     ERROR     Citation     
*******************************************************************************************************
6     12     0.16          136.8             0.0008              0                     0
6     12     0.16          136.8             0.0024              0                     0
6     12     0.16          136.8             0.004              0                     0
6     12     0.16          136.8             0.0056              0                     0
6     12     0.16          136.8             0.0072              0                     0
6     12     0.16          136.8             0.0088              0                     0
6     12     0.16          136.8             0.0104              0                     0
6     12     0.16          136.8             0.012              0                     0
6     12     0.16          136.8             0.0136              0                     0
6     12     0.16          136.8             0.0152              0                     0
6     12     0.16          136.8             0.0168              0                     0
6     12     0.16          136.8             0.0184              0                     0
6     12     0.16          136.8             0.02              0                     0
6     12     0.16          136.8             0.0216              0                     0
6     12     0.16          136.8             0.0232              0                     0
6     12     0.16          136.8             0.0248              0                     0
6     12     0.16          136.8             0.0264              0                     0
6     12     0.16          136.8             0.028              0.0400512                     0.0133504
6     12     0.16          136.8             0.0296              0.120154                     0.0231236
6     12     0.16          136.8             0.0312              0.31596                     0.0374975
6     12     0.16          136.8             0.0328              0.525116                     0.0483408
6     12     0.16          136.8             0.0344              0.796574                     0.0595387
6     12     0.16          136.8             0.036              1.03688                     0.0679283
6     12     0.16          136.8             0.0376              1.33059                     0.07695
6     12     0.16          136.8             0.0392              1.73555                     0.0878831
6     12     0.16          136.8             0.0408              1.6955                     0.0868632
6     12     0.16          136.8             0.0424              2.26957                     0.100498
6     12     0.16          136.8             0.044              2.54548                     0.106432
6     12     0.16          136.8             0.0456              2.90594                     0.113718
6     12     0.16          136.8             0.0472              2.83474                     0.112316
6     12     0.16          136.8             0.0488              3.61351                     0.126809
6     12     0.16          136.8             0.0504              3.62241                     0.126965
6     12     0.16          136.8             0.052              3.96062                     0.13276
6     12     0.16          136.8             0.0536              3.80486                     0.130124
6     12     0.16          136.8             0.0552              4.25433                     0.137595
6     12     0.16          136.8             0.0568              4.14307                     0.135784
6     12     0.16          136.8             0.0584              4.08077                     0.134759
6     12     0.16          136.8             0.06              4.04517                     0.13417
6     12     0.16          136.8             0.0616              4.05407                     0.134317
6     12     0.16          136.8             0.0632              4.09412                     0.134979
6     12     0.16          136.8             0.0648              3.95617                     0.132686
6     12     0.16          136.8             0.0664              3.82267                     0.130428
6     12     0.16          136.8             0.068              3.72921                     0.128824
6     12     0.16          136.8             0.0696              3.80486                     0.130124
6     12     0.16          136.8             0.0712              3.52896                     0.125317
6     12     0.16          136.8             0.0728              3.3465                     0.122034
6     12     0.16          136.8             0.0744              3.32425                     0.121628
6     12     0.16          136.8             0.076              3.15069                     0.11841
6     12     0.16          136.8             0.0776              3.213                     0.119575
6     12     0.16          136.8             0.0792              2.89259                     0.113457
6     12     0.16          136.8             0.0808              2.98159                     0.115189
6     12     0.16          136.8             0.0824              2.61223                     0.107818
6     12     0.16          136.8             0.084              2.61223                     0.107818
6     12     0.16          136.8             0.0856              2.73238                     0.11027
6     12     0.16          136.8             0.0872              2.39862                     0.103316
6     12     0.16          136.8             0.0888              2.34077                     0.102062
6     12     0.16          136.8             0.0904              2.19837                     0.0989092
6     12     0.16          136.8             0.092              2.16722                     0.0982059
6     12     0.16          136.8             0.0936              2.07376                     0.0960652
6     12     0.16          136.8             0.0952              2.03816                     0.095237
6     12     0.16          136.8             0.0968              1.90911                     0.0921726
6     12     0.16          136.8             0.0984              1.73555                     0.0878831
6     12     0.16          136.8             0.1              1.6599                     0.0859464
6     12     0.16          136.8             0.1016              1.5709                     0.0836104
6     12     0.16          136.8             0.1032              1.45964                     0.0805954
6     12     0.16          136.8             0.1048              1.5175                     0.082177
6     12     0.16          136.8             0.1064              1.17929                     0.0724429
6     12     0.16          136.8             0.108              1.23714                     0.0741986
6     12     0.16          136.8             0.1096              1.00573                     0.0669002
6     12     0.16          136.8             0.1112              0.98348                     0.066156
6     12     0.16          136.8             0.1128              0.849976                     0.0615021
6     12     0.16          136.8             0.1144              0.787674                     0.0592052
6     12     0.16          136.8             0.116              0.787674                     0.0592052
6     12     0.16          136.8             0.1176              0.703121                     0.0559373
6     12     0.16          136.8             0.1192              0.734272                     0.057163
6     12     0.16          136.8             0.1208              0.502865                     0.0473056
6     12     0.16          136.8             0.1224              0.525116                     0.0483408
6     12     0.16          136.8             0.124              0.458364                     0.0451639
6     12     0.16          136.8             0.1256              0.449464                     0.0447233
6     12     0.16          136.8             0.1272              0.436113                     0.0440541
6     12     0.16          136.8             0.1288              0.462814                     0.0453826
6     12     0.16          136.8             0.1304              0.471714                     0.0458169
6     12     0.16          136.8             0.132              0.404962                     0.0424516
6     12     0.16          136.8             0.1336              0.387162                     0.0415081
6     12     0.16          136.8             0.1352              0.462814                     0.0453826
6     12     0.16          136.8             0.1368              0.404962                     0.0424516
6     12     0.16          136.8             0.1384              0.351561                     0.0395537
6     12     0.16          136.8             0.14              0.396062                     0.0419825
6     12     0.16          136.8             0.1416              0.209156                     0.0305086
6     12     0.16          136.8             0.1432              0                     0
6     12     0.16          136.8             0.1448              0                     0
6     12     0.16          136.8             0.1464              0                     0
6     12     0.16          136.8             0.148              0                     0
6     12     0.16          136.8             0.1496              0                     0
6     12     0.16          136.8             0.1512              0                     0
6     12     0.16          136.8             0.1528              0                     0
6     12     0.16          136.8             0.1544              0                     0
6     12     0.16          136.8             0.156              0                     0
6     12     0.16          136.8             0.1576              0                     0
*******************************************************************************************************
 Average angle 137.995 +- 0.775806 deg 
 Average E' 0.0870073 +- 0.000489153 GeV 
