*******************************************************************************************************
Z     A     E(GeV)     Theta(deg)     Energy Loss(GeV)     Sigma(nb/sr/GeV)     ERROR     Citation     
*******************************************************************************************************
6     12     0.08          99.4             0.0004              0.258012                     0.0294032
6     12     0.08          99.4             0.0012              0.237907                     0.0282344
6     12     0.08          99.4             0.002              0.325028                     0.0330016
6     12     0.08          99.4             0.0028              0.274766                     0.0303428
6     12     0.08          99.4             0.0036              0.311625                     0.032314
6     12     0.08          99.4             0.0044              0.355185                     0.0344987
6     12     0.08          99.4             0.0052              0.33173                     0.0333401
6     12     0.08          99.4             0.006              0.361887                     0.0348226
6     12     0.08          99.4             0.0068              0.49927                     0.0409018
6     12     0.08          99.4             0.0076              0.408798                     0.0370109
6     12     0.08          99.4             0.0084              0.512673                     0.0414472
6     12     0.08          99.4             0.0092              0.472464                     0.0397886
6     12     0.08          99.4             0.01              0.482516                     0.0402097
6     12     0.08          99.4             0.0108              0.475814                     0.0399295
6     12     0.08          99.4             0.0116              0.569637                     0.0436892
6     12     0.08          99.4             0.0124              0.619899                     0.0455759
6     12     0.08          99.4             0.0132              0.546181                     0.0427802
6     12     0.08          99.4             0.014              0.552883                     0.0430419
6     12     0.08          99.4             0.0148              0.536129                     0.0423847
6     12     0.08          99.4             0.0156              0.552883                     0.0430419
6     12     0.08          99.4             0.0164              0.572988                     0.0438175
6     12     0.08          99.4             0.0172              0.512673                     0.0414472
6     12     0.08          99.4             0.018              1.51121                     0.0711603
6     12     0.08          99.4             0.0188              7.07355                     0.153955
6     12     0.08          99.4             0.0196              14.4889                     0.220339
6     12     0.08          99.4             0.0204              22.4839                     0.27448
6     12     0.08          99.4             0.0212              29.9328                     0.3167
6     12     0.08          99.4             0.022              36.4903                     0.349674
6     12     0.08          99.4             0.0228              40.1159                     0.366634
6     12     0.08          99.4             0.0236              43.4399                     0.381521
6     12     0.08          99.4             0.0244              45.638                     0.391055
6     12     0.08          99.4             0.0252              48.131                     0.401594
6     12     0.08          99.4             0.026              48.9419                     0.404963
6     12     0.08          99.4             0.0268              49.669                     0.40796
6     12     0.08          99.4             0.0276              51.2539                     0.414418
6     12     0.08          99.4             0.0284              52.7718                     0.420509
6     12     0.08          99.4             0.0292              53.69                     0.424152
6     12     0.08          99.4             0.03              53.5124                     0.42345
6     12     0.08          99.4             0.0308              55.8613                     0.432643
6     12     0.08          99.4             0.0316              56.7526                     0.436081
6     12     0.08          99.4             0.0324              58.227                     0.441709
6     12     0.08          99.4             0.0332              59.3528                     0.445959
6     12     0.08          99.4             0.034              60.1671                     0.449008
6     12     0.08          99.4             0.0348              61.1556                     0.452681
6     12     0.08          99.4             0.0356              61.8592                     0.455278
6     12     0.08          99.4             0.0364              62.7137                     0.458412
6     12     0.08          99.4             0.0372              64.1981                     0.463805
6     12     0.08          99.4             0.038              65.1497                     0.46723
6     12     0.08          99.4             0.0388              66.1449                     0.470785
6     12     0.08          99.4             0.0396              68.3162                     0.47845
6     12     0.08          99.4             0.0404              68.7116                     0.479833
6     12     0.08          99.4             0.0412              71.466                     0.489355
6     12     0.08          99.4             0.042              71.8212                     0.49057
6     12     0.08          99.4             0.0428              74.4884                     0.499596
6     12     0.08          99.4             0.0436              76.6564                     0.506814
6     12     0.08          99.4             0.0444              77.7521                     0.510424
6     12     0.08          99.4             0.0452              78.4223                     0.512619
6     12     0.08          99.4             0.046              81.6793                     0.523155
6     12     0.08          99.4             0.0468              84.2091                     0.531195
6     12     0.08          99.4             0.0476              85.7036                     0.535888
6     12     0.08          99.4             0.0484              87.2952                     0.540841
6     12     0.08          99.4             0.0492              91.0012                     0.552202
6     12     0.08          99.4             0.05              93.9533                     0.561087
6     12     0.08          99.4             0.0508              97.5822                     0.571821
6     12     0.08          99.4             0.0516              100.186                     0.579399
6     12     0.08          99.4             0.0524              104.756                     0.592468
6     12     0.08          99.4             0.0532              108.911                     0.604103
6     12     0.08          99.4             0.054              114.008                     0.618076
6     12     0.08          99.4             0.0548              118.361                     0.629764
6     12     0.08          99.4             0.0556              125.076                     0.647382
6     12     0.08          99.4             0.0564              132.983                     0.667534
6     12     0.08          99.4             0.0572              136.328                     0.675875
6     12     0.08          99.4             0.058              132.655                     0.666709
6     12     0.08          99.4             0.0588              130.239                     0.66061
6     12     0.08          99.4             0.0596              129.16                     0.657868
6     12     0.08          99.4             0.0604              125.655                     0.648881
6     12     0.08          99.4             0.0612              123.33                     0.642848
6     12     0.08          99.4             0.062              121.065                     0.636918
6     12     0.08          99.4             0.0628              118.471                     0.630058
6     12     0.08          99.4             0.0636              117.204                     0.626681
6     12     0.08          99.4             0.0644              114.33                     0.618948
6     12     0.08          99.4             0.0652              114.162                     0.618494
6     12     0.08          99.4             0.066              111.501                     0.611244
6     12     0.08          99.4             0.0668              109.906                     0.606857
6     12     0.08          99.4             0.0676              108.683                     0.603471
6     12     0.08          99.4             0.0684              108.6                     0.603238
6     12     0.08          99.4             0.0692              107.742                     0.600851
6     12     0.08          99.4             0.07              107.534                     0.600271
6     12     0.08          99.4             0.0708              108.975                     0.60428
6     12     0.08          99.4             0.0716              112.708                     0.614542
6     12     0.08          99.4             0.0724              116.953                     0.626009
6     12     0.08          99.4             0.0732              127.897                     0.654643
6     12     0.08          99.4             0.074              150.656                     0.710505
6     12     0.08          99.4             0.0748              55.5095                     0.431279
6     12     0.08          99.4             0.0756              0                     0
6     12     0.08          99.4             0.0764              0                     0
6     12     0.08          99.4             0.0772              0                     0
6     12     0.08          99.4             0.078              0                     0
6     12     0.08          99.4             0.0788              0                     0
*******************************************************************************************************
 Average angle 99.8255 +- 0.0746932 deg 
 Average E' 0.0275261 +- 2.05961e-05 GeV 
