*******************************************************************************************************
Z     A     E(GeV)     Theta(deg)     Energy Loss(GeV)     Sigma(nb/sr/GeV)     ERROR     Citation     
*******************************************************************************************************
6     12     0.24          168.8             0.0012              0                     0
6     12     0.24          168.8             0.0036              0                     0
6     12     0.24          168.8             0.006              0                     0
6     12     0.24          168.8             0.0084              0                     0
6     12     0.24          168.8             0.0108              0                     0
6     12     0.24          168.8             0.0132              0                     0
6     12     0.24          168.8             0.0156              0                     0
6     12     0.24          168.8             0.018              0                     0
6     12     0.24          168.8             0.0204              0                     0
6     12     0.24          168.8             0.0228              0                     0
6     12     0.24          168.8             0.0252              0                     0
6     12     0.24          168.8             0.0276              0                     0
6     12     0.24          168.8             0.03              0                     0
6     12     0.24          168.8             0.0324              0                     0
6     12     0.24          168.8             0.0348              0                     0
6     12     0.24          168.8             0.0372              0                     0
6     12     0.24          168.8             0.0396              0                     0
6     12     0.24          168.8             0.042              0                     0
6     12     0.24          168.8             0.0444              0.0111244                     0.0111244
6     12     0.24          168.8             0.0468              0.0444977                     0.0222489
6     12     0.24          168.8             0.0492              0.0889954                     0.0314646
6     12     0.24          168.8             0.0516              0.155742                     0.0416238
6     12     0.24          168.8             0.054              0.133493                     0.0385362
6     12     0.24          168.8             0.0564              0.355982                     0.0629293
6     12     0.24          168.8             0.0588              0.500599                     0.0746249
6     12     0.24          168.8             0.0612              0.47835                     0.0729478
6     12     0.24          168.8             0.0636              0.57847                     0.0802194
6     12     0.24          168.8             0.066              0.789834                     0.0937361
6     12     0.24          168.8             0.0684              0.901079                     0.10012
6     12     0.24          168.8             0.0708              0.823208                     0.095696
6     12     0.24          168.8             0.0732              1.16807                     0.113991
6     12     0.24          168.8             0.0756              1.10132                     0.110687
6     12     0.24          168.8             0.078              1.33493                     0.121862
6     12     0.24          168.8             0.0804              1.26818                     0.118776
6     12     0.24          168.8             0.0828              1.26818                     0.118776
6     12     0.24          168.8             0.0852              1.56854                     0.132095
6     12     0.24          168.8             0.0876              1.40168                     0.124871
6     12     0.24          168.8             0.09              1.67979                     0.136699
6     12     0.24          168.8             0.0924              1.47955                     0.128293
6     12     0.24          168.8             0.0948              1.65754                     0.135791
6     12     0.24          168.8             0.0972              1.61304                     0.133956
6     12     0.24          168.8             0.0996              1.57967                     0.132563
6     12     0.24          168.8             0.102              1.81328                     0.142027
6     12     0.24          168.8             0.1044              1.84666                     0.143328
6     12     0.24          168.8             0.1068              1.44618                     0.126838
6     12     0.24          168.8             0.1092              1.46842                     0.12781
6     12     0.24          168.8             0.1116              1.52405                     0.130208
6     12     0.24          168.8             0.114              1.55742                     0.131626
6     12     0.24          168.8             0.1164              1.14582                     0.112901
6     12     0.24          168.8             0.1188              1.23481                     0.117203
6     12     0.24          168.8             0.1212              1.12357                     0.111799
6     12     0.24          168.8             0.1236              1.16807                     0.113991
6     12     0.24          168.8             0.126              1.15694                     0.113447
6     12     0.24          168.8             0.1284              1.12357                     0.111799
6     12     0.24          168.8             0.1308              0.901079                     0.10012
6     12     0.24          168.8             0.1332              1.01232                     0.10612
6     12     0.24          168.8             0.1356              0.789834                     0.0937361
6     12     0.24          168.8             0.138              0.745337                     0.0910574
6     12     0.24          168.8             0.1404              0.734212                     0.0903753
6     12     0.24          168.8             0.1428              0.689715                     0.0875938
6     12     0.24          168.8             0.1452              0.489475                     0.0737911
6     12     0.24          168.8             0.1476              0.667466                     0.0861695
6     12     0.24          168.8             0.15              0.622968                     0.0832476
6     12     0.24          168.8             0.1524              0.589595                     0.0809871
6     12     0.24          168.8             0.1548              0.456102                     0.0712311
6     12     0.24          168.8             0.1572              0.489475                     0.0737911
6     12     0.24          168.8             0.1596              0.500599                     0.0746249
6     12     0.24          168.8             0.162              0.545097                     0.077871
6     12     0.24          168.8             0.1644              0.389355                     0.065813
6     12     0.24          168.8             0.1668              0.389355                     0.065813
6     12     0.24          168.8             0.1692              0.355982                     0.0629293
6     12     0.24          168.8             0.1716              0.533973                     0.0770723
6     12     0.24          168.8             0.174              0.522848                     0.0762652
6     12     0.24          168.8             0.1764              0.456102                     0.0712311
6     12     0.24          168.8             0.1788              0.489475                     0.0737911
6     12     0.24          168.8             0.1812              0.522848                     0.0762652
6     12     0.24          168.8             0.1836              0.611844                     0.082501
6     12     0.24          168.8             0.186              0.611844                     0.082501
6     12     0.24          168.8             0.1884              0.77871                     0.0930737
6     12     0.24          168.8             0.1908              0.67859                     0.0868846
6     12     0.24          168.8             0.1932              1.06795                     0.108997
6     12     0.24          168.8             0.1956              0.711963                     0.0889954
6     12     0.24          168.8             0.198              1.03457                     0.10728
6     12     0.24          168.8             0.2004              0.889954                     0.0994999
6     12     0.24          168.8             0.2028              0.967825                     0.103762
6     12     0.24          168.8             0.2052              1.31268                     0.120842
6     12     0.24          168.8             0.2076              1.09019                     0.110126
6     12     0.24          168.8             0.21              1.0012                     0.105536
6     12     0.24          168.8             0.2124              1.05682                     0.108428
6     12     0.24          168.8             0.2148              1.05682                     0.108428
6     12     0.24          168.8             0.2172              0.923328                     0.101348
6     12     0.24          168.8             0.2196              0.87883                     0.0988761
6     12     0.24          168.8             0.222              0.945576                     0.102562
6     12     0.24          168.8             0.2244              0.656341                     0.0854484
6     12     0.24          168.8             0.2268              0.533973                     0.0770723
6     12     0.24          168.8             0.2292              0.322608                     0.0599069
6     12     0.24          168.8             0.2316              0.0333733                     0.0192681
6     12     0.24          168.8             0.234              0.0444977                     0.0222489
6     12     0.24          168.8             0.2364              0.077871                     0.0294325
*******************************************************************************************************
 Average angle 169.319 +- 2.15331 deg 
 Average E' 0.105754 +- 0.00134492 GeV 
