*******************************************************************************************************
Z     A     E(GeV)     Theta(deg)     Energy Loss(GeV)     Sigma(nb/sr/GeV)     ERROR     Citation     
*******************************************************************************************************
6     12     3.595          71.2             0.017975              0                     0
6     12     3.595          71.2             0.053925              0                     0
6     12     3.595          71.2             0.089875              0                     0
6     12     3.595          71.2             0.125825              0                     0
6     12     3.595          71.2             0.161775              0                     0
6     12     3.595          71.2             0.197725              0                     0
6     12     3.595          71.2             0.233675              0                     0
6     12     3.595          71.2             0.269625              0                     0
6     12     3.595          71.2             0.305575              0                     0
6     12     3.595          71.2             0.341525              0                     0
6     12     3.595          71.2             0.377475              0                     0
6     12     3.595          71.2             0.413425              0                     0
6     12     3.595          71.2             0.449375              0                     0
6     12     3.595          71.2             0.485325              0                     0
6     12     3.595          71.2             0.521275              0                     0
6     12     3.595          71.2             0.557225              0                     0
6     12     3.595          71.2             0.593175              0                     0
6     12     3.595          71.2             0.629125              0                     0
6     12     3.595          71.2             0.665075              0                     0
6     12     3.595          71.2             0.701025              0                     0
6     12     3.595          71.2             0.736975              0                     0
6     12     3.595          71.2             0.772925              0                     0
6     12     3.595          71.2             0.808875              0                     0
6     12     3.595          71.2             0.844825              0                     0
6     12     3.595          71.2             0.880775              0                     0
6     12     3.595          71.2             0.916725              0                     0
6     12     3.595          71.2             0.952675              0                     0
6     12     3.595          71.2             0.988625              0                     0
6     12     3.595          71.2             1.02458              0                     0
6     12     3.595          71.2             1.06053              0                     0
6     12     3.595          71.2             1.09648              0                     0
6     12     3.595          71.2             1.13243              0                     0
6     12     3.595          71.2             1.16838              0                     0
6     12     3.595          71.2             1.20433              0                     0
6     12     3.595          71.2             1.24028              0                     0
6     12     3.595          71.2             1.27623              0                     0
6     12     3.595          71.2             1.31218              0                     0
6     12     3.595          71.2             1.34813              0                     0
6     12     3.595          71.2             1.38408              0                     0
6     12     3.595          71.2             1.42003              0                     0
6     12     3.595          71.2             1.45598              0                     0
6     12     3.595          71.2             1.49193              0                     0
6     12     3.595          71.2             1.52788              0                     0
6     12     3.595          71.2             1.56383              0                     0
6     12     3.595          71.2             1.59978              0                     0
6     12     3.595          71.2             1.63573              0                     0
6     12     3.595          71.2             1.67168              0                     0
6     12     3.595          71.2             1.70763              0                     0
6     12     3.595          71.2             1.74358              0                     0
6     12     3.595          71.2             1.77953              0                     0
6     12     3.595          71.2             1.81548              0                     0
6     12     3.595          71.2             1.85143              0                     0
6     12     3.595          71.2             1.88738              0                     0
6     12     3.595          71.2             1.92333              0                     0
6     12     3.595          71.2             1.95928              0                     0
6     12     3.595          71.2             1.99523              0                     0
6     12     3.595          71.2             2.03118              0                     0
6     12     3.595          71.2             2.06712              0                     0
6     12     3.595          71.2             2.10308              0                     0
6     12     3.595          71.2             2.13903              0                     0
6     12     3.595          71.2             2.17497              0                     0
6     12     3.595          71.2             2.21093              0                     0
6     12     3.595          71.2             2.24688              0                     0
6     12     3.595          71.2             2.28282              0                     0
6     12     3.595          71.2             2.31878              0                     0
6     12     3.595          71.2             2.35473              0                     0
6     12     3.595          71.2             2.39067              0                     0
6     12     3.595          71.2             2.42663              0                     0
6     12     3.595          71.2             2.46258              0                     0
6     12     3.595          71.2             2.49852              0                     0
6     12     3.595          71.2             2.53448              0.000325008                     0.000229815
6     12     3.595          71.2             2.57043              0.000325008                     0.000229815
6     12     3.595          71.2             2.60637              0.000650016                     0.000325008
6     12     3.595          71.2             2.64233              0.00113753                     0.000429945
6     12     3.595          71.2             2.67828              0.00195005                     0.00056293
6     12     3.595          71.2             2.71422              0.0040626                     0.000812519
6     12     3.595          71.2             2.75018              0.00568764                     0.000961386
6     12     3.595          71.2             2.78613              0.0100752                     0.00127956
6     12     3.595          71.2             2.82207              0.0120253                     0.00139791
6     12     3.595          71.2             2.85803              0.0151129                     0.00156713
6     12     3.595          71.2             2.89398              0.0201505                     0.00180957
6     12     3.595          71.2             2.92992              0.0292507                     0.00218022
6     12     3.595          71.2             2.96588              0.0333133                     0.0023267
6     12     3.595          71.2             3.00183              0.0414385                     0.00259498
6     12     3.595          71.2             3.03777              0.0471261                     0.00276734
6     12     3.595          71.2             3.07373              0.0640265                     0.00322561
6     12     3.595          71.2             3.10968              0.0754018                     0.00350044
6     12     3.595          71.2             3.14562              0.082227                     0.00365543
6     12     3.595          71.2             3.18158              0.10319                     0.00409497
6     12     3.595          71.2             3.21753              0.12399                     0.00448876
6     12     3.595          71.2             3.25347              0.122853                     0.00446812
6     12     3.595          71.2             3.28943              0.139916                     0.00476832
6     12     3.595          71.2             3.32538              0.170142                     0.0052582
6     12     3.595          71.2             3.36132              0.186717                     0.00550838
6     12     3.595          71.2             3.39728              0.21288                     0.00588165
6     12     3.595          71.2             3.43323              0.249768                     0.0063709
6     12     3.595          71.2             3.46917              0.268456                     0.00660494
6     12     3.595          71.2             3.50513              0.306482                     0.00705723
6     12     3.595          71.2             3.54108              0.279344                     0.00673754
*******************************************************************************************************
 Average angle 71.4756 +- 0.546619 deg 
 Average E' 0.244366 +- 0.00186882 GeV 
