*******************************************************************************************************
Z     A     E(GeV)     Theta(deg)     Energy Loss(GeV)     Sigma(nb/sr/GeV)     ERROR     Citation     
*******************************************************************************************************
6     12     3.595          61             0.017975              0                     0
6     12     3.595          61             0.053925              0                     0
6     12     3.595          61             0.089875              0                     0
6     12     3.595          61             0.125825              0                     0
6     12     3.595          61             0.161775              0                     0
6     12     3.595          61             0.197725              0                     0
6     12     3.595          61             0.233675              0                     0
6     12     3.595          61             0.269625              0                     0
6     12     3.595          61             0.305575              0                     0
6     12     3.595          61             0.341525              0                     0
6     12     3.595          61             0.377475              0                     0
6     12     3.595          61             0.413425              0                     0
6     12     3.595          61             0.449375              0                     0
6     12     3.595          61             0.485325              0                     0
6     12     3.595          61             0.521275              0                     0
6     12     3.595          61             0.557225              0                     0
6     12     3.595          61             0.593175              0                     0
6     12     3.595          61             0.629125              0                     0
6     12     3.595          61             0.665075              0                     0
6     12     3.595          61             0.701025              0                     0
6     12     3.595          61             0.736975              0                     0
6     12     3.595          61             0.772925              0                     0
6     12     3.595          61             0.808875              0                     0
6     12     3.595          61             0.844825              0                     0
6     12     3.595          61             0.880775              0                     0
6     12     3.595          61             0.916725              0                     0
6     12     3.595          61             0.952675              0                     0
6     12     3.595          61             0.988625              0                     0
6     12     3.595          61             1.02458              0                     0
6     12     3.595          61             1.06053              0                     0
6     12     3.595          61             1.09648              0                     0
6     12     3.595          61             1.13243              0                     0
6     12     3.595          61             1.16838              0                     0
6     12     3.595          61             1.20433              0                     0
6     12     3.595          61             1.24028              0                     0
6     12     3.595          61             1.27623              0                     0
6     12     3.595          61             1.31218              0                     0
6     12     3.595          61             1.34813              0                     0
6     12     3.595          61             1.38408              0                     0
6     12     3.595          61             1.42003              0                     0
6     12     3.595          61             1.45598              0                     0
6     12     3.595          61             1.49193              0                     0
6     12     3.595          61             1.52788              0                     0
6     12     3.595          61             1.56383              0                     0
6     12     3.595          61             1.59978              0                     0
6     12     3.595          61             1.63573              0                     0
6     12     3.595          61             1.67168              0                     0
6     12     3.595          61             1.70763              0                     0
6     12     3.595          61             1.74358              0                     0
6     12     3.595          61             1.77953              0                     0
6     12     3.595          61             1.81548              0                     0
6     12     3.595          61             1.85143              0                     0
6     12     3.595          61             1.88738              0                     0
6     12     3.595          61             1.92333              0                     0
6     12     3.595          61             1.95928              0                     0
6     12     3.595          61             1.99523              0                     0
6     12     3.595          61             2.03118              0                     0
6     12     3.595          61             2.06712              0                     0
6     12     3.595          61             2.10308              0                     0
6     12     3.595          61             2.13903              0                     0
6     12     3.595          61             2.17497              0                     0
6     12     3.595          61             2.21093              0                     0
6     12     3.595          61             2.24688              0                     0
6     12     3.595          61             2.28282              0                     0
6     12     3.595          61             2.31878              0.000703548                     0.000351774
6     12     3.595          61             2.35473              0.000351774                     0.000248742
6     12     3.595          61             2.39067              0.00105532                     0.000430833
6     12     3.595          61             2.42663              0.00105532                     0.000430833
6     12     3.595          61             2.46258              0.00299008                     0.0007252
6     12     3.595          61             2.49852              0.00386951                     0.000824983
6     12     3.595          61             2.53448              0.00773902                     0.0011667
6     12     3.595          61             2.57043              0.0102014                     0.00133951
6     12     3.595          61             2.60637              0.015478                     0.00164997
6     12     3.595          61             2.64233              0.0181164                     0.00178506
6     12     3.595          61             2.67828              0.02181                     0.00195859
6     12     3.595          61             2.71422              0.0286696                     0.00224557
6     12     3.595          61             2.75018              0.032715                     0.00239878
6     12     3.595          61             2.78613              0.0492483                     0.00294315
6     12     3.595          61             2.82207              0.0555803                     0.00312663
6     12     3.595          61             2.85803              0.0689477                     0.00348238
6     12     3.595          61             2.89398              0.0758073                     0.00365151
6     12     3.595          61             2.92992              0.0810839                     0.00377645
6     12     3.595          61             2.96588              0.101663                     0.00422861
6     12     3.595          61             3.00183              0.112216                     0.00444267
6     12     3.595          61             3.03777              0.126463                     0.00471626
6     12     3.595          61             3.07373              0.142293                     0.00500274
6     12     3.595          61             3.10968              0.159881                     0.00530293
6     12     3.595          61             3.14562              0.173073                     0.00551736
6     12     3.595          61             3.18158              0.196642                     0.00588104
6     12     3.595          61             3.21753              0.213351                     0.00612582
6     12     3.595          61             3.25347              0.238503                     0.00647684
6     12     3.595          61             3.28943              0.265941                     0.00683927
6     12     3.595          61             3.32538              0.287575                     0.00711201
6     12     3.595          61             3.36132              0.3173                     0.00747054
6     12     3.595          61             3.39728              0.340165                     0.00773503
6     12     3.595          61             3.43323              0.360568                     0.00796362
6     12     3.595          61             3.46917              0.39768                     0.00836342
6     12     3.595          61             3.50513              0.41949                     0.0085897
6     12     3.595          61             3.54108              0.359689                     0.0079539
*******************************************************************************************************
 Average angle 61.2486 +- 0.367828 deg 
 Average E' 0.311626 +- 0.00187147 GeV 
