*******************************************************************************************************
Z     A     E(GeV)     Theta(deg)     Energy Loss(GeV)     Sigma(nb/sr/GeV)     ERROR     Citation     
*******************************************************************************************************
6     12     0.2          59.6             0.001              0                     0
6     12     0.2          59.6             0.003              0                     0
6     12     0.2          59.6             0.005              0                     0
6     12     0.2          59.6             0.007              0                     0
6     12     0.2          59.6             0.009              0                     0
6     12     0.2          59.6             0.011              0                     0
6     12     0.2          59.6             0.013              0                     0
6     12     0.2          59.6             0.015              0                     0
6     12     0.2          59.6             0.017              0                     0
6     12     0.2          59.6             0.019              0                     0
6     12     0.2          59.6             0.021              0.129052                     0.0190277
6     12     0.2          59.6             0.023              3.73689                     0.10239
6     12     0.2          59.6             0.025              12.4479                     0.186875
6     12     0.2          59.6             0.027              23.9223                     0.259062
6     12     0.2          59.6             0.029              35.3097                     0.314739
6     12     0.2          59.6             0.031              45.7236                     0.358157
6     12     0.2          59.6             0.033              55.8093                     0.395691
6     12     0.2          59.6             0.035              62.4835                     0.418684
6     12     0.2          59.6             0.037              67.135                     0.433988
6     12     0.2          59.6             0.039              71.1272                     0.446705
6     12     0.2          59.6             0.041              72.6478                     0.451455
6     12     0.2          59.6             0.043              74.6986                     0.457783
6     12     0.2          59.6             0.045              76.3201                     0.462725
6     12     0.2          59.6             0.047              78.4775                     0.469219
6     12     0.2          59.6             0.049              78.6739                     0.469806
6     12     0.2          59.6             0.051              79.6586                     0.472737
6     12     0.2          59.6             0.053              82.1022                     0.479933
6     12     0.2          59.6             0.055              83.9791                     0.485388
6     12     0.2          59.6             0.057              82.7334                     0.481774
6     12     0.2          59.6             0.059              78.6627                     0.469772
6     12     0.2          59.6             0.061              74.2693                     0.456465
6     12     0.2          59.6             0.063              69.6627                     0.442083
6     12     0.2          59.6             0.065              65.9988                     0.4303
6     12     0.2          59.6             0.067              60.7694                     0.412901
6     12     0.2          59.6             0.069              56.2834                     0.397368
6     12     0.2          59.6             0.071              52.5157                     0.383838
6     12     0.2          59.6             0.073              49.5924                     0.373001
6     12     0.2          59.6             0.075              45.0643                     0.355565
6     12     0.2          59.6             0.077              41.7034                     0.342049
6     12     0.2          59.6             0.079              37.6523                     0.325011
6     12     0.2          59.6             0.081              34.771                     0.312329
6     12     0.2          59.6             0.083              31.4325                     0.296956
6     12     0.2          59.6             0.085              28.7281                     0.283894
6     12     0.2          59.6             0.087              24.8144                     0.263849
6     12     0.2          59.6             0.089              22.4887                     0.25118
6     12     0.2          59.6             0.091              19.9581                     0.236626
6     12     0.2          59.6             0.093              17.5286                     0.221757
6     12     0.2          59.6             0.095              15.5816                     0.209078
6     12     0.2          59.6             0.097              12.9529                     0.190628
6     12     0.2          59.6             0.099              11.0536                     0.176098
6     12     0.2          59.6             0.101              9.14585                     0.160183
6     12     0.2          59.6             0.103              7.67017                     0.146692
6     12     0.2          59.6             0.105              6.06263                     0.130417
6     12     0.2          59.6             0.107              4.77772                     0.115775
6     12     0.2          59.6             0.109              3.64431                     0.101114
6     12     0.2          59.6             0.111              2.75778                     0.0879596
6     12     0.2          59.6             0.113              1.74781                     0.0700245
6     12     0.2          59.6             0.115              1.32138                     0.0608859
6     12     0.2          59.6             0.117              0.822004                     0.048022
6     12     0.2          59.6             0.119              0.68173                     0.043733
6     12     0.2          59.6             0.121              0.754673                     0.0460132
6     12     0.2          59.6             0.123              0.723812                     0.0450626
6     12     0.2          59.6             0.125              0.83042                     0.0482672
6     12     0.2          59.6             0.127              0.94825                     0.051578
6     12     0.2          59.6             0.129              1.03241                     0.0538183
6     12     0.2          59.6             0.131              1.07169                     0.0548325
6     12     0.2          59.6             0.133              1.0745                     0.0549042
6     12     0.2          59.6             0.135              1.0773                     0.0549758
6     12     0.2          59.6             0.137              1.15024                     0.0568065
6     12     0.2          59.6             0.139              1.25405                     0.0593144
6     12     0.2          59.6             0.141              1.22319                     0.05858
6     12     0.2          59.6             0.143              1.18672                     0.0577001
6     12     0.2          59.6             0.145              1.24002                     0.0589817
6     12     0.2          59.6             0.147              1.29893                     0.0603666
6     12     0.2          59.6             0.149              1.09694                     0.0554747
6     12     0.2          59.6             0.151              0.420821                     0.0343599
6     12     0.2          59.6             0.153              0.0168328                     0.00687198
6     12     0.2          59.6             0.155              0                     0
6     12     0.2          59.6             0.157              0                     0
6     12     0.2          59.6             0.159              0                     0
6     12     0.2          59.6             0.161              0.00280547                     0.00280547
6     12     0.2          59.6             0.163              0.0140274                     0.00627323
6     12     0.2          59.6             0.165              0.00841642                     0.00485922
6     12     0.2          59.6             0.167              0.00841642                     0.00485922
6     12     0.2          59.6             0.169              0.0224438                     0.00793508
6     12     0.2          59.6             0.171              0.0140274                     0.00627323
6     12     0.2          59.6             0.173              0.0420821                     0.0108656
6     12     0.2          59.6             0.175              0.0420821                     0.0108656
6     12     0.2          59.6             0.177              0.0392766                     0.0104971
6     12     0.2          59.6             0.179              0.0504985                     0.0119026
6     12     0.2          59.6             0.181              0.0448876                     0.0112219
6     12     0.2          59.6             0.183              0.058915                     0.0128563
6     12     0.2          59.6             0.185              0.058915                     0.0128563
6     12     0.2          59.6             0.187              0.0673314                     0.013744
6     12     0.2          59.6             0.189              0.0869697                     0.0156202
6     12     0.2          59.6             0.191              0.151496                     0.0206159
6     12     0.2          59.6             0.193              0.137468                     0.0196383
6     12     0.2          59.6             0.195              0.053304                     0.0122288
6     12     0.2          59.6             0.197              0                     0
*******************************************************************************************************
 Average angle 60.1671 +- 0.0713578 deg 
 Average E' 0.141734 +- 0.000168095 GeV 
