*******************************************************************************************************
Z     A     E(GeV)     Theta(deg)     Energy Loss(GeV)     Sigma(nb/sr/GeV)     ERROR     Citation     
*******************************************************************************************************
6     12     0.4          155.2             0.002              0                     0
6     12     0.4          155.2             0.006              0                     0
6     12     0.4          155.2             0.01              0                     0
6     12     0.4          155.2             0.014              0                     0
6     12     0.4          155.2             0.018              0                     0
6     12     0.4          155.2             0.022              0                     0
6     12     0.4          155.2             0.026              0                     0
6     12     0.4          155.2             0.03              0                     0
6     12     0.4          155.2             0.034              0                     0
6     12     0.4          155.2             0.038              0                     0
6     12     0.4          155.2             0.042              0                     0
6     12     0.4          155.2             0.046              0                     0
6     12     0.4          155.2             0.05              0                     0
6     12     0.4          155.2             0.054              0                     0
6     12     0.4          155.2             0.058              0                     0
6     12     0.4          155.2             0.062              0                     0
6     12     0.4          155.2             0.066              0                     0
6     12     0.4          155.2             0.07              0                     0
6     12     0.4          155.2             0.074              0                     0
6     12     0.4          155.2             0.078              0                     0
6     12     0.4          155.2             0.082              0                     0
6     12     0.4          155.2             0.086              0                     0
6     12     0.4          155.2             0.09              0                     0
6     12     0.4          155.2             0.094              0                     0
6     12     0.4          155.2             0.098              0                     0
6     12     0.4          155.2             0.102              0                     0
6     12     0.4          155.2             0.106              0                     0
6     12     0.4          155.2             0.11              0.00352328                     0.00352328
6     12     0.4          155.2             0.114              0.0105698                     0.00610251
6     12     0.4          155.2             0.118              0.0105698                     0.00610251
6     12     0.4          155.2             0.122              0.0105698                     0.00610251
6     12     0.4          155.2             0.126              0.0211397                     0.00863025
6     12     0.4          155.2             0.13              0.0951286                     0.0183075
6     12     0.4          155.2             0.134              0.0563725                     0.0140931
6     12     0.4          155.2             0.138              0.0845588                     0.0172605
6     12     0.4          155.2             0.142              0.137408                     0.0220029
6     12     0.4          155.2             0.146              0.130361                     0.0214313
6     12     0.4          155.2             0.15              0.176164                     0.0249134
6     12     0.4          155.2             0.154              0.26777                     0.0307153
6     12     0.4          155.2             0.158              0.20435                     0.0268325
6     12     0.4          155.2             0.162              0.303002                     0.0326736
6     12     0.4          155.2             0.166              0.310049                     0.0330513
6     12     0.4          155.2             0.17              0.299479                     0.0324831
6     12     0.4          155.2             0.174              0.331189                     0.0341595
6     12     0.4          155.2             0.178              0.362898                     0.0357574
6     12     0.4          155.2             0.182              0.415747                     0.0382727
6     12     0.4          155.2             0.186              0.489736                     0.0415389
6     12     0.4          155.2             0.19              0.468597                     0.0406325
6     12     0.4          155.2             0.194              0.539062                     0.0435806
6     12     0.4          155.2             0.198              0.503829                     0.0421323
6     12     0.4          155.2             0.202              0.47212                     0.040785
6     12     0.4          155.2             0.206              0.486213                     0.0413892
6     12     0.4          155.2             0.21              0.46155                     0.0403258
6     12     0.4          155.2             0.214              0.479167                     0.0410882
6     12     0.4          155.2             0.218              0.47212                     0.040785
6     12     0.4          155.2             0.222              0.415747                     0.0382727
6     12     0.4          155.2             0.226              0.369945                     0.0361029
6     12     0.4          155.2             0.23              0.373468                     0.0362744
6     12     0.4          155.2             0.234              0.458027                     0.0401716
6     12     0.4          155.2             0.238              0.398131                     0.037453
6     12     0.4          155.2             0.242              0.334712                     0.0343407
6     12     0.4          155.2             0.246              0.380515                     0.036615
6     12     0.4          155.2             0.25              0.373468                     0.0362744
6     12     0.4          155.2             0.254              0.419271                     0.0384345
6     12     0.4          155.2             0.258              0.373468                     0.0362744
6     12     0.4          155.2             0.262              0.376991                     0.0364451
6     12     0.4          155.2             0.266              0.408701                     0.0379469
6     12     0.4          155.2             0.27              0.415747                     0.0382727
6     12     0.4          155.2             0.274              0.433364                     0.0390751
6     12     0.4          155.2             0.278              0.429841                     0.0389159
6     12     0.4          155.2             0.282              0.496783                     0.0418367
6     12     0.4          155.2             0.286              0.584865                     0.0453943
6     12     0.4          155.2             0.29              0.532016                     0.0432948
6     12     0.4          155.2             0.294              0.595435                     0.0458027
6     12     0.4          155.2             0.298              0.757506                     0.0516615
6     12     0.4          155.2             0.302              0.736366                     0.0509355
6     12     0.4          155.2             0.306              0.803309                     0.0532004
6     12     0.4          155.2             0.31              0.894914                     0.0561519
6     12     0.4          155.2             0.314              1.05346                     0.0609233
6     12     0.4          155.2             0.318              1.01471                     0.0597921
6     12     0.4          155.2             0.322              1.06403                     0.0612281
6     12     0.4          155.2             0.326              1.03232                     0.0603089
6     12     0.4          155.2             0.33              1.26486                     0.0667567
6     12     0.4          155.2             0.334              1.26838                     0.0668496
6     12     0.4          155.2             0.338              1.35294                     0.069042
6     12     0.4          155.2             0.342              1.51149                     0.0729754
6     12     0.4          155.2             0.346              1.36351                     0.0693111
6     12     0.4          155.2             0.35              1.35646                     0.0691318
6     12     0.4          155.2             0.354              1.47626                     0.0721198
6     12     0.4          155.2             0.358              1.5291                     0.0733994
6     12     0.4          155.2             0.362              1.51854                     0.0731453
6     12     0.4          155.2             0.366              1.49035                     0.0724632
6     12     0.4          155.2             0.37              1.58195                     0.074657
6     12     0.4          155.2             0.374              1.50797                     0.0728902
6     12     0.4          155.2             0.378              1.42341                     0.0708171
6     12     0.4          155.2             0.382              1.43398                     0.0710796
6     12     0.4          155.2             0.386              1.3917                     0.0700239
6     12     0.4          155.2             0.39              1.31418                     0.0680459
6     12     0.4          155.2             0.394              1.12393                     0.0629278
*******************************************************************************************************
 Average angle 155.615 +- 1.33361 deg 
 Average E' 0.0900917 +- 0.000772076 GeV 
