*******************************************************************************************************
Z     A     E(GeV)     Theta(deg)     Energy Loss(GeV)     Sigma(nb/sr/GeV)     ERROR     Citation     
*******************************************************************************************************
6     12     0.32          126             0.0016              0                     0
6     12     0.32          126             0.0048              0                     0
6     12     0.32          126             0.008              0                     0
6     12     0.32          126             0.0112              0                     0
6     12     0.32          126             0.0144              0                     0
6     12     0.32          126             0.0176              0                     0
6     12     0.32          126             0.0208              0                     0
6     12     0.32          126             0.024              0                     0
6     12     0.32          126             0.0272              0                     0
6     12     0.32          126             0.0304              0                     0
6     12     0.32          126             0.0336              0                     0
6     12     0.32          126             0.0368              0                     0
6     12     0.32          126             0.04              0                     0
6     12     0.32          126             0.0432              0                     0
6     12     0.32          126             0.0464              0                     0
6     12     0.32          126             0.0496              0                     0
6     12     0.32          126             0.0528              0                     0
6     12     0.32          126             0.056              0.00375765                     0.00265706
6     12     0.32          126             0.0592              0.0263036                     0.00702992
6     12     0.32          126             0.0624              0.0488495                     0.00958017
6     12     0.32          126             0.0656              0.075153                     0.0118827
6     12     0.32          126             0.0688              0.125881                     0.0153788
6     12     0.32          126             0.072              0.195398                     0.0191603
6     12     0.32          126             0.0752              0.270551                     0.0225459
6     12     0.32          126             0.0784              0.248005                     0.0215861
6     12     0.32          126             0.0816              0.35134                     0.0256926
6     12     0.32          126             0.0848              0.46407                     0.0295281
6     12     0.32          126             0.088              0.533586                     0.0316625
6     12     0.32          126             0.0912              0.574921                     0.032866
6     12     0.32          126             0.0944              0.674498                     0.0355987
6     12     0.32          126             0.0976              0.759046                     0.0377639
6     12     0.32          126             0.1008              0.790986                     0.0385503
6     12     0.32          126             0.104              1.00329                     0.0434167
6     12     0.32          126             0.1072              1.04275                     0.0442622
6     12     0.32          126             0.1104              1.21184                     0.0477162
6     12     0.32          126             0.1136              1.10287                     0.0455203
6     12     0.32          126             0.1168              1.25881                     0.0486322
6     12     0.32          126             0.12              1.29639                     0.0493527
6     12     0.32          126             0.1232              1.50306                     0.0531412
6     12     0.32          126             0.1264              1.40536                     0.0513851
6     12     0.32          126             0.1296              1.42227                     0.0516933
6     12     0.32          126             0.1328              1.36966                     0.0507283
6     12     0.32          126             0.136              1.39221                     0.0511441
6     12     0.32          126             0.1392              1.26445                     0.0487409
6     12     0.32          126             0.1424              1.26257                     0.0487047
6     12     0.32          126             0.1456              1.26633                     0.0487771
6     12     0.32          126             0.1488              1.26257                     0.0487047
6     12     0.32          126             0.152              1.16299                     0.0467446
6     12     0.32          126             0.1552              1.14608                     0.0464036
6     12     0.32          126             0.1584              0.967595                     0.0426373
6     12     0.32          126             0.1616              1.02772                     0.043942
6     12     0.32          126             0.1648              0.948807                     0.0422214
6     12     0.32          126             0.168              0.922503                     0.041632
6     12     0.32          126             0.1712              0.813531                     0.0390958
6     12     0.32          126             0.1744              0.78347                     0.0383667
6     12     0.32          126             0.1776              0.723348                     0.0368652
6     12     0.32          126             0.1808              0.633164                     0.0344907
6     12     0.32          126             0.184              0.629407                     0.0343882
6     12     0.32          126             0.1872              0.599345                     0.0335569
6     12     0.32          126             0.1904              0.533586                     0.0316625
6     12     0.32          126             0.1936              0.497889                     0.0305851
6     12     0.32          126             0.1968              0.503525                     0.0307577
6     12     0.32          126             0.2              0.409584                     0.0277405
6     12     0.32          126             0.2032              0.402069                     0.0274848
6     12     0.32          126             0.2064              0.456555                     0.029288
6     12     0.32          126             0.2096              0.439645                     0.0287405
6     12     0.32          126             0.2128              0.479101                     0.0300024
6     12     0.32          126             0.216              0.450918                     0.0291066
6     12     0.32          126             0.2192              0.561769                     0.0324879
6     12     0.32          126             0.2224              0.580557                     0.0330267
6     12     0.32          126             0.2256              0.573042                     0.0328123
6     12     0.32          126             0.2288              0.586194                     0.0331867
6     12     0.32          126             0.232              0.706438                     0.0364318
6     12     0.32          126             0.2352              0.76844                     0.0379969
6     12     0.32          126             0.2384              0.869896                     0.0404275
6     12     0.32          126             0.2416              0.971353                     0.04272
6     12     0.32          126             0.2448              0.956322                     0.0423882
6     12     0.32          126             0.248              1.08408                     0.0451309
6     12     0.32          126             0.2512              1.16675                     0.0468201
6     12     0.32          126             0.2544              1.27009                     0.0488495
6     12     0.32          126             0.2576              1.29263                     0.0492811
6     12     0.32          126             0.2608              1.4016                     0.0513164
6     12     0.32          126             0.264              1.39409                     0.0511786
6     12     0.32          126             0.2672              1.53124                     0.0536371
6     12     0.32          126             0.2704              1.63834                     0.0554811
6     12     0.32          126             0.2736              1.58573                     0.054583
6     12     0.32          126             0.2768              1.78113                     0.0578483
6     12     0.32          126             0.28              1.70785                     0.0566459
6     12     0.32          126             0.2832              1.74543                     0.0572657
6     12     0.32          126             0.2864              1.79991                     0.0581526
6     12     0.32          126             0.2896              1.83373                     0.0586964
6     12     0.32          126             0.2928              1.71725                     0.0568015
6     12     0.32          126             0.296              1.80367                     0.0582133
6     12     0.32          126             0.2992              1.80555                     0.0582436
6     12     0.32          126             0.3024              1.65149                     0.0557033
6     12     0.32          126             0.3056              1.62143                     0.055194
6     12     0.32          126             0.3088              1.65712                     0.0557983
6     12     0.32          126             0.312              1.05966                     0.0446196
6     12     0.32          126             0.3152              1.287                     0.0491736
*******************************************************************************************************
 Average angle 126.476 +- 0.612867 deg 
 Average E' 0.109515 +- 0.000530678 GeV 
