*******************************************************************************************************
Z     A     E(GeV)     Theta(deg)     Energy Loss(GeV)     Sigma(nb/sr/GeV)     ERROR     Citation     
*******************************************************************************************************
6     12     0.32          150             0.0016              0                     0
6     12     0.32          150             0.0048              0                     0
6     12     0.32          150             0.008              0                     0
6     12     0.32          150             0.0112              0                     0
6     12     0.32          150             0.0144              0                     0
6     12     0.32          150             0.0176              0                     0
6     12     0.32          150             0.0208              0                     0
6     12     0.32          150             0.024              0                     0
6     12     0.32          150             0.0272              0                     0
6     12     0.32          150             0.0304              0                     0
6     12     0.32          150             0.0336              0                     0
6     12     0.32          150             0.0368              0                     0
6     12     0.32          150             0.04              0                     0
6     12     0.32          150             0.0432              0                     0
6     12     0.32          150             0.0464              0                     0
6     12     0.32          150             0.0496              0                     0
6     12     0.32          150             0.0528              0                     0
6     12     0.32          150             0.056              0                     0
6     12     0.32          150             0.0592              0                     0
6     12     0.32          150             0.0624              0                     0
6     12     0.32          150             0.0656              0.00304                     0.00304
6     12     0.32          150             0.0688              0.0152                     0.00679765
6     12     0.32          150             0.072              0.02736                     0.00912001
6     12     0.32          150             0.0752              0.03648                     0.0105309
6     12     0.32          150             0.0784              0.0942401                     0.016926
6     12     0.32          150             0.0816              0.1368                     0.020393
6     12     0.32          150             0.0848              0.13984                     0.0206183
6     12     0.32          150             0.088              0.18544                     0.0237432
6     12     0.32          150             0.0912              0.20976                     0.0252522
6     12     0.32          150             0.0944              0.24624                     0.02736
6     12     0.32          150             0.0976              0.27968                     0.0291587
6     12     0.32          150             0.1008              0.36176                     0.0331625
6     12     0.32          150             0.104              0.434721                     0.0363532
6     12     0.32          150             0.1072              0.516801                     0.0396368
6     12     0.32          150             0.1104              0.559361                     0.0412366
6     12     0.32          150             0.1136              0.601921                     0.0427766
6     12     0.32          150             0.1168              0.656641                     0.0446787
6     12     0.32          150             0.12              0.778241                     0.0486401
6     12     0.32          150             0.1232              0.756961                     0.0479704
6     12     0.32          150             0.1264              0.814721                     0.049767
6     12     0.32          150             0.1296              0.912001                     0.0526544
6     12     0.32          150             0.1328              0.878561                     0.0516801
6     12     0.32          150             0.136              0.893761                     0.0521252
6     12     0.32          150             0.1392              1.0488                     0.0564656
6     12     0.32          150             0.1424              1.02144                     0.0557242
6     12     0.32          150             0.1456              0.902881                     0.0523905
6     12     0.32          150             0.1488              0.826881                     0.050137
6     12     0.32          150             0.152              0.918081                     0.0528296
6     12     0.32          150             0.1552              0.887681                     0.0519476
6     12     0.32          150             0.1584              0.817761                     0.0498598
6     12     0.32          150             0.1616              0.869441                     0.0514111
6     12     0.32          150             0.1648              0.817761                     0.0498598
6     12     0.32          150             0.168              0.659681                     0.044782
6     12     0.32          150             0.1712              0.626241                     0.0436323
6     12     0.32          150             0.1744              0.680961                     0.0454986
6     12     0.32          150             0.1776              0.674881                     0.045295
6     12     0.32          150             0.1808              0.541121                     0.0405587
6     12     0.32          150             0.184              0.577601                     0.0419036
6     12     0.32          150             0.1872              0.525921                     0.039985
6     12     0.32          150             0.1904              0.489441                     0.0385733
6     12     0.32          150             0.1936              0.446881                     0.0368581
6     12     0.32          150             0.1968              0.41648                     0.0355823
6     12     0.32          150             0.2              0.459041                     0.0373562
6     12     0.32          150             0.2032              0.456001                     0.0372323
6     12     0.32          150             0.2064              0.443841                     0.0367325
6     12     0.32          150             0.2096              0.41344                     0.0354522
6     12     0.32          150             0.2128              0.36784                     0.03344
6     12     0.32          150             0.216              0.36784                     0.03344
6     12     0.32          150             0.2192              0.37392                     0.0337153
6     12     0.32          150             0.2224              0.35568                     0.0328827
6     12     0.32          150             0.2256              0.36784                     0.03344
6     12     0.32          150             0.2288              0.40736                     0.0351906
6     12     0.32          150             0.232              0.532001                     0.0402155
6     12     0.32          150             0.2352              0.601921                     0.0427766
6     12     0.32          150             0.2384              0.580641                     0.0420137
6     12     0.32          150             0.2416              0.674881                     0.045295
6     12     0.32          150             0.2448              0.720481                     0.0468003
6     12     0.32          150             0.248              0.848161                     0.0507781
6     12     0.32          150             0.2512              0.966721                     0.054211
6     12     0.32          150             0.2544              0.972801                     0.0543812
6     12     0.32          150             0.2576              0.924161                     0.0530043
6     12     0.32          150             0.2608              1.15216                     0.0591826
6     12     0.32          150             0.264              1.08832                     0.0575196
6     12     0.32          150             0.2672              1.22816                     0.0611033
6     12     0.32          150             0.2704              1.27376                     0.0622273
6     12     0.32          150             0.2736              1.38928                     0.0649879
6     12     0.32          150             0.2768              1.34976                     0.0640568
6     12     0.32          150             0.28              1.4592                     0.0666031
6     12     0.32          150             0.2832              1.47744                     0.0670181
6     12     0.32          150             0.2864              1.51392                     0.0678405
6     12     0.32          150             0.2896              1.50784                     0.0677041
6     12     0.32          150             0.2928              1.5352                     0.0683156
6     12     0.32          150             0.296              1.596                     0.0696552
6     12     0.32          150             0.2992              1.39232                     0.0650589
6     12     0.32          150             0.3024              1.4288                     0.0659057
6     12     0.32          150             0.3056              1.50176                     0.0675675
6     12     0.32          150             0.3088              1.42576                     0.0658356
6     12     0.32          150             0.312              1.21296                     0.060724
6     12     0.32          150             0.3152              0.994081                     0.0549728
*******************************************************************************************************
 Average angle 150.467 +- 1.07586 deg 
 Average E' 0.0974716 +- 0.000696937 GeV 
