*******************************************************************************************************
Z     A     E(GeV)     Theta(deg)     Energy Loss(GeV)     Sigma(nb/sr/GeV)     ERROR     Citation     
*******************************************************************************************************
6     12     0.06          58.2             0.0003              0                     0
6     12     0.06          58.2             0.0009              0                     0
6     12     0.06          58.2             0.0015              0                     0
6     12     0.06          58.2             0.0021              0                     0
6     12     0.06          58.2             0.0027              0                     0
6     12     0.06          58.2             0.0033              0                     0
6     12     0.06          58.2             0.0039              0                     0
6     12     0.06          58.2             0.0045              0                     0
6     12     0.06          58.2             0.0051              0                     0
6     12     0.06          58.2             0.0057              0                     0
6     12     0.06          58.2             0.0063              0                     0
6     12     0.06          58.2             0.0069              0                     0
6     12     0.06          58.2             0.0075              0                     0
6     12     0.06          58.2             0.0081              0                     0
6     12     0.06          58.2             0.0087              0                     0
6     12     0.06          58.2             0.0093              0                     0
6     12     0.06          58.2             0.0099              0                     0
6     12     0.06          58.2             0.0105              0                     0
6     12     0.06          58.2             0.0111              0                     0
6     12     0.06          58.2             0.0117              0                     0
6     12     0.06          58.2             0.0123              0                     0
6     12     0.06          58.2             0.0129              0                     0
6     12     0.06          58.2             0.0135              0                     0
6     12     0.06          58.2             0.0141              0                     0
6     12     0.06          58.2             0.0147              0                     0
6     12     0.06          58.2             0.0153              0                     0
6     12     0.06          58.2             0.0159              0                     0
6     12     0.06          58.2             0.0165              38.1831                     0.483951
6     12     0.06          58.2             0.0171              235.091                     1.20084
6     12     0.06          58.2             0.0177              375.593                     1.51784
6     12     0.06          58.2             0.0183              430.779                     1.62552
6     12     0.06          58.2             0.0189              458.259                     1.67657
6     12     0.06          58.2             0.0195              473.814                     1.70479
6     12     0.06          58.2             0.0201              486.321                     1.72714
6     12     0.06          58.2             0.0207              500.061                     1.75137
6     12     0.06          58.2             0.0213              508.305                     1.76574
6     12     0.06          58.2             0.0219              515.475                     1.77816
6     12     0.06          58.2             0.0225              522.523                     1.79027
6     12     0.06          58.2             0.0231              528.546                     1.80056
6     12     0.06          58.2             0.0237              537.183                     1.81521
6     12     0.06          58.2             0.0243              548.144                     1.83364
6     12     0.06          58.2             0.0249              558.277                     1.85051
6     12     0.06          58.2             0.0255              559.405                     1.85238
6     12     0.06          58.2             0.0261              569.882                     1.86964
6     12     0.06          58.2             0.0267              579.616                     1.88554
6     12     0.06          58.2             0.0273              587.67                     1.8986
6     12     0.06          58.2             0.0279              599.073                     1.91693
6     12     0.06          58.2             0.0285              610.605                     1.93529
6     12     0.06          58.2             0.0291              617.628                     1.94639
6     12     0.06          58.2             0.0297              632.404                     1.96953
6     12     0.06          58.2             0.0303              639.403                     1.9804
6     12     0.06          58.2             0.0309              663.901                     2.01798
6     12     0.06          58.2             0.0315              673.464                     2.03247
6     12     0.06          58.2             0.0321              687.603                     2.05369
6     12     0.06          58.2             0.0327              706.182                     2.08125
6     12     0.06          58.2             0.0333              717.247                     2.09749
6     12     0.06          58.2             0.0339              735.643                     2.12422
6     12     0.06          58.2             0.0345              754.198                     2.15084
6     12     0.06          58.2             0.0351              775.918                     2.18159
6     12     0.06          58.2             0.0357              800.704                     2.21616
6     12     0.06          58.2             0.0363              823.657                     2.2477
6     12     0.06          58.2             0.0369              842.396                     2.27313
6     12     0.06          58.2             0.0375              877.831                     2.32045
6     12     0.06          58.2             0.0381              904.078                     2.35488
6     12     0.06          58.2             0.0387              937.562                     2.39809
6     12     0.06          58.2             0.0393              973.096                     2.44311
6     12     0.06          58.2             0.0399              1007.12                     2.48546
6     12     0.06          58.2             0.0405              1044.32                     2.53095
6     12     0.06          58.2             0.0411              1089.82                     2.58549
6     12     0.06          58.2             0.0417              1127.75                     2.6301
6     12     0.06          58.2             0.0423              854.768                     2.28976
6     12     0.06          58.2             0.0429              413.236                     1.59208
6     12     0.06          58.2             0.0435              34.0489                     0.457001
6     12     0.06          58.2             0.0441              0                     0
6     12     0.06          58.2             0.0447              0                     0
6     12     0.06          58.2             0.0453              0                     0
6     12     0.06          58.2             0.0459              0                     0
6     12     0.06          58.2             0.0465              0                     0
6     12     0.06          58.2             0.0471              0                     0
6     12     0.06          58.2             0.0477              0                     0
6     12     0.06          58.2             0.0483              0                     0
6     12     0.06          58.2             0.0489              0                     0
6     12     0.06          58.2             0.0495              0                     0
6     12     0.06          58.2             0.0501              0                     0
6     12     0.06          58.2             0.0507              0                     0
6     12     0.06          58.2             0.0513              0                     0
6     12     0.06          58.2             0.0519              0                     0
6     12     0.06          58.2             0.0525              0                     0
6     12     0.06          58.2             0.0531              0                     0
6     12     0.06          58.2             0.0537              0                     0
6     12     0.06          58.2             0.0543              0                     0
6     12     0.06          58.2             0.0549              0                     0
6     12     0.06          58.2             0.0555              0                     0
6     12     0.06          58.2             0.0561              0                     0
6     12     0.06          58.2             0.0567              0                     0
6     12     0.06          58.2             0.0573              0                     0
6     12     0.06          58.2             0.0579              0                     0
6     12     0.06          58.2             0.0585              0                     0
6     12     0.06          58.2             0.0591              0                     0
*******************************************************************************************************
 Average angle 58.7413 +- 0.0267597 deg 
 Average E' 0.0280534 +- 1.27798e-05 GeV 
