*******************************************************************************************************
Z     A     E(GeV)     Theta(deg)     Energy Loss(GeV)     Sigma(nb/sr/GeV)     ERROR     Citation     
*******************************************************************************************************
6     12     0.1          174             0.0005              0                     0
6     12     0.1          174             0.0015              0.0350613                     0.0350613
6     12     0.1          174             0.0025              0                     0
6     12     0.1          174             0.0035              0                     0
6     12     0.1          174             0.0045              0                     0
6     12     0.1          174             0.0055              0                     0
6     12     0.1          174             0.0065              0                     0
6     12     0.1          174             0.0075              0                     0
6     12     0.1          174             0.0085              0                     0
6     12     0.1          174             0.0095              0                     0
6     12     0.1          174             0.0105              0                     0
6     12     0.1          174             0.0115              0                     0
6     12     0.1          174             0.0125              0                     0
6     12     0.1          174             0.0135              0                     0
6     12     0.1          174             0.0145              0                     0
6     12     0.1          174             0.0155              0                     0
6     12     0.1          174             0.0165              0.0350613                     0.0350613
6     12     0.1          174             0.0175              0.0350613                     0.0350613
6     12     0.1          174             0.0185              0                     0
6     12     0.1          174             0.0195              0                     0
6     12     0.1          174             0.0205              0                     0
6     12     0.1          174             0.0215              0                     0
6     12     0.1          174             0.0225              0.315552                     0.105184
6     12     0.1          174             0.0235              0.245429                     0.0927636
6     12     0.1          174             0.0245              0.841472                     0.171765
6     12     0.1          174             0.0255              0.560981                     0.140245
6     12     0.1          174             0.0265              0.946656                     0.182184
6     12     0.1          174             0.0275              1.57776                     0.235199
6     12     0.1          174             0.0285              1.9985                     0.264707
6     12     0.1          174             0.0295              2.31405                     0.28484
6     12     0.1          174             0.0305              2.31405                     0.28484
6     12     0.1          174             0.0315              2.55948                     0.299564
6     12     0.1          174             0.0325              2.73478                     0.309653
6     12     0.1          174             0.0335              2.45429                     0.293344
6     12     0.1          174             0.0345              3.22564                     0.336296
6     12     0.1          174             0.0355              2.80491                     0.313598
6     12     0.1          174             0.0365              3.19058                     0.334464
6     12     0.1          174             0.0375              2.98021                     0.32325
6     12     0.1          174             0.0385              3.29577                     0.339932
6     12     0.1          174             0.0395              2.87503                     0.317494
6     12     0.1          174             0.0405              2.94515                     0.321342
6     12     0.1          174             0.0415              3.82169                     0.366051
6     12     0.1          174             0.0425              4.31254                     0.388849
6     12     0.1          174             0.0435              3.61132                     0.355834
6     12     0.1          174             0.0445              3.89181                     0.369394
6     12     0.1          174             0.0455              4.27748                     0.387265
6     12     0.1          174             0.0465              4.52291                     0.39822
6     12     0.1          174             0.0475              4.52291                     0.39822
6     12     0.1          174             0.0485              4.76834                     0.408882
6     12     0.1          174             0.0495              5.29426                     0.430841
6     12     0.1          174             0.0505              4.66316                     0.404347
6     12     0.1          174             0.0515              4.55797                     0.399761
6     12     0.1          174             0.0525              4.6281                     0.402824
6     12     0.1          174             0.0535              5.715                     0.447633
6     12     0.1          174             0.0545              5.57475                     0.442107
6     12     0.1          174             0.0555              6.13573                     0.463818
6     12     0.1          174             0.0565              5.85524                     0.453092
6     12     0.1          174             0.0575              5.99549                     0.458486
6     12     0.1          174             0.0585              5.29426                     0.430841
6     12     0.1          174             0.0595              6.48635                     0.476886
6     12     0.1          174             0.0605              5.39944                     0.4351
6     12     0.1          174             0.0615              5.39944                     0.4351
6     12     0.1          174             0.0625              5.60981                     0.443495
6     12     0.1          174             0.0635              4.90859                     0.414851
6     12     0.1          174             0.0645              5.85524                     0.453092
6     12     0.1          174             0.0655              5.67994                     0.446258
6     12     0.1          174             0.0665              5.39944                     0.4351
6     12     0.1          174             0.0675              4.87353                     0.413367
6     12     0.1          174             0.0685              5.01377                     0.419273
6     12     0.1          174             0.0695              4.38267                     0.391998
6     12     0.1          174             0.0705              4.24242                     0.385675
6     12     0.1          174             0.0715              3.61132                     0.355834
6     12     0.1          174             0.0725              4.13724                     0.380864
6     12     0.1          174             0.0735              4.52291                     0.39822
6     12     0.1          174             0.0745              3.82169                     0.366051
6     12     0.1          174             0.0755              3.68144                     0.359272
6     12     0.1          174             0.0765              3.22564                     0.336296
6     12     0.1          174             0.0775              3.29577                     0.339932
6     12     0.1          174             0.0785              2.94515                     0.321342
6     12     0.1          174             0.0795              2.24393                     0.280491
6     12     0.1          174             0.0805              2.6296                     0.30364
6     12     0.1          174             0.0815              2.13874                     0.273838
6     12     0.1          174             0.0825              2.41923                     0.291241
6     12     0.1          174             0.0835              1.96343                     0.262375
6     12     0.1          174             0.0845              1.61282                     0.237798
6     12     0.1          174             0.0855              1.33233                     0.216133
6     12     0.1          174             0.0865              1.78813                     0.250388
6     12     0.1          174             0.0875              1.12196                     0.198337
6     12     0.1          174             0.0885              0.596043                     0.144562
6     12     0.1          174             0.0895              0.596043                     0.144562
6     12     0.1          174             0.0905              0.350613                     0.110874
6     12     0.1          174             0.0915              0.0701227                     0.0495842
6     12     0.1          174             0.0925              0.0350613                     0.0350613
6     12     0.1          174             0.0935              0                     0
6     12     0.1          174             0.0945              0                     0
6     12     0.1          174             0.0955              0                     0
6     12     0.1          174             0.0965              0                     0
6     12     0.1          174             0.0975              0                     0
6     12     0.1          174             0.0985              0                     0
*******************************************************************************************************
 Average angle 175.37 +- 2.1234 deg 
 Average E' 0.0429072 +- 0.000519525 GeV 
