*******************************************************************************************************
Z     A     E(GeV)     Theta(deg)     Energy Loss(GeV)     Sigma(nb/sr/GeV)     ERROR     Citation     
*******************************************************************************************************
6     12     0.06          49.5             0.0003              0                     0
6     12     0.06          49.5             0.0009              0                     0
6     12     0.06          49.5             0.0015              0                     0
6     12     0.06          49.5             0.0021              0                     0
6     12     0.06          49.5             0.0027              0                     0
6     12     0.06          49.5             0.0033              0                     0
6     12     0.06          49.5             0.0039              0                     0
6     12     0.06          49.5             0.0045              0                     0
6     12     0.06          49.5             0.0051              0                     0
6     12     0.06          49.5             0.0057              0                     0
6     12     0.06          49.5             0.0063              0                     0
6     12     0.06          49.5             0.0069              0                     0
6     12     0.06          49.5             0.0075              0                     0
6     12     0.06          49.5             0.0081              0                     0
6     12     0.06          49.5             0.0087              0                     0
6     12     0.06          49.5             0.0093              0                     0
6     12     0.06          49.5             0.0099              0                     0
6     12     0.06          49.5             0.0105              0                     0
6     12     0.06          49.5             0.0111              0                     0
6     12     0.06          49.5             0.0117              0                     0
6     12     0.06          49.5             0.0123              0                     0
6     12     0.06          49.5             0.0129              0                     0
6     12     0.06          49.5             0.0135              0                     0
6     12     0.06          49.5             0.0141              0                     0
6     12     0.06          49.5             0.0147              0                     0
6     12     0.06          49.5             0.0153              0                     0
6     12     0.06          49.5             0.0159              0                     0
6     12     0.06          49.5             0.0165              146.842                     1.00334
6     12     0.06          49.5             0.0171              558.923                     1.9575
6     12     0.06          49.5             0.0177              725.962                     2.23091
6     12     0.06          49.5             0.0183              783.158                     2.31713
6     12     0.06          49.5             0.0189              814.064                     2.36241
6     12     0.06          49.5             0.0195              840.376                     2.40028
6     12     0.06          49.5             0.0201              856.631                     2.42338
6     12     0.06          49.5             0.0207              866.366                     2.43711
6     12     0.06          49.5             0.0213              881.736                     2.45864
6     12     0.06          49.5             0.0219              897.36                     2.48033
6     12     0.06          49.5             0.0225              906.76                     2.49328
6     12     0.06          49.5             0.0231              921.287                     2.51317
6     12     0.06          49.5             0.0237              933.668                     2.53001
6     12     0.06          49.5             0.0243              942.224                     2.54157
6     12     0.06          49.5             0.0249              964.855                     2.57191
6     12     0.06          49.5             0.0255              976.866                     2.58787
6     12     0.06          49.5             0.0261              992.044                     2.6079
6     12     0.06          49.5             0.0267              1006.34                     2.62662
6     12     0.06          49.5             0.0273              1023.24                     2.64859
6     12     0.06          49.5             0.0279              1039.86                     2.67001
6     12     0.06          49.5             0.0285              1062.98                     2.69953
6     12     0.06          49.5             0.0291              1080.3                     2.72144
6     12     0.06          49.5             0.0297              1104.05                     2.75119
6     12     0.06          49.5             0.0303              1121.14                     2.77239
6     12     0.06          49.5             0.0309              1149.75                     2.80755
6     12     0.06          49.5             0.0315              1172.77                     2.83552
6     12     0.06          49.5             0.0321              1197.19                     2.86489
6     12     0.06          49.5             0.0327              1231.94                     2.90616
6     12     0.06          49.5             0.0333              1262.29                     2.94174
6     12     0.06          49.5             0.0339              1295.34                     2.98001
6     12     0.06          49.5             0.0345              1322.26                     3.01081
6     12     0.06          49.5             0.0351              1366.97                     3.06129
6     12     0.06          49.5             0.0357              1227.36                     2.90075
6     12     0.06          49.5             0.0363              925.194                     2.5185
6     12     0.06          49.5             0.0369              593.763                     2.01759
6     12     0.06          49.5             0.0375              249.019                     1.3066
6     12     0.06          49.5             0.0381              6.33465                     0.208395
6     12     0.06          49.5             0.0387              0                     0
6     12     0.06          49.5             0.0393              0                     0
6     12     0.06          49.5             0.0399              0                     0
6     12     0.06          49.5             0.0405              0                     0
6     12     0.06          49.5             0.0411              0                     0
6     12     0.06          49.5             0.0417              0                     0
6     12     0.06          49.5             0.0423              0                     0
6     12     0.06          49.5             0.0429              0                     0
6     12     0.06          49.5             0.0435              0                     0
6     12     0.06          49.5             0.0441              0                     0
6     12     0.06          49.5             0.0447              0                     0
6     12     0.06          49.5             0.0453              0                     0
6     12     0.06          49.5             0.0459              0                     0
6     12     0.06          49.5             0.0465              0                     0
6     12     0.06          49.5             0.0471              0                     0
6     12     0.06          49.5             0.0477              0                     0
6     12     0.06          49.5             0.0483              0                     0
6     12     0.06          49.5             0.0489              0                     0
6     12     0.06          49.5             0.0495              0                     0
6     12     0.06          49.5             0.0501              0                     0
6     12     0.06          49.5             0.0507              0                     0
6     12     0.06          49.5             0.0513              0                     0
6     12     0.06          49.5             0.0519              0                     0
6     12     0.06          49.5             0.0525              0                     0
6     12     0.06          49.5             0.0531              0                     0
6     12     0.06          49.5             0.0537              0                     0
6     12     0.06          49.5             0.0543              0                     0
6     12     0.06          49.5             0.0549              0                     0
6     12     0.06          49.5             0.0555              0                     0
6     12     0.06          49.5             0.0561              0                     0
6     12     0.06          49.5             0.0567              0                     0
6     12     0.06          49.5             0.0573              0                     0
6     12     0.06          49.5             0.0579              0                     0
6     12     0.06          49.5             0.0585              0                     0
6     12     0.06          49.5             0.0591              0                     0
*******************************************************************************************************
 Average angle 50.0547 +- 0.0223302 deg 
 Average E' 0.0321897 +- 1.43603e-05 GeV 
