*******************************************************************************************************
Z     A     E(GeV)     Theta(deg)     Energy Loss(GeV)     Sigma(nb/sr/GeV)     ERROR     Citation     
*******************************************************************************************************
6     12     0.32          84             0.0016              0                     0
6     12     0.32          84             0.0048              0                     0
6     12     0.32          84             0.008              0                     0
6     12     0.32          84             0.0112              0                     0
6     12     0.32          84             0.0144              0                     0
6     12     0.32          84             0.0176              0                     0
6     12     0.32          84             0.0208              0                     0
6     12     0.32          84             0.024              0                     0
6     12     0.32          84             0.0272              0                     0
6     12     0.32          84             0.0304              0                     0
6     12     0.32          84             0.0336              0                     0
6     12     0.32          84             0.0368              0                     0
6     12     0.32          84             0.04              0.0106986                     0.0040437
6     12     0.32          84             0.0432              0.152837                     0.0152837
6     12     0.32          84             0.0464              0.444757                     0.0260721
6     12     0.32          84             0.0496              0.92161                     0.0375308
6     12     0.32          84             0.0528              1.43362                     0.0468092
6     12     0.32          84             0.056              2.12138                     0.0569409
6     12     0.32          84             0.0592              2.68841                     0.0641007
6     12     0.32          84             0.0624              3.25849                     0.0705705
6     12     0.32          84             0.0656              3.69561                     0.075155
6     12     0.32          84             0.0688              4.09146                     0.0790777
6     12     0.32          84             0.072              4.57901                     0.0836567
6     12     0.32          84             0.0752              4.87246                     0.0862956
6     12     0.32          84             0.0784              5.27289                     0.0897717
6     12     0.32          84             0.0816              5.57704                     0.0923244
6     12     0.32          84             0.0848              5.72988                     0.093581
6     12     0.32          84             0.088              5.99581                     0.095728
6     12     0.32          84             0.0912              6.14406                     0.0969042
6     12     0.32          84             0.0944              6.06917                     0.0963118
6     12     0.32          84             0.0976              5.88577                     0.0948454
6     12     0.32          84             0.1008              5.64887                     0.0929171
6     12     0.32          84             0.104              5.49145                     0.0916133
6     12     0.32          84             0.1072              5.27289                     0.0897717
6     12     0.32          84             0.1104              5.21023                     0.0892366
6     12     0.32          84             0.1136              4.95805                     0.0870503
6     12     0.32          84             0.1168              4.69364                     0.0846973
6     12     0.32          84             0.12              4.39102                     0.0819214
6     12     0.32          84             0.1232              4.04561                     0.0786333
6     12     0.32          84             0.1264              3.86832                     0.0768911
6     12     0.32          84             0.1296              3.51985                     0.073346
6     12     0.32          84             0.1328              3.22334                     0.0701888
6     12     0.32          84             0.136              3.03535                     0.0681113
6     12     0.32          84             0.1392              2.87182                     0.0662511
6     12     0.32          84             0.1424              2.49125                     0.0617055
6     12     0.32          84             0.1456              2.38732                     0.0604046
6     12     0.32          84             0.1488              2.20544                     0.0580581
6     12     0.32          84             0.152              1.87379                     0.0535149
6     12     0.32          84             0.1552              1.6965                     0.0509203
6     12     0.32          84             0.1584              1.50392                     0.0479432
6     12     0.32          84             0.1616              1.27619                     0.0441645
6     12     0.32          84             0.1648              1.20283                     0.0428763
6     12     0.32          84             0.168              1.05916                     0.0402343
6     12     0.32          84             0.1712              0.924666                     0.037593
6     12     0.32          84             0.1744              0.887985                     0.0368398
6     12     0.32          84             0.1776              0.745847                     0.0337629
6     12     0.32          84             0.1808              0.6679                     0.03195
6     12     0.32          84             0.184              0.562442                     0.0293193
6     12     0.32          84             0.1872              0.534931                     0.0285933
6     12     0.32          84             0.1904              0.560913                     0.0292794
6     12     0.32          84             0.1936              0.603708                     0.0303758
6     12     0.32          84             0.1968              0.664843                     0.0318768
6     12     0.32          84             0.2              0.730563                     0.0334152
6     12     0.32          84             0.2032              0.759602                     0.0340728
6     12     0.32          84             0.2064              0.965933                     0.0384227
6     12     0.32          84             0.2096              0.907854                     0.0372497
6     12     0.32          84             0.2128              1.05458                     0.0401471
6     12     0.32          84             0.216              1.14628                     0.0418563
6     12     0.32          84             0.2192              1.21353                     0.0430665
6     12     0.32          84             0.2224              1.41527                     0.0465088
6     12     0.32          84             0.2256              1.46418                     0.0473056
6     12     0.32          84             0.2288              1.66898                     0.0505058
6     12     0.32          84             0.232              1.6644                     0.0504364
6     12     0.32          84             0.2352              1.8799                     0.0536022
6     12     0.32          84             0.2384              1.89977                     0.0538847
6     12     0.32          84             0.2416              1.97619                     0.0549578
6     12     0.32          84             0.2448              2.04496                     0.0559059
6     12     0.32          84             0.248              2.23295                     0.0584191
6     12     0.32          84             0.2512              2.28339                     0.0590752
6     12     0.32          84             0.2544              2.45763                     0.0612876
6     12     0.32          84             0.2576              2.48972                     0.0616865
6     12     0.32          84             0.2608              2.56767                     0.0626447
6     12     0.32          84             0.264              2.64103                     0.0635333
6     12     0.32          84             0.2672              2.58754                     0.0628866
6     12     0.32          84             0.2704              2.68841                     0.0641007
6     12     0.32          84             0.2736              2.66854                     0.0638634
6     12     0.32          84             0.2768              2.69452                     0.0641735
6     12     0.32          84             0.28              2.64867                     0.0636252
6     12     0.32          84             0.2832              2.70522                     0.0643008
6     12     0.32          84             0.2864              2.77247                     0.0650951
6     12     0.32          84             0.2896              2.63033                     0.0634045
6     12     0.32          84             0.2928              2.65631                     0.0637169
6     12     0.32          84             0.296              2.46374                     0.0613638
6     12     0.32          84             0.2992              2.47138                     0.0614589
6     12     0.32          84             0.3024              2.05719                     0.0560728
6     12     0.32          84             0.3056              1.62313                     0.0498072
6     12     0.32          84             0.3088              1.81724                     0.0527012
6     12     0.32          84             0.312              1.90435                     0.0539497
6     12     0.32          84             0.3152              2.16418                     0.0575124
*******************************************************************************************************
 Average angle 84.4731 +- 0.221575 deg 
 Average E' 0.159962 +- 0.000419584 GeV 
