*******************************************************************************************************
Z     A     E(GeV)     Theta(deg)     Energy Loss(GeV)     Sigma(nb/sr/GeV)     ERROR     Citation     
*******************************************************************************************************
6     12     0.08          118             0.0004              0.202179                     0.0275131
6     12     0.08          118             0.0012              0.299525                     0.0334879
6     12     0.08          118             0.002              0.2209                     0.0287587
6     12     0.08          118             0.0028              0.2209                     0.0287587
6     12     0.08          118             0.0036              0.295781                     0.033278
6     12     0.08          118             0.0044              0.318245                     0.0345186
6     12     0.08          118             0.0052              0.284549                     0.03264
6     12     0.08          118             0.006              0.34071                     0.0357161
6     12     0.08          118             0.0068              0.389383                     0.0381821
6     12     0.08          118             0.0076              0.381895                     0.0378132
6     12     0.08          118             0.0084              0.400615                     0.0387289
6     12     0.08          118             0.0092              0.464264                     0.0416921
6     12     0.08          118             0.01              0.456776                     0.0413545
6     12     0.08          118             0.0108              0.475496                     0.0421935
6     12     0.08          118             0.0116              0.527913                     0.0444583
6     12     0.08          118             0.0124              0.490472                     0.0428528
6     12     0.08          118             0.0132              0.569098                     0.0461599
6     12     0.08          118             0.014              0.617771                     0.0480934
6     12     0.08          118             0.0148              0.49796                     0.0431786
6     12     0.08          118             0.0156              0.494216                     0.043016
6     12     0.08          118             0.0164              0.505449                     0.0435021
6     12     0.08          118             0.0172              0.539145                     0.0449288
6     12     0.08          118             0.018              0.565354                     0.0460078
6     12     0.08          118             0.0188              1.75222                     0.0809965
6     12     0.08          118             0.0196              4.3843                     0.128121
6     12     0.08          118             0.0204              8.03476                     0.173444
6     12     0.08          118             0.0212              11.7788                     0.210002
6     12     0.08          118             0.022              15.5304                     0.241136
6     12     0.08          118             0.0228              19.1958                     0.268086
6     12     0.08          118             0.0236              21.1951                     0.281702
6     12     0.08          118             0.0244              24.284                     0.301531
6     12     0.08          118             0.0252              25.1526                     0.306876
6     12     0.08          118             0.026              26.5342                     0.315191
6     12     0.08          118             0.0268              28.3575                     0.325841
6     12     0.08          118             0.0276              28.1628                     0.324721
6     12     0.08          118             0.0284              29.4508                     0.332063
6     12     0.08          118             0.0292              30.3456                     0.33707
6     12     0.08          118             0.03              30.3157                     0.336903
6     12     0.08          118             0.0308              31.3753                     0.34274
6     12     0.08          118             0.0316              32.3749                     0.348158
6     12     0.08          118             0.0324              32.8429                     0.350665
6     12     0.08          118             0.0332              33.4382                     0.353829
6     12     0.08          118             0.034              34.348                     0.35861
6     12     0.08          118             0.0348              35.1755                     0.362904
6     12     0.08          118             0.0356              35.9767                     0.367014
6     12     0.08          118             0.0364              37.5492                     0.374949
6     12     0.08          118             0.0372              37.845                     0.376423
6     12     0.08          118             0.038              38.0509                     0.377445
6     12     0.08          118             0.0388              38.5451                     0.379889
6     12     0.08          118             0.0396              39.7732                     0.385893
6     12     0.08          118             0.0404              41.0349                     0.391966
6     12     0.08          118             0.0412              42.0496                     0.396782
6     12     0.08          118             0.042              43.39                     0.403057
6     12     0.08          118             0.0428              43.8729                     0.405294
6     12     0.08          118             0.0436              45.1047                     0.410944
6     12     0.08          118             0.0444              46.1606                     0.415726
6     12     0.08          118             0.0452              47.8267                     0.423162
6     12     0.08          118             0.046              49.1296                     0.428887
6     12     0.08          118             0.0468              50.1255                     0.433213
6     12     0.08          118             0.0476              51.3236                     0.438359
6     12     0.08          118             0.0484              52.3008                     0.442513
6     12     0.08          118             0.0492              55.5769                     0.456162
6     12     0.08          118             0.05              56.2583                     0.45895
6     12     0.08          118             0.0508              59.2086                     0.47083
6     12     0.08          118             0.0516              61.3689                     0.479343
6     12     0.08          118             0.0524              63.9336                     0.489256
6     12     0.08          118             0.0532              66.4459                     0.498776
6     12     0.08          118             0.054              69.0368                     0.508407
6     12     0.08          118             0.0548              72.4626                     0.520869
6     12     0.08          118             0.0556              77.7043                     0.539379
6     12     0.08          118             0.0564              79.9208                     0.547018
6     12     0.08          118             0.0572              82.9123                     0.557161
6     12     0.08          118             0.058              81.9987                     0.554083
6     12     0.08          118             0.0588              80.6921                     0.549651
6     12     0.08          118             0.0596              79.9695                     0.547184
6     12     0.08          118             0.0604              78.1386                     0.540884
6     12     0.08          118             0.0612              77.7717                     0.539613
6     12     0.08          118             0.062              76.6672                     0.535768
6     12     0.08          118             0.0628              76.2479                     0.5343
6     12     0.08          118             0.0636              75.0011                     0.529914
6     12     0.08          118             0.0644              73.3462                     0.524035
6     12     0.08          118             0.0652              72.1219                     0.519643
6     12     0.08          118             0.066              71.1896                     0.516274
6     12     0.08          118             0.0668              70.1862                     0.512622
6     12     0.08          118             0.0676              69.2839                     0.509317
6     12     0.08          118             0.0684              69.2502                     0.509193
6     12     0.08          118             0.0692              68.4827                     0.506363
6     12     0.08          118             0.07              69.224                     0.509096
6     12     0.08          118             0.0708              69.9653                     0.511815
6     12     0.08          118             0.0716              70.4446                     0.513565
6     12     0.08          118             0.0724              73.9415                     0.526158
6     12     0.08          118             0.0732              79.5164                     0.545632
6     12     0.08          118             0.074              88.5434                     0.575771
6     12     0.08          118             0.0748              112.79                     0.64984
6     12     0.08          118             0.0756              114.598                     0.655029
6     12     0.08          118             0.0764              0                     0
6     12     0.08          118             0.0772              0                     0
6     12     0.08          118             0.078              0                     0
6     12     0.08          118             0.0788              0                     0
*******************************************************************************************************
 Average angle 118.425 +- 0.117557 deg 
 Average E' 0.0256423 +- 2.54542e-05 GeV 
