*******************************************************************************************************
Z     A     E(GeV)     Theta(deg)     Energy Loss(GeV)     Sigma(nb/sr/GeV)     ERROR     Citation     
*******************************************************************************************************
6     12     0.08          108.7             0.0004              0.223363                     0.0279204
6     12     0.08          108.7             0.0012              0.258264                     0.0300226
6     12     0.08          108.7             0.002              0.279204                     0.031216
6     12     0.08          108.7             0.0028              0.282694                     0.0314105
6     12     0.08          108.7             0.0036              0.310615                     0.0329251
6     12     0.08          108.7             0.0044              0.345515                     0.0347256
6     12     0.08          108.7             0.0052              0.317595                     0.033293
6     12     0.08          108.7             0.006              0.446727                     0.0394854
6     12     0.08          108.7             0.0068              0.373435                     0.0361014
6     12     0.08          108.7             0.0076              0.362965                     0.0355917
6     12     0.08          108.7             0.0084              0.443236                     0.0393309
6     12     0.08          108.7             0.0092              0.436256                     0.03902
6     12     0.08          108.7             0.01              0.506057                     0.0420258
6     12     0.08          108.7             0.0108              0.446727                     0.0394854
6     12     0.08          108.7             0.0116              0.533978                     0.0431695
6     12     0.08          108.7             0.0124              0.575858                     0.0448305
6     12     0.08          108.7             0.0132              0.568878                     0.044558
6     12     0.08          108.7             0.014              0.509547                     0.0421704
6     12     0.08          108.7             0.0148              0.589819                     0.0453707
6     12     0.08          108.7             0.0156              0.533978                     0.0431695
6     12     0.08          108.7             0.0164              0.544448                     0.0435907
6     12     0.08          108.7             0.0172              0.589819                     0.0453707
6     12     0.08          108.7             0.018              0.813182                     0.0532733
6     12     0.08          108.7             0.0188              3.22481                     0.106088
6     12     0.08          108.7             0.0196              7.96081                     0.166684
6     12     0.08          108.7             0.0204              13.4821                     0.216917
6     12     0.08          108.7             0.0212              18.5461                     0.254415
6     12     0.08          108.7             0.022              23.2088                     0.284605
6     12     0.08          108.7             0.0228              27.1317                     0.307719
6     12     0.08          108.7             0.0236              30.6357                     0.326986
6     12     0.08          108.7             0.0244              32.5168                     0.336876
6     12     0.08          108.7             0.0252              33.7802                     0.343358
6     12     0.08          108.7             0.026              35.4624                     0.351803
6     12     0.08          108.7             0.0268              36.7677                     0.358219
6     12     0.08          108.7             0.0276              37.5669                     0.362092
6     12     0.08          108.7             0.0284              38.6349                     0.367202
6     12     0.08          108.7             0.0292              38.9943                     0.368907
6     12     0.08          108.7             0.03              40.0832                     0.374022
6     12     0.08          108.7             0.0308              41.6223                     0.381135
6     12     0.08          108.7             0.0316              42.1179                     0.383398
6     12     0.08          108.7             0.0324              42.3797                     0.384587
6     12     0.08          108.7             0.0332              43.4372                     0.389356
6     12     0.08          108.7             0.034              44.2922                     0.393169
6     12     0.08          108.7             0.0348              44.9519                     0.396086
6     12     0.08          108.7             0.0356              45.9814                     0.400596
6     12     0.08          108.7             0.0364              47.3949                     0.406707
6     12     0.08          108.7             0.0372              48.1522                     0.409944
6     12     0.08          108.7             0.038              48.7595                     0.41252
6     12     0.08          108.7             0.0388              50.1171                     0.418224
6     12     0.08          108.7             0.0396              50.3091                     0.419024
6     12     0.08          108.7             0.0404              52.6474                     0.428652
6     12     0.08          108.7             0.0412              54.0993                     0.434522
6     12     0.08          108.7             0.042              54.2354                     0.435068
6     12     0.08          108.7             0.0428              56.0363                     0.442232
6     12     0.08          108.7             0.0436              57.9069                     0.449553
6     12     0.08          108.7             0.0444              58.6643                     0.452483
6     12     0.08          108.7             0.0452              60.4721                     0.459403
6     12     0.08          108.7             0.046              61.4458                     0.463086
6     12     0.08          108.7             0.0468              64.1541                     0.473182
6     12     0.08          108.7             0.0476              64.9638                     0.476159
6     12     0.08          108.7             0.0484              67.8396                     0.486584
6     12     0.08          108.7             0.0492              70.1814                     0.494911
6     12     0.08          108.7             0.05              72.5442                     0.503173
6     12     0.08          108.7             0.0508              73.8076                     0.507535
6     12     0.08          108.7             0.0516              77.3116                     0.519443
6     12     0.08          108.7             0.0524              79.4685                     0.526639
6     12     0.08          108.7             0.0532              82.6235                     0.536992
6     12     0.08          108.7             0.054              87.2792                     0.551914
6     12     0.08          108.7             0.0548              90.9961                     0.563543
6     12     0.08          108.7             0.0556              96.9257                     0.581615
6     12     0.08          108.7             0.0564              101.634                     0.595573
6     12     0.08          108.7             0.0572              104.939                     0.605179
6     12     0.08          108.7             0.058              103.937                     0.602284
6     12     0.08          108.7             0.0588              101.229                     0.594385
6     12     0.08          108.7             0.0596              97.9832                     0.584779
6     12     0.08          108.7             0.0604              97.4387                     0.583152
6     12     0.08          108.7             0.0612              96.4929                     0.580315
6     12     0.08          108.7             0.062              94.0708                     0.572985
6     12     0.08          108.7             0.0628              92.1548                     0.56712
6     12     0.08          108.7             0.0636              92.4689                     0.568086
6     12     0.08          108.7             0.0644              90.6436                     0.562451
6     12     0.08          108.7             0.0652              89.2581                     0.558135
6     12     0.08          108.7             0.066              86.6789                     0.550013
6     12     0.08          108.7             0.0668              86.1519                     0.548338
6     12     0.08          108.7             0.0676              85.063                     0.544862
6     12     0.08          108.7             0.0684              85.2445                     0.545443
6     12     0.08          108.7             0.0692              84.9792                     0.544593
6     12     0.08          108.7             0.07              84.8466                     0.544168
6     12     0.08          108.7             0.0708              85.6947                     0.546881
6     12     0.08          108.7             0.0716              88.1412                     0.554633
6     12     0.08          108.7             0.0724              92.0152                     0.56669
6     12     0.08          108.7             0.0732              99.1872                     0.588361
6     12     0.08          108.7             0.074              113.849                     0.630348
6     12     0.08          108.7             0.0748              147.339                     0.717093
6     12     0.08          108.7             0.0756              18.7102                     0.255538
6     12     0.08          108.7             0.0764              0                     0
6     12     0.08          108.7             0.0772              0                     0
6     12     0.08          108.7             0.078              0                     0
6     12     0.08          108.7             0.0788              0                     0
*******************************************************************************************************
 Average angle 109.125 +- 0.0942032 deg 
 Average E' 0.0265286 +- 2.29011e-05 GeV 
