*******************************************************************************************************
Z     A     E(GeV)     Theta(deg)     Energy Loss(GeV)     Sigma(nb/sr/GeV)     ERROR     Citation     
*******************************************************************************************************
6     12     0.06          43.7             0.0003              0                     0
6     12     0.06          43.7             0.0009              0                     0
6     12     0.06          43.7             0.0015              0                     0
6     12     0.06          43.7             0.0021              0                     0
6     12     0.06          43.7             0.0027              0                     0
6     12     0.06          43.7             0.0033              0                     0
6     12     0.06          43.7             0.0039              0                     0
6     12     0.06          43.7             0.0045              0                     0
6     12     0.06          43.7             0.0051              0                     0
6     12     0.06          43.7             0.0057              0                     0
6     12     0.06          43.7             0.0063              0                     0
6     12     0.06          43.7             0.0069              0                     0
6     12     0.06          43.7             0.0075              0                     0
6     12     0.06          43.7             0.0081              0                     0
6     12     0.06          43.7             0.0087              0                     0
6     12     0.06          43.7             0.0093              0                     0
6     12     0.06          43.7             0.0099              0                     0
6     12     0.06          43.7             0.0105              0                     0
6     12     0.06          43.7             0.0111              0                     0
6     12     0.06          43.7             0.0117              0                     0
6     12     0.06          43.7             0.0123              0                     0
6     12     0.06          43.7             0.0129              0                     0
6     12     0.06          43.7             0.0135              0                     0
6     12     0.06          43.7             0.0141              0                     0
6     12     0.06          43.7             0.0147              0                     0
6     12     0.06          43.7             0.0153              0                     0
6     12     0.06          43.7             0.0159              0                     0
6     12     0.06          43.7             0.0165              356.468                     1.64005
6     12     0.06          43.7             0.0171              974.797                     2.71208
6     12     0.06          43.7             0.0177              1151                     2.94702
6     12     0.06          43.7             0.0183              1221.56                     3.03601
6     12     0.06          43.7             0.0189              1255.78                     3.07824
6     12     0.06          43.7             0.0195              1290.67                     3.12071
6     12     0.06          43.7             0.0201              1316.68                     3.152
6     12     0.06          43.7             0.0207              1334.35                     3.17308
6     12     0.06          43.7             0.0213              1353.64                     3.19594
6     12     0.06          43.7             0.0219              1377.24                     3.22367
6     12     0.06          43.7             0.0225              1386.55                     3.23455
6     12     0.06          43.7             0.0231              1409.53                     3.26124
6     12     0.06          43.7             0.0237              1430.2                     3.28507
6     12     0.06          43.7             0.0243              1452.86                     3.31099
6     12     0.06          43.7             0.0249              1470.1                     3.33057
6     12     0.06          43.7             0.0255              1494.08                     3.35763
6     12     0.06          43.7             0.0261              1521.15                     3.38791
6     12     0.06          43.7             0.0267              1549.95                     3.41983
6     12     0.06          43.7             0.0273              1572.24                     3.44433
6     12     0.06          43.7             0.0279              1604.13                     3.47909
6     12     0.06          43.7             0.0285              1632.42                     3.50964
6     12     0.06          43.7             0.0291              1472.22                     3.33297
6     12     0.06          43.7             0.0297              1223.66                     3.03862
6     12     0.06          43.7             0.0303              968.043                     2.70267
6     12     0.06          43.7             0.0309              702.387                     2.30215
6     12     0.06          43.7             0.0315              422.008                     1.78446
6     12     0.06          43.7             0.0321              123.913                     0.966952
6     12     0.06          43.7             0.0327              0                     0
6     12     0.06          43.7             0.0333              0                     0
6     12     0.06          43.7             0.0339              0                     0
6     12     0.06          43.7             0.0345              0                     0
6     12     0.06          43.7             0.0351              0                     0
6     12     0.06          43.7             0.0357              0                     0
6     12     0.06          43.7             0.0363              0                     0
6     12     0.06          43.7             0.0369              0                     0
6     12     0.06          43.7             0.0375              0                     0
6     12     0.06          43.7             0.0381              0                     0
6     12     0.06          43.7             0.0387              0                     0
6     12     0.06          43.7             0.0393              0                     0
6     12     0.06          43.7             0.0399              0                     0
6     12     0.06          43.7             0.0405              0                     0
6     12     0.06          43.7             0.0411              0                     0
6     12     0.06          43.7             0.0417              0                     0
6     12     0.06          43.7             0.0423              0                     0
6     12     0.06          43.7             0.0429              0                     0
6     12     0.06          43.7             0.0435              0                     0
6     12     0.06          43.7             0.0441              0                     0
6     12     0.06          43.7             0.0447              0                     0
6     12     0.06          43.7             0.0453              0                     0
6     12     0.06          43.7             0.0459              0                     0
6     12     0.06          43.7             0.0465              0                     0
6     12     0.06          43.7             0.0471              0                     0
6     12     0.06          43.7             0.0477              0                     0
6     12     0.06          43.7             0.0483              0                     0
6     12     0.06          43.7             0.0489              0                     0
6     12     0.06          43.7             0.0495              0                     0
6     12     0.06          43.7             0.0501              0                     0
6     12     0.06          43.7             0.0507              0                     0
6     12     0.06          43.7             0.0513              0                     0
6     12     0.06          43.7             0.0519              0                     0
6     12     0.06          43.7             0.0525              0                     0
6     12     0.06          43.7             0.0531              0                     0
6     12     0.06          43.7             0.0537              0                     0
6     12     0.06          43.7             0.0543              0                     0
6     12     0.06          43.7             0.0549              0                     0
6     12     0.06          43.7             0.0555              0                     0
6     12     0.06          43.7             0.0561              0                     0
6     12     0.06          43.7             0.0567              0                     0
6     12     0.06          43.7             0.0573              0                     0
6     12     0.06          43.7             0.0579              0                     0
6     12     0.06          43.7             0.0585              0                     0
6     12     0.06          43.7             0.0591              0                     0
*******************************************************************************************************
 Average angle 44.2841 +- 0.021154 deg 
 Average E' 0.0358766 +- 1.71378e-05 GeV 
