*******************************************************************************************************
Z     A     E(GeV)     Theta(deg)     Energy Loss(GeV)     Sigma(nb/sr/GeV)     ERROR     Citation     
*******************************************************************************************************
6     12     0.12          169.2             0.0006              0                     0
6     12     0.12          169.2             0.0018              0                     0
6     12     0.12          169.2             0.003              0                     0
6     12     0.12          169.2             0.0042              0                     0
6     12     0.12          169.2             0.0054              0                     0
6     12     0.12          169.2             0.0066              0                     0
6     12     0.12          169.2             0.0078              0.017717                     0.017717
6     12     0.12          169.2             0.009              0                     0
6     12     0.12          169.2             0.0102              0.017717                     0.017717
6     12     0.12          169.2             0.0114              0                     0
6     12     0.12          169.2             0.0126              0.017717                     0.017717
6     12     0.12          169.2             0.0138              0                     0
6     12     0.12          169.2             0.015              0                     0
6     12     0.12          169.2             0.0162              0.035434                     0.0250556
6     12     0.12          169.2             0.0174              0.017717                     0.017717
6     12     0.12          169.2             0.0186              0                     0
6     12     0.12          169.2             0.0198              0.035434                     0.0250556
6     12     0.12          169.2             0.021              0                     0
6     12     0.12          169.2             0.0222              0                     0
6     12     0.12          169.2             0.0234              0.035434                     0.0250556
6     12     0.12          169.2             0.0246              0.159453                     0.053151
6     12     0.12          169.2             0.0258              0.265755                     0.0686177
6     12     0.12          169.2             0.027              0.336623                     0.0772267
6     12     0.12          169.2             0.0282              0.53151                     0.0970401
6     12     0.12          169.2             0.0294              1.09845                     0.139504
6     12     0.12          169.2             0.0306              1.27562                     0.150334
6     12     0.12          169.2             0.0318              1.29334                     0.151374
6     12     0.12          169.2             0.033              1.39964                     0.157472
6     12     0.12          169.2             0.0342              1.71855                     0.174492
6     12     0.12          169.2             0.0354              1.98431                     0.187499
6     12     0.12          169.2             0.0366              2.35636                     0.204323
6     12     0.12          169.2             0.0378              2.28549                     0.201227
6     12     0.12          169.2             0.039              2.58668                     0.214075
6     12     0.12          169.2             0.0402              2.7107                     0.219147
6     12     0.12          169.2             0.0414              3.04733                     0.232356
6     12     0.12          169.2             0.0426              2.97646                     0.229639
6     12     0.12          169.2             0.0438              3.11819                     0.235043
6     12     0.12          169.2             0.045              3.29536                     0.241628
6     12     0.12          169.2             0.0462              3.95089                     0.264571
6     12     0.12          169.2             0.0474              3.15363                     0.236374
6     12     0.12          169.2             0.0486              4.25208                     0.274471
6     12     0.12          169.2             0.0498              3.66742                     0.254903
6     12     0.12          169.2             0.051              3.36623                     0.244212
6     12     0.12          169.2             0.0522              4.03948                     0.267521
6     12     0.12          169.2             0.0534              3.25993                     0.240325
6     12     0.12          169.2             0.0546              3.72057                     0.256744
6     12     0.12          169.2             0.0558              4.28752                     0.275612
6     12     0.12          169.2             0.057              4.12806                     0.270438
6     12     0.12          169.2             0.0582              4.3761                     0.278445
6     12     0.12          169.2             0.0594              3.95089                     0.264571
6     12     0.12          169.2             0.0606              3.36623                     0.244212
6     12     0.12          169.2             0.0618              4.03948                     0.267521
6     12     0.12          169.2             0.063              3.95089                     0.264571
6     12     0.12          169.2             0.0642              3.5434                     0.250556
6     12     0.12          169.2             0.0654              3.5434                     0.250556
6     12     0.12          169.2             0.0666              3.86231                     0.261589
6     12     0.12          169.2             0.0678              3.95089                     0.264571
6     12     0.12          169.2             0.069              3.31308                     0.242277
6     12     0.12          169.2             0.0702              3.18906                     0.237699
6     12     0.12          169.2             0.0714              3.73829                     0.257354
6     12     0.12          169.2             0.0726              3.25993                     0.240325
6     12     0.12          169.2             0.0738              3.3308                     0.242923
6     12     0.12          169.2             0.075              3.4371                     0.246769
6     12     0.12          169.2             0.0762              2.79929                     0.222699
6     12     0.12          169.2             0.0774              2.92331                     0.227579
6     12     0.12          169.2             0.0786              3.04733                     0.232356
6     12     0.12          169.2             0.0798              2.58668                     0.214075
6     12     0.12          169.2             0.081              2.6044                     0.214807
6     12     0.12          169.2             0.0822              2.72842                     0.219862
6     12     0.12          169.2             0.0834              2.23234                     0.198873
6     12     0.12          169.2             0.0846              2.01974                     0.189166
6     12     0.12          169.2             0.0858              1.86029                     0.181545
6     12     0.12          169.2             0.087              1.98431                     0.187499
6     12     0.12          169.2             0.0882              1.96659                     0.18666
6     12     0.12          169.2             0.0894              1.47051                     0.16141
6     12     0.12          169.2             0.0906              1.43508                     0.159453
6     12     0.12          169.2             0.0918              1.24019                     0.148231
6     12     0.12          169.2             0.093              1.18704                     0.14502
6     12     0.12          169.2             0.0942              1.25791                     0.149286
6     12     0.12          169.2             0.0954              0.797266                     0.118849
6     12     0.12          169.2             0.0966              0.921285                     0.127759
6     12     0.12          169.2             0.0978              0.637812                     0.106302
6     12     0.12          169.2             0.099              0.230321                     0.0638796
6     12     0.12          169.2             0.1002              0.141736                     0.0501113
6     12     0.12          169.2             0.1014              0.106302                     0.0433976
6     12     0.12          169.2             0.1026              0.053151                     0.0306868
6     12     0.12          169.2             0.1038              0                     0
6     12     0.12          169.2             0.105              0                     0
6     12     0.12          169.2             0.1062              0                     0
6     12     0.12          169.2             0.1074              0                     0
6     12     0.12          169.2             0.1086              0                     0
6     12     0.12          169.2             0.1098              0                     0
6     12     0.12          169.2             0.111              0                     0
6     12     0.12          169.2             0.1122              0                     0
6     12     0.12          169.2             0.1134              0                     0
6     12     0.12          169.2             0.1146              0                     0
6     12     0.12          169.2             0.1158              0                     0
6     12     0.12          169.2             0.117              0                     0
6     12     0.12          169.2             0.1182              0                     0
*******************************************************************************************************
 Average angle 170.582 +- 1.78651 deg 
 Average E' 0.058675 +- 0.000614508 GeV 
