*******************************************************************************************************
Z     A     E(GeV)     Theta(deg)     Energy Loss(GeV)     Sigma(nb/sr/GeV)     ERROR     Citation     
*******************************************************************************************************
6     12     0.24          160.4             0.0012              0                     0
6     12     0.24          160.4             0.0036              0                     0
6     12     0.24          160.4             0.006              0                     0
6     12     0.24          160.4             0.0084              0                     0
6     12     0.24          160.4             0.0108              0                     0
6     12     0.24          160.4             0.0132              0                     0
6     12     0.24          160.4             0.0156              0                     0
6     12     0.24          160.4             0.018              0                     0
6     12     0.24          160.4             0.0204              0                     0
6     12     0.24          160.4             0.0228              0                     0
6     12     0.24          160.4             0.0252              0                     0
6     12     0.24          160.4             0.0276              0                     0
6     12     0.24          160.4             0.03              0                     0
6     12     0.24          160.4             0.0324              0                     0
6     12     0.24          160.4             0.0348              0                     0
6     12     0.24          160.4             0.0372              0                     0
6     12     0.24          160.4             0.0396              0                     0
6     12     0.24          160.4             0.042              0                     0
6     12     0.24          160.4             0.0444              0.00644131                     0.00644131
6     12     0.24          160.4             0.0468              0.0450891                     0.0170421
6     12     0.24          160.4             0.0492              0.0966196                     0.0249471
6     12     0.24          160.4             0.0516              0.219004                     0.0375589
6     12     0.24          160.4             0.054              0.39292                     0.0503082
6     12     0.24          160.4             0.0564              0.450891                     0.0538918
6     12     0.24          160.4             0.0588              0.547511                     0.0593859
6     12     0.24          160.4             0.0612              0.637689                     0.0640902
6     12     0.24          160.4             0.0636              0.785839                     0.0711466
6     12     0.24          160.4             0.066              0.927548                     0.0772957
6     12     0.24          160.4             0.0684              1.01129                     0.0807093
6     12     0.24          160.4             0.0708              1.0757                     0.08324
6     12     0.24          160.4             0.0732              1.24317                     0.0894855
6     12     0.24          160.4             0.0756              1.26894                     0.090408
6     12     0.24          160.4             0.078              1.44285                     0.0964046
6     12     0.24          160.4             0.0804              1.24317                     0.0894855
6     12     0.24          160.4             0.0828              1.75204                     0.106233
6     12     0.24          160.4             0.0852              1.73915                     0.105841
6     12     0.24          160.4             0.0876              1.68762                     0.104262
6     12     0.24          160.4             0.09              1.72627                     0.105449
6     12     0.24          160.4             0.0924              1.65542                     0.103262
6     12     0.24          160.4             0.0948              1.80357                     0.107784
6     12     0.24          160.4             0.0972              1.73915                     0.105841
6     12     0.24          160.4             0.0996              1.6683                     0.103663
6     12     0.24          160.4             0.102              1.8873                     0.110257
6     12     0.24          160.4             0.1044              1.59744                     0.101438
6     12     0.24          160.4             0.1068              1.5588                     0.100203
6     12     0.24          160.4             0.1092              1.62965                     0.102455
6     12     0.24          160.4             0.1116              1.591                     0.101233
6     12     0.24          160.4             0.114              1.61033                     0.101846
6     12     0.24          160.4             0.1164              1.57812                     0.100822
6     12     0.24          160.4             0.1188              1.50727                     0.098533
6     12     0.24          160.4             0.1212              1.24317                     0.0894855
6     12     0.24          160.4             0.1236              1.17232                     0.086898
6     12     0.24          160.4             0.126              1.17232                     0.086898
6     12     0.24          160.4             0.1284              1.06926                     0.0829904
6     12     0.24          160.4             0.1308              1.03061                     0.0814768
6     12     0.24          160.4             0.1332              1.08858                     0.083737
6     12     0.24          160.4             0.1356              0.901783                     0.0762146
6     12     0.24          160.4             0.138              0.843811                     0.0737241
6     12     0.24          160.4             0.1404              0.824487                     0.0728751
6     12     0.24          160.4             0.1428              0.747192                     0.069375
6     12     0.24          160.4             0.1452              0.74075                     0.0690753
6     12     0.24          160.4             0.1476              0.714985                     0.0678634
6     12     0.24          160.4             0.15              0.611924                     0.0627821
6     12     0.24          160.4             0.1524              0.54107                     0.0590355
6     12     0.24          160.4             0.1548              0.54107                     0.0590355
6     12     0.24          160.4             0.1572              0.39292                     0.0503082
6     12     0.24          160.4             0.1596              0.39292                     0.0503082
6     12     0.24          160.4             0.162              0.470215                     0.0550345
6     12     0.24          160.4             0.1644              0.347831                     0.0473337
6     12     0.24          160.4             0.1668              0.360713                     0.0482023
6     12     0.24          160.4             0.1692              0.418685                     0.0519315
6     12     0.24          160.4             0.1716              0.386478                     0.0498941
6     12     0.24          160.4             0.174              0.354272                     0.04777
6     12     0.24          160.4             0.1764              0.438009                     0.0531164
6     12     0.24          160.4             0.1788              0.470215                     0.0550345
6     12     0.24          160.4             0.1812              0.573276                     0.0607672
6     12     0.24          160.4             0.1836              0.702102                     0.0672492
6     12     0.24          160.4             0.186              0.753633                     0.0696734
6     12     0.24          160.4             0.1884              0.785839                     0.0711466
6     12     0.24          160.4             0.1908              0.772957                     0.070561
6     12     0.24          160.4             0.1932              1.02417                     0.0812218
6     12     0.24          160.4             0.1956              1.02417                     0.0812218
6     12     0.24          160.4             0.198              0.991961                     0.0799345
6     12     0.24          160.4             0.2004              1.10146                     0.084231
6     12     0.24          160.4             0.2028              1.09502                     0.0839844
6     12     0.24          160.4             0.2052              0.972637                     0.0791521
6     12     0.24          160.4             0.2076              0.921107                     0.0770268
6     12     0.24          160.4             0.21              0.953313                     0.0783619
6     12     0.24          160.4             0.2124              0.901783                     0.0762146
6     12     0.24          160.4             0.2148              0.933989                     0.0775636
6     12     0.24          160.4             0.2172              0.940431                     0.0778306
6     12     0.24          160.4             0.2196              0.869576                     0.0748412
6     12     0.24          160.4             0.222              0.760074                     0.0699705
6     12     0.24          160.4             0.2244              0.708544                     0.067557
6     12     0.24          160.4             0.2268              0.54107                     0.0590355
6     12     0.24          160.4             0.2292              0.334948                     0.0464489
6     12     0.24          160.4             0.2316              0.0193239                     0.0111567
6     12     0.24          160.4             0.234              0.0322065                     0.0144032
6     12     0.24          160.4             0.2364              0.0708544                     0.0213634
*******************************************************************************************************
 Average angle 160.975 +- 1.50986 deg 
 Average E' 0.108957 +- 0.00102195 GeV 
