*******************************************************************************************************
Z     A     E(GeV)     Theta(deg)     Energy Loss(GeV)     Sigma(nb/sr/GeV)     ERROR     Citation     
*******************************************************************************************************
6     12     0.2          110             0.001              0                     0
6     12     0.2          110             0.003              0                     0
6     12     0.2          110             0.005              0                     0
6     12     0.2          110             0.007              0                     0
6     12     0.2          110             0.009              0                     0
6     12     0.2          110             0.011              0                     0
6     12     0.2          110             0.013              0                     0
6     12     0.2          110             0.015              0                     0
6     12     0.2          110             0.017              0                     0
6     12     0.2          110             0.019              0                     0
6     12     0.2          110             0.021              0                     0
6     12     0.2          110             0.023              0                     0
6     12     0.2          110             0.025              0                     0
6     12     0.2          110             0.027              0                     0
6     12     0.2          110             0.029              0.00257505                     0.00257505
6     12     0.2          110             0.031              0.103002                     0.0162861
6     12     0.2          110             0.033              0.290981                     0.0273732
6     12     0.2          110             0.035              0.790542                     0.0451186
6     12     0.2          110             0.037              1.23345                     0.0563578
6     12     0.2          110             0.039              1.82056                     0.0684693
6     12     0.2          110             0.041              2.5081                     0.0803648
6     12     0.2          110             0.043              3.07977                     0.0890537
6     12     0.2          110             0.045              4.01709                     0.101707
6     12     0.2          110             0.047              4.58875                     0.108703
6     12     0.2          110             0.049              5.49517                     0.118955
6     12     0.2          110             0.051              6.26768                     0.127042
6     12     0.2          110             0.053              6.8651                     0.132959
6     12     0.2          110             0.055              7.66594                     0.1405
6     12     0.2          110             0.057              8.07022                     0.144157
6     12     0.2          110             0.059              8.48481                     0.147814
6     12     0.2          110             0.061              8.42815                     0.147319
6     12     0.2          110             0.063              8.24017                     0.145667
6     12     0.2          110             0.065              8.25305                     0.145781
6     12     0.2          110             0.067              8.05735                     0.144042
6     12     0.2          110             0.069              8.00069                     0.143535
6     12     0.2          110             0.071              7.66851                     0.140523
6     12     0.2          110             0.073              7.50371                     0.139005
6     12     0.2          110             0.075              7.26423                     0.136769
6     12     0.2          110             0.077              6.98097                     0.134076
6     12     0.2          110             0.079              6.67969                     0.131151
6     12     0.2          110             0.081              6.54064                     0.129779
6     12     0.2          110             0.083              6.20588                     0.126414
6     12     0.2          110             0.085              5.8634                     0.122876
6     12     0.2          110             0.087              5.73465                     0.12152
6     12     0.2          110             0.089              5.28916                     0.116704
6     12     0.2          110             0.091              5.15783                     0.115246
6     12     0.2          110             0.093              4.91578                     0.11251
6     12     0.2          110             0.095              4.50377                     0.107691
6     12     0.2          110             0.097              4.45999                     0.107167
6     12     0.2          110             0.099              4.05829                     0.102227
6     12     0.2          110             0.101              3.91923                     0.10046
6     12     0.2          110             0.103              3.5201                     0.0952074
6     12     0.2          110             0.105              3.34242                     0.0927735
6     12     0.2          110             0.107              3.12869                     0.0897583
6     12     0.2          110             0.109              2.98706                     0.0877032
6     12     0.2          110             0.111              2.70896                     0.0835207
6     12     0.2          110             0.113              2.41025                     0.0787815
6     12     0.2          110             0.115              2.23515                     0.0758658
6     12     0.2          110             0.117              2.19395                     0.0751634
6     12     0.2          110             0.119              1.90554                     0.0700491
6     12     0.2          110             0.121              1.67636                     0.0657018
6     12     0.2          110             0.123              1.56306                     0.0634426
6     12     0.2          110             0.125              1.47293                     0.0615864
6     12     0.2          110             0.127              1.2386                     0.0564754
6     12     0.2          110             0.129              1.115                     0.0535834
6     12     0.2          110             0.131              1.11242                     0.0535215
6     12     0.2          110             0.133              1.00942                     0.0509835
6     12     0.2          110             0.135              0.916719                     0.048586
6     12     0.2          110             0.137              0.847193                     0.0467073
6     12     0.2          110             0.139              0.813717                     0.0457752
6     12     0.2          110             0.141              0.911569                     0.0484494
6     12     0.2          110             0.143              0.924445                     0.0487903
6     12     0.2          110             0.145              0.908994                     0.0483809
6     12     0.2          110             0.147              0.991396                     0.0505262
6     12     0.2          110             0.149              0.996546                     0.0506573
6     12     0.2          110             0.151              0.991396                     0.0505262
6     12     0.2          110             0.153              1.0841                     0.0528357
6     12     0.2          110             0.155              1.0841                     0.0528357
6     12     0.2          110             0.157              1.12015                     0.053707
6     12     0.2          110             0.159              1.0017                     0.050788
6     12     0.2          110             0.161              1.0841                     0.0528357
6     12     0.2          110             0.163              1.0841                     0.0528357
6     12     0.2          110             0.165              0.95792                     0.0496659
6     12     0.2          110             0.167              0.973371                     0.0500648
6     12     0.2          110             0.169              1.05835                     0.0522044
6     12     0.2          110             0.171              0.919295                     0.0486542
6     12     0.2          110             0.173              0.839468                     0.0464938
6     12     0.2          110             0.175              0.826593                     0.0461359
6     12     0.2          110             0.177              0.831743                     0.0462794
6     12     0.2          110             0.179              0.736466                     0.0435481
6     12     0.2          110             0.181              0.592263                     0.0390526
6     12     0.2          110             0.183              0.0154503                     0.00630757
6     12     0.2          110             0.185              0.0128753                     0.005758
6     12     0.2          110             0.187              0.0180254                     0.00681295
6     12     0.2          110             0.189              0.0412009                     0.0103002
6     12     0.2          110             0.191              0.0309007                     0.00892025
6     12     0.2          110             0.193              0.046351                     0.010925
6     12     0.2          110             0.195              0.0695265                     0.0133804
6     12     0.2          110             0.197              0.0721015                     0.0136259
*******************************************************************************************************
 Average angle 110.576 +- 0.353866 deg 
 Average E' 0.116337 +- 0.000372302 GeV 
