*******************************************************************************************************
Z     A     E(GeV)     Theta(deg)     Energy Loss(GeV)     Sigma(nb/sr/GeV)     ERROR     Citation     
*******************************************************************************************************
6     12     0.4          127.3             0.002              0                     0
6     12     0.4          127.3             0.006              0                     0
6     12     0.4          127.3             0.01              0                     0
6     12     0.4          127.3             0.014              0                     0
6     12     0.4          127.3             0.018              0                     0
6     12     0.4          127.3             0.022              0                     0
6     12     0.4          127.3             0.026              0                     0
6     12     0.4          127.3             0.03              0                     0
6     12     0.4          127.3             0.034              0                     0
6     12     0.4          127.3             0.038              0                     0
6     12     0.4          127.3             0.042              0                     0
6     12     0.4          127.3             0.046              0                     0
6     12     0.4          127.3             0.05              0                     0
6     12     0.4          127.3             0.054              0                     0
6     12     0.4          127.3             0.058              0                     0
6     12     0.4          127.3             0.062              0                     0
6     12     0.4          127.3             0.066              0                     0
6     12     0.4          127.3             0.07              0                     0
6     12     0.4          127.3             0.074              0                     0
6     12     0.4          127.3             0.078              0                     0
6     12     0.4          127.3             0.082              0                     0
6     12     0.4          127.3             0.086              0                     0
6     12     0.4          127.3             0.09              0.00185782                     0.00185782
6     12     0.4          127.3             0.094              0.00557347                     0.00321784
6     12     0.4          127.3             0.098              0.00928911                     0.00415422
6     12     0.4          127.3             0.102              0.0241517                     0.00669847
6     12     0.4          127.3             0.106              0.0464456                     0.00928911
6     12     0.4          127.3             0.11              0.0538768                     0.0100047
6     12     0.4          127.3             0.114              0.0650238                     0.010991
6     12     0.4          127.3             0.118              0.107754                     0.0141488
6     12     0.4          127.3             0.122              0.167204                     0.0176249
6     12     0.4          127.3             0.126              0.209934                     0.0197489
6     12     0.4          127.3             0.13              0.215507                     0.0200094
6     12     0.4          127.3             0.134              0.256379                     0.0218245
6     12     0.4          127.3             0.138              0.323261                     0.0245064
6     12     0.4          127.3             0.142              0.369707                     0.0262078
6     12     0.4          127.3             0.146              0.43473                     0.0284192
6     12     0.4          127.3             0.15              0.453309                     0.0290201
6     12     0.4          127.3             0.154              0.525764                     0.0312534
6     12     0.4          127.3             0.158              0.509043                     0.0307524
6     12     0.4          127.3             0.162              0.613081                     0.033749
6     12     0.4          127.3             0.166              0.63166                     0.0342566
6     12     0.4          127.3             0.17              0.696683                     0.0359766
6     12     0.4          127.3             0.174              0.652096                     0.0348063
6     12     0.4          127.3             0.178              0.728266                     0.036783
6     12     0.4          127.3             0.182              0.743129                     0.0371564
6     12     0.4          127.3             0.186              0.774712                     0.0379378
6     12     0.4          127.3             0.19              0.726409                     0.0367361
6     12     0.4          127.3             0.194              0.730124                     0.0368299
6     12     0.4          127.3             0.198              0.681821                     0.0355908
6     12     0.4          127.3             0.202              0.672532                     0.0353475
6     12     0.4          127.3             0.206              0.672532                     0.0353475
6     12     0.4          127.3             0.21              0.616797                     0.0338511
6     12     0.4          127.3             0.214              0.483034                     0.0299565
6     12     0.4          127.3             0.218              0.536911                     0.031583
6     12     0.4          127.3             0.222              0.542484                     0.0317465
6     12     0.4          127.3             0.226              0.466313                     0.0294334
6     12     0.4          127.3             0.23              0.47746                     0.0297832
6     12     0.4          127.3             0.234              0.466313                     0.0294334
6     12     0.4          127.3             0.238              0.451451                     0.0289606
6     12     0.4          127.3             0.242              0.445877                     0.0287813
6     12     0.4          127.3             0.246              0.488607                     0.0301288
6     12     0.4          127.3             0.25              0.457024                     0.0291388
6     12     0.4          127.3             0.254              0.41801                     0.0278673
6     12     0.4          127.3             0.258              0.421726                     0.0279909
6     12     0.4          127.3             0.262              0.484892                     0.030014
6     12     0.4          127.3             0.266              0.561062                     0.0322855
6     12     0.4          127.3             0.27              0.564778                     0.0323922
6     12     0.4          127.3             0.274              0.575925                     0.0327103
6     12     0.4          127.3             0.278              0.666958                     0.0352007
6     12     0.4          127.3             0.282              0.741271                     0.03711
6     12     0.4          127.3             0.286              0.798864                     0.0385246
6     12     0.4          127.3             0.29              0.914049                     0.0412085
6     12     0.4          127.3             0.294              0.89547                     0.0407876
6     12     0.4          127.3             0.298              1.0571                     0.044316
6     12     0.4          127.3             0.302              1.06453                     0.0444715
6     12     0.4          127.3             0.306              1.25589                     0.0483034
6     12     0.4          127.3             0.31              1.27447                     0.0486593
6     12     0.4          127.3             0.314              1.27447                     0.0486593
6     12     0.4          127.3             0.318              1.43795                     0.0516862
6     12     0.4          127.3             0.322              1.49555                     0.0527111
6     12     0.4          127.3             0.326              1.58286                     0.0542281
6     12     0.4          127.3             0.33              1.54385                     0.0535556
6     12     0.4          127.3             0.334              1.74821                     0.05699
6     12     0.4          127.3             0.338              1.8411                     0.0584845
6     12     0.4          127.3             0.342              1.85782                     0.0587495
6     12     0.4          127.3             0.346              1.79837                     0.0578019
6     12     0.4          127.3             0.35              1.88941                     0.0592468
6     12     0.4          127.3             0.354              1.88383                     0.0591593
6     12     0.4          127.3             0.358              1.87268                     0.058984
6     12     0.4          127.3             0.362              1.82252                     0.0581887
6     12     0.4          127.3             0.366              1.8281                     0.0582776
6     12     0.4          127.3             0.37              1.6869                     0.0559818
6     12     0.4          127.3             0.374              1.80023                     0.0578317
6     12     0.4          127.3             0.378              1.74635                     0.0569598
6     12     0.4          127.3             0.382              1.58844                     0.0543234
6     12     0.4          127.3             0.386              1.56986                     0.0540048
6     12     0.4          127.3             0.39              1.43238                     0.0515859
6     12     0.4          127.3             0.394              1.33577                     0.049816
*******************************************************************************************************
 Average angle 127.725 +- 0.681319 deg 
 Average E' 0.101324 +- 0.000540489 GeV 
