*******************************************************************************************************
Z     A     E(GeV)     Theta(deg)     Energy Loss(GeV)     Sigma(nb/sr/GeV)     ERROR     Citation     
*******************************************************************************************************
6     12     0.06          124.9             0.0003              0.158907                     0.0317813
6     12     0.06          124.9             0.0009              0.216113                     0.0370631
6     12     0.06          124.9             0.0015              0.228825                     0.0381376
6     12     0.06          124.9             0.0021              0.165263                     0.0324107
6     12     0.06          124.9             0.0027              0.235182                     0.0386636
6     12     0.06          124.9             0.0033              0.197044                     0.0353902
6     12     0.06          124.9             0.0039              0.158907                     0.0317813
6     12     0.06          124.9             0.0045              0.190688                     0.0348147
6     12     0.06          124.9             0.0051              0.25425                     0.0402005
6     12     0.06          124.9             0.0057              0.15255                     0.0311392
6     12     0.06          124.9             0.0063              0.286032                     0.0426391
6     12     0.06          124.9             0.0069              0.184332                     0.0342295
6     12     0.06          124.9             0.0075              0.0508501                     0.0179782
6     12     0.06          124.9             0.0081              0                     0
6     12     0.06          124.9             0.0087              0                     0
6     12     0.06          124.9             0.0093              0                     0
6     12     0.06          124.9             0.0099              0                     0
6     12     0.06          124.9             0.0105              0                     0
6     12     0.06          124.9             0.0111              0                     0
6     12     0.06          124.9             0.0117              0                     0
6     12     0.06          124.9             0.0123              0                     0
6     12     0.06          124.9             0.0129              0                     0
6     12     0.06          124.9             0.0135              0                     0
6     12     0.06          124.9             0.0141              0                     0
6     12     0.06          124.9             0.0147              0                     0
6     12     0.06          124.9             0.0153              0                     0
6     12     0.06          124.9             0.0159              0                     0
6     12     0.06          124.9             0.0165              0                     0
6     12     0.06          124.9             0.0171              0.0699189                     0.0210813
6     12     0.06          124.9             0.0177              2.72048                     0.131499
6     12     0.06          124.9             0.0183              8.27585                     0.229354
6     12     0.06          124.9             0.0189              13.9965                     0.298271
6     12     0.06          124.9             0.0195              21.4206                     0.368992
6     12     0.06          124.9             0.0201              26.8361                     0.41301
6     12     0.06          124.9             0.0207              30.5673                     0.440787
6     12     0.06          124.9             0.0213              32.5885                     0.455128
6     12     0.06          124.9             0.0219              34.8514                     0.470664
6     12     0.06          124.9             0.0225              37.6418                     0.489143
6     12     0.06          124.9             0.0231              38.6524                     0.495666
6     12     0.06          124.9             0.0237              39.8474                     0.50327
6     12     0.06          124.9             0.0243              41.5382                     0.513836
6     12     0.06          124.9             0.0249              43.0446                     0.52307
6     12     0.06          124.9             0.0255              43.5277                     0.525997
6     12     0.06          124.9             0.0261              45.4473                     0.537471
6     12     0.06          124.9             0.0267              46.4833                     0.543563
6     12     0.06          124.9             0.0273              47.2779                     0.548188
6     12     0.06          124.9             0.0279              48.6445                     0.556055
6     12     0.06          124.9             0.0285              49.7568                     0.562376
6     12     0.06          124.9             0.0291              51.2505                     0.570755
6     12     0.06          124.9             0.0297              53.0811                     0.580859
6     12     0.06          124.9             0.0303              54.702                     0.589661
6     12     0.06          124.9             0.0309              56.4182                     0.598839
6     12     0.06          124.9             0.0315              57.575                     0.604948
6     12     0.06          124.9             0.0321              58.0644                     0.607514
6     12     0.06          124.9             0.0327              59.8887                     0.616983
6     12     0.06          124.9             0.0333              62.8634                     0.63212
6     12     0.06          124.9             0.0339              64.4271                     0.639934
6     12     0.06          124.9             0.0345              65.7047                     0.646248
6     12     0.06          124.9             0.0351              67.5543                     0.655281
6     12     0.06          124.9             0.0357              70.2621                     0.668285
6     12     0.06          124.9             0.0363              72.9953                     0.681159
6     12     0.06          124.9             0.0369              75.7539                     0.69391
6     12     0.06          124.9             0.0375              77.2667                     0.700805
6     12     0.06          124.9             0.0381              80.0126                     0.713149
6     12     0.06          124.9             0.0387              84.5573                     0.733122
6     12     0.06          124.9             0.0393              87.3859                     0.745283
6     12     0.06          124.9             0.0399              90.2144                     0.757249
6     12     0.06          124.9             0.0405              94.0409                     0.773142
6     12     0.06          124.9             0.0411              98.6237                     0.791756
6     12     0.06          124.9             0.0417              101.63                     0.803734
6     12     0.06          124.9             0.0423              104.408                     0.814644
6     12     0.06          124.9             0.0429              110.86                     0.839436
6     12     0.06          124.9             0.0435              117.216                     0.863165
6     12     0.06          124.9             0.0441              123.877                     0.887353
6     12     0.06          124.9             0.0447              129.839                     0.908456
6     12     0.06          124.9             0.0453              137.111                     0.933548
6     12     0.06          124.9             0.0459              144.37                     0.957941
6     12     0.06          124.9             0.0465              154.622                     0.991373
6     12     0.06          124.9             0.0471              167.869                     1.03297
6     12     0.06          124.9             0.0477              180.384                     1.07078
6     12     0.06          124.9             0.0483              192.194                     1.10528
6     12     0.06          124.9             0.0489              209.954                     1.15521
6     12     0.06          124.9             0.0495              230.186                     1.20959
6     12     0.06          124.9             0.0501              259.005                     1.28308
6     12     0.06          124.9             0.0507              289.07                     1.35551
6     12     0.06          124.9             0.0513              328.67                     1.44538
6     12     0.06          124.9             0.0519              381.999                     1.55823
6     12     0.06          124.9             0.0525              460.943                     1.71169
6     12     0.06          124.9             0.0531              575.057                     1.91186
6     12     0.06          124.9             0.0537              774.167                     2.21829
6     12     0.06          124.9             0.0543              1216.25                     2.78043
6     12     0.06          124.9             0.0549              330.195                     1.44873
6     12     0.06          124.9             0.0555              0                     0
6     12     0.06          124.9             0.0561              0                     0
6     12     0.06          124.9             0.0567              0                     0
6     12     0.06          124.9             0.0573              0                     0
6     12     0.06          124.9             0.0579              0                     0
6     12     0.06          124.9             0.0585              0                     0
6     12     0.06          124.9             0.0591              0                     0
*******************************************************************************************************
 Average angle 125.436 +- 0.106246 deg 
 Average E' 0.0136076 +- 1.15257e-05 GeV 
