*******************************************************************************************************
Z     A     E(GeV)     Theta(deg)     Energy Loss(GeV)     Sigma(nb/sr/GeV)     ERROR     Citation     
*******************************************************************************************************
6     12     0.16          141.6             0.0008              0                     0
6     12     0.16          141.6             0.0024              0                     0
6     12     0.16          141.6             0.004              0                     0
6     12     0.16          141.6             0.0056              0                     0
6     12     0.16          141.6             0.0072              0                     0
6     12     0.16          141.6             0.0088              0                     0
6     12     0.16          141.6             0.0104              0                     0
6     12     0.16          141.6             0.012              0                     0
6     12     0.16          141.6             0.0136              0                     0
6     12     0.16          141.6             0.0152              0                     0
6     12     0.16          141.6             0.0168              0                     0
6     12     0.16          141.6             0.0184              0                     0
6     12     0.16          141.6             0.02              0                     0
6     12     0.16          141.6             0.0216              0                     0
6     12     0.16          141.6             0.0232              0                     0
6     12     0.16          141.6             0.0248              0                     0
6     12     0.16          141.6             0.0264              0                     0
6     12     0.16          141.6             0.028              0.0196174                     0.0098087
6     12     0.16          141.6             0.0296              0.0784696                     0.0196174
6     12     0.16          141.6             0.0312              0.186365                     0.0302324
6     12     0.16          141.6             0.0328              0.411965                     0.0449491
6     12     0.16          141.6             0.0344              0.554192                     0.052134
6     12     0.16          141.6             0.036              0.917114                     0.067066
6     12     0.16          141.6             0.0376              1.20647                     0.0769217
6     12     0.16          141.6             0.0392              1.49583                     0.0856508
6     12     0.16          141.6             0.0408              1.76066                     0.0929242
6     12     0.16          141.6             0.0424              2.07454                     0.100868
6     12     0.16          141.6             0.044              2.30995                     0.106437
6     12     0.16          141.6             0.0456              2.56007                     0.112051
6     12     0.16          141.6             0.0472              2.87885                     0.118823
6     12     0.16          141.6             0.0488              2.88376                     0.118924
6     12     0.16          141.6             0.0504              3.55565                     0.132054
6     12     0.16          141.6             0.052              3.36438                     0.128453
6     12     0.16          141.6             0.0536              3.68807                     0.13449
6     12     0.16          141.6             0.0552              3.81068                     0.136707
6     12     0.16          141.6             0.0568              3.93329                     0.138889
6     12     0.16          141.6             0.0584              3.80087                     0.136531
6     12     0.16          141.6             0.06              3.99705                     0.14001
6     12     0.16          141.6             0.0616              3.91367                     0.138542
6     12     0.16          141.6             0.0632              3.65865                     0.133953
6     12     0.16          141.6             0.0648              3.79597                     0.136443
6     12     0.16          141.6             0.0664              3.53604                     0.131689
6     12     0.16          141.6             0.068              3.21725                     0.125613
6     12     0.16          141.6             0.0696              3.24178                     0.12609
6     12     0.16          141.6             0.0712              3.41833                     0.129479
6     12     0.16          141.6             0.0728              3.13388                     0.123974
6     12     0.16          141.6             0.0744              2.80529                     0.117295
6     12     0.16          141.6             0.076              3.09465                     0.123196
6     12     0.16          141.6             0.0776              2.86414                     0.118519
6     12     0.16          141.6             0.0792              2.79548                     0.11709
6     12     0.16          141.6             0.0808              2.38842                     0.10823
6     12     0.16          141.6             0.0824              2.40804                     0.108673
6     12     0.16          141.6             0.084              2.40804                     0.108673
6     12     0.16          141.6             0.0856              2.34918                     0.107337
6     12     0.16          141.6             0.0872              2.31976                     0.106663
6     12     0.16          141.6             0.0888              2.13339                     0.102288
6     12     0.16          141.6             0.0904              1.97155                     0.0983319
6     12     0.16          141.6             0.092              2.20205                     0.103921
6     12     0.16          141.6             0.0936              2.06473                     0.100629
6     12     0.16          141.6             0.0952              2.00098                     0.099063
6     12     0.16          141.6             0.0968              1.67729                     0.0906973
6     12     0.16          141.6             0.0984              1.83423                     0.0948456
6     12     0.16          141.6             0.1              1.47621                     0.0850873
6     12     0.16          141.6             0.1016              1.64786                     0.0898982
6     12     0.16          141.6             0.1032              1.33889                     0.0810332
6     12     0.16          141.6             0.1048              1.40755                     0.083085
6     12     0.16          141.6             0.1064              1.11819                     0.0740541
6     12     0.16          141.6             0.108              1.09367                     0.0732376
6     12     0.16          141.6             0.1096              1.05934                     0.0720789
6     12     0.16          141.6             0.1112              1.07896                     0.0727433
6     12     0.16          141.6             0.1128              0.858261                     0.0648785
6     12     0.16          141.6             0.1144              0.941635                     0.0679567
6     12     0.16          141.6             0.116              0.828835                     0.0637566
6     12     0.16          141.6             0.1176              0.696418                     0.0584421
6     12     0.16          141.6             0.1192              0.691513                     0.0582359
6     12     0.16          141.6             0.1208              0.652279                     0.0565597
6     12     0.16          141.6             0.1224              0.470818                     0.0480526
6     12     0.16          141.6             0.124              0.436487                     0.0462676
6     12     0.16          141.6             0.1256              0.461009                     0.0475494
6     12     0.16          141.6             0.1272              0.441392                     0.0465268
6     12     0.16          141.6             0.1288              0.421774                     0.0454811
6     12     0.16          141.6             0.1304              0.500244                     0.0495315
6     12     0.16          141.6             0.132              0.348209                     0.0413248
6     12     0.16          141.6             0.1336              0.3384                     0.0407386
6     12     0.16          141.6             0.1352              0.367826                     0.0424729
6     12     0.16          141.6             0.1368              0.348209                     0.0413248
6     12     0.16          141.6             0.1384              0.367826                     0.0424729
6     12     0.16          141.6             0.14              0.372731                     0.0427551
6     12     0.16          141.6             0.1416              0.289357                     0.037671
6     12     0.16          141.6             0.1432              0.0245218                     0.0109665
6     12     0.16          141.6             0.1448              0                     0
6     12     0.16          141.6             0.1464              0                     0
6     12     0.16          141.6             0.148              0                     0
6     12     0.16          141.6             0.1496              0                     0
6     12     0.16          141.6             0.1512              0                     0
6     12     0.16          141.6             0.1528              0                     0
6     12     0.16          141.6             0.1544              0                     0
6     12     0.16          141.6             0.156              0                     0
6     12     0.16          141.6             0.1576              0                     0
*******************************************************************************************************
 Average angle 142.794 +- 0.874374 deg 
 Average E' 0.0863784 +- 0.000528925 GeV 
