*******************************************************************************************************
Z     A     E(GeV)     Theta(deg)     Energy Loss(GeV)     Sigma(nb/sr/GeV)     ERROR     Citation     
*******************************************************************************************************
6     12     0.06          130.7             0.0003              0.0962671                     0.0257285
6     12     0.06          130.7             0.0009              0.165029                     0.0336865
6     12     0.06          130.7             0.0015              0.192534                     0.0363855
6     12     0.06          130.7             0.0021              0.151277                     0.0322523
6     12     0.06          130.7             0.0027              0.158153                     0.0329772
6     12     0.06          130.7             0.0033              0.19941                     0.0370296
6     12     0.06          130.7             0.0039              0.185658                     0.0357299
6     12     0.06          130.7             0.0045              0.19941                     0.0370296
6     12     0.06          130.7             0.0051              0.275049                     0.043489
6     12     0.06          130.7             0.0057              0.240668                     0.0406803
6     12     0.06          130.7             0.0063              0.247544                     0.0412573
6     12     0.06          130.7             0.0069              0.288801                     0.044563
6     12     0.06          130.7             0.0075              0.247544                     0.0412573
6     12     0.06          130.7             0.0081              0.295677                     0.0450904
6     12     0.06          130.7             0.0087              0.302554                     0.0456117
6     12     0.06          130.7             0.0093              0.247544                     0.0412573
6     12     0.06          130.7             0.0099              0.0893909                     0.0247926
6     12     0.06          130.7             0.0105              0.00687622                     0.00687622
6     12     0.06          130.7             0.0111              0                     0
6     12     0.06          130.7             0.0117              0                     0
6     12     0.06          130.7             0.0123              0                     0
6     12     0.06          130.7             0.0129              0                     0
6     12     0.06          130.7             0.0135              0                     0
6     12     0.06          130.7             0.0141              0                     0
6     12     0.06          130.7             0.0147              0                     0
6     12     0.06          130.7             0.0153              0                     0
6     12     0.06          130.7             0.0159              0                     0
6     12     0.06          130.7             0.0165              0                     0
6     12     0.06          130.7             0.0171              0.0275049                     0.0137524
6     12     0.06          130.7             0.0177              1.85658                     0.112988
6     12     0.06          130.7             0.0183              6.58054                     0.212719
6     12     0.06          130.7             0.0189              11.3045                     0.278805
6     12     0.06          130.7             0.0195              16.5098                     0.336935
6     12     0.06          130.7             0.0201              21.8801                     0.387882
6     12     0.06          130.7             0.0207              26.1984                     0.424436
6     12     0.06          130.7             0.0213              28.2131                     0.440454
6     12     0.06          130.7             0.0219              30.9499                     0.461322
6     12     0.06          130.7             0.0225              31.8919                     0.46829
6     12     0.06          130.7             0.0231              34.4224                     0.486514
6     12     0.06          130.7             0.0237              35.3369                     0.492934
6     12     0.06          130.7             0.0243              36.499                     0.500974
6     12     0.06          130.7             0.0249              37.6473                     0.508794
6     12     0.06          130.7             0.0255              38.445                     0.514156
6     12     0.06          130.7             0.0261              39.7377                     0.522728
6     12     0.06          130.7             0.0267              41.4086                     0.533605
6     12     0.06          130.7             0.0273              41.1611                     0.532008
6     12     0.06          130.7             0.0279              42.4607                     0.540341
6     12     0.06          130.7             0.0285              43.829                     0.548979
6     12     0.06          130.7             0.0291              44.9361                     0.555869
6     12     0.06          130.7             0.0297              46.0776                     0.562885
6     12     0.06          130.7             0.0303              47.2465                     0.56998
6     12     0.06          130.7             0.0309              49.4194                     0.58294
6     12     0.06          130.7             0.0315              50.609                     0.589914
6     12     0.06          130.7             0.0321              52.1836                     0.599021
6     12     0.06          130.7             0.0327              53.1051                     0.604286
6     12     0.06          130.7             0.0333              54.2603                     0.610824
6     12     0.06          130.7             0.0339              57.2995                     0.627698
6     12     0.06          130.7             0.0345              60.1394                     0.643065
6     12     0.06          130.7             0.0351              61.7485                     0.65161
6     12     0.06          130.7             0.0357              63.0343                     0.65836
6     12     0.06          130.7             0.0363              64.7327                     0.667171
6     12     0.06          130.7             0.0369              67.4213                     0.680885
6     12     0.06          130.7             0.0375              70.7494                     0.697487
6     12     0.06          130.7             0.0381              71.4714                     0.701037
6     12     0.06          130.7             0.0387              73.7062                     0.711913
6     12     0.06          130.7             0.0393              76.663                     0.726052
6     12     0.06          130.7             0.0399              79.1384                     0.737681
6     12     0.06          130.7             0.0405              85.5746                     0.767092
6     12     0.06          130.7             0.0411              87.163                     0.774178
6     12     0.06          130.7             0.0417              92.8221                     0.798915
6     12     0.06          130.7             0.0423              95.6964                     0.81119
6     12     0.06          130.7             0.0429              100.221                     0.830145
6     12     0.06          130.7             0.0435              104.601                     0.848092
6     12     0.06          130.7             0.0441              109.779                     0.868829
6     12     0.06          130.7             0.0447              116.359                     0.89449
6     12     0.06          130.7             0.0453              122.631                     0.918278
6     12     0.06          130.7             0.0459              129.445                     0.943447
6     12     0.06          130.7             0.0465              137.854                     0.973611
6     12     0.06          130.7             0.0471              148.856                     1.01172
6     12     0.06          130.7             0.0477              161.124                     1.05258
6     12     0.06          130.7             0.0483              171.651                     1.08642
6     12     0.06          130.7             0.0489              187.625                     1.13585
6     12     0.06          130.7             0.0495              207.545                     1.19462
6     12     0.06          130.7             0.0501              229.425                     1.25602
6     12     0.06          130.7             0.0507              256.476                     1.328
6     12     0.06          130.7             0.0513              294.041                     1.42193
6     12     0.06          130.7             0.0519              340.614                     1.5304
6     12     0.06          130.7             0.0525              406.962                     1.67283
6     12     0.06          130.7             0.0531              506.681                     1.86656
6     12     0.06          130.7             0.0537              675.396                     2.15503
6     12     0.06          130.7             0.0543              1017.28                     2.64482
6     12     0.06          130.7             0.0549              1075.7                     2.7197
6     12     0.06          130.7             0.0555              0                     0
6     12     0.06          130.7             0.0561              0                     0
6     12     0.06          130.7             0.0567              0                     0
6     12     0.06          130.7             0.0573              0                     0
6     12     0.06          130.7             0.0579              0                     0
6     12     0.06          130.7             0.0585              0                     0
6     12     0.06          130.7             0.0591              0                     0
*******************************************************************************************************
 Average angle 131.236 +- 0.117505 deg 
 Average E' 0.0128768 +- 1.15294e-05 GeV 
