*******************************************************************************************************
Z     A     E(GeV)     Theta(deg)     Energy Loss(GeV)     Sigma(nb/sr/GeV)     ERROR     Citation     
*******************************************************************************************************
6     12     0.56          176.76             0.0028              0                     0
6     12     0.56          176.76             0.0084              0                     0
6     12     0.56          176.76             0.014              0                     0
6     12     0.56          176.76             0.0196              0                     0
6     12     0.56          176.76             0.0252              0                     0
6     12     0.56          176.76             0.0308              0                     0
6     12     0.56          176.76             0.0364              0                     0
6     12     0.56          176.76             0.042              0                     0
6     12     0.56          176.76             0.0476              0                     0
6     12     0.56          176.76             0.0532              0                     0
6     12     0.56          176.76             0.0588              0                     0
6     12     0.56          176.76             0.0644              0                     0
6     12     0.56          176.76             0.07              0                     0
6     12     0.56          176.76             0.0756              0                     0
6     12     0.56          176.76             0.0812              0                     0
6     12     0.56          176.76             0.0868              0                     0
6     12     0.56          176.76             0.0924              0                     0
6     12     0.56          176.76             0.098              0                     0
6     12     0.56          176.76             0.1036              0                     0
6     12     0.56          176.76             0.1092              0                     0
6     12     0.56          176.76             0.1148              0                     0
6     12     0.56          176.76             0.1204              0                     0
6     12     0.56          176.76             0.126              0                     0
6     12     0.56          176.76             0.1316              0                     0
6     12     0.56          176.76             0.1372              0                     0
6     12     0.56          176.76             0.1428              0                     0
6     12     0.56          176.76             0.1484              0                     0
6     12     0.56          176.76             0.154              0                     0
6     12     0.56          176.76             0.1596              0                     0
6     12     0.56          176.76             0.1652              0                     0
6     12     0.56          176.76             0.1708              0                     0
6     12     0.56          176.76             0.1764              0                     0
6     12     0.56          176.76             0.182              0                     0
6     12     0.56          176.76             0.1876              0                     0
6     12     0.56          176.76             0.1932              0                     0
6     12     0.56          176.76             0.1988              0                     0
6     12     0.56          176.76             0.2044              0                     0
6     12     0.56          176.76             0.21              0                     0
6     12     0.56          176.76             0.2156              0                     0
6     12     0.56          176.76             0.2212              0                     0
6     12     0.56          176.76             0.2268              0                     0
6     12     0.56          176.76             0.2324              0                     0
6     12     0.56          176.76             0.238              0.0232056                     0.0232056
6     12     0.56          176.76             0.2436              0                     0
6     12     0.56          176.76             0.2492              0                     0
6     12     0.56          176.76             0.2548              0.0232056                     0.0232056
6     12     0.56          176.76             0.2604              0.0696167                     0.0401932
6     12     0.56          176.76             0.266              0.0232056                     0.0232056
6     12     0.56          176.76             0.2716              0.0928223                     0.0464111
6     12     0.56          176.76             0.2772              0.139233                     0.0568418
6     12     0.56          176.76             0.2828              0.0696167                     0.0401932
6     12     0.56          176.76             0.2884              0.116028                     0.0518892
6     12     0.56          176.76             0.294              0.0928223                     0.0464111
6     12     0.56          176.76             0.2996              0.116028                     0.0518892
6     12     0.56          176.76             0.3052              0.185645                     0.0656353
6     12     0.56          176.76             0.3108              0.116028                     0.0518892
6     12     0.56          176.76             0.3164              0.185645                     0.0656353
6     12     0.56          176.76             0.322              0.162439                     0.0613962
6     12     0.56          176.76             0.3276              0.185645                     0.0656353
6     12     0.56          176.76             0.3332              0.20885                     0.0696167
6     12     0.56          176.76             0.3388              0.0464111                     0.0328176
6     12     0.56          176.76             0.3444              0.278467                     0.0803865
6     12     0.56          176.76             0.35              0.0928223                     0.0464111
6     12     0.56          176.76             0.3556              0.185645                     0.0656353
6     12     0.56          176.76             0.3612              0.278467                     0.0803865
6     12     0.56          176.76             0.3668              0.348084                     0.0898748
6     12     0.56          176.76             0.3724              0.162439                     0.0613962
6     12     0.56          176.76             0.378              0.162439                     0.0613962
6     12     0.56          176.76             0.3836              0.162439                     0.0613962
6     12     0.56          176.76             0.3892              0.139233                     0.0568418
6     12     0.56          176.76             0.3948              0.371289                     0.0928223
6     12     0.56          176.76             0.4004              0.20885                     0.0696167
6     12     0.56          176.76             0.406              0.301672                     0.0836689
6     12     0.56          176.76             0.4116              0.232056                     0.0733825
6     12     0.56          176.76             0.4172              0.301672                     0.0836689
6     12     0.56          176.76             0.4228              0.324878                     0.0868273
6     12     0.56          176.76             0.4284              0.301672                     0.0836689
6     12     0.56          176.76             0.434              0.348084                     0.0898748
6     12     0.56          176.76             0.4396              0.556934                     0.113684
6     12     0.56          176.76             0.4452              0.464111                     0.103778
6     12     0.56          176.76             0.4508              0.649756                     0.122792
6     12     0.56          176.76             0.4564              0.510523                     0.108844
6     12     0.56          176.76             0.462              0.440906                     0.101151
6     12     0.56          176.76             0.4676              0.742578                     0.131271
6     12     0.56          176.76             0.4732              0.580139                     0.116028
6     12     0.56          176.76             0.4788              0.649756                     0.122792
6     12     0.56          176.76             0.4844              0.603345                     0.118326
6     12     0.56          176.76             0.49              0.464111                     0.103778
6     12     0.56          176.76             0.4956              0.510523                     0.108844
6     12     0.56          176.76             0.5012              0.533728                     0.11129
6     12     0.56          176.76             0.5068              0.603345                     0.118326
6     12     0.56          176.76             0.5124              0.649756                     0.122792
6     12     0.56          176.76             0.518              0.719373                     0.129203
6     12     0.56          176.76             0.5236              0.487317                     0.106341
6     12     0.56          176.76             0.5292              0.533728                     0.11129
6     12     0.56          176.76             0.5348              0.4177                     0.0984529
6     12     0.56          176.76             0.5404              0.394495                     0.095679
6     12     0.56          176.76             0.546              0.371289                     0.0928223
6     12     0.56          176.76             0.5516              0.510523                     0.108844
*******************************************************************************************************
 Average angle 176.83 +- 6.38914 deg 
 Average E' 0.108708 +- 0.00392777 GeV 
