*******************************************************************************************************
Z     A     E(GeV)     Theta(deg)     Energy Loss(GeV)     Sigma(nb/sr/GeV)     ERROR     Citation     
*******************************************************************************************************
6     12     0.4          136.6             0.002              0                     0
6     12     0.4          136.6             0.006              0                     0
6     12     0.4          136.6             0.01              0                     0
6     12     0.4          136.6             0.014              0                     0
6     12     0.4          136.6             0.018              0                     0
6     12     0.4          136.6             0.022              0                     0
6     12     0.4          136.6             0.026              0                     0
6     12     0.4          136.6             0.03              0                     0
6     12     0.4          136.6             0.034              0                     0
6     12     0.4          136.6             0.038              0                     0
6     12     0.4          136.6             0.042              0                     0
6     12     0.4          136.6             0.046              0                     0
6     12     0.4          136.6             0.05              0                     0
6     12     0.4          136.6             0.054              0                     0
6     12     0.4          136.6             0.058              0                     0
6     12     0.4          136.6             0.062              0                     0
6     12     0.4          136.6             0.066              0                     0
6     12     0.4          136.6             0.07              0                     0
6     12     0.4          136.6             0.074              0                     0
6     12     0.4          136.6             0.078              0                     0
6     12     0.4          136.6             0.082              0                     0
6     12     0.4          136.6             0.086              0                     0
6     12     0.4          136.6             0.09              0                     0
6     12     0.4          136.6             0.094              0                     0
6     12     0.4          136.6             0.098              0                     0
6     12     0.4          136.6             0.102              0.0107544                     0.00480953
6     12     0.4          136.6             0.106              0.00430178                     0.00304182
6     12     0.4          136.6             0.11              0.0129053                     0.00526858
6     12     0.4          136.6             0.114              0.0494704                     0.0103153
6     12     0.4          136.6             0.118              0.0752811                     0.0127248
6     12     0.4          136.6             0.122              0.0903373                     0.0139393
6     12     0.4          136.6             0.126              0.107544                     0.0152091
6     12     0.4          136.6             0.13              0.14411                     0.0176058
6     12     0.4          136.6             0.134              0.191429                     0.0202914
6     12     0.4          136.6             0.138              0.204334                     0.0209643
6     12     0.4          136.6             0.142              0.223692                     0.0219348
6     12     0.4          136.6             0.146              0.255956                     0.0234634
6     12     0.4          136.6             0.15              0.331237                     0.0266918
6     12     0.4          136.6             0.154              0.331237                     0.0266918
6     12     0.4          136.6             0.158              0.438781                     0.0307208
6     12     0.4          136.6             0.162              0.419423                     0.0300355
6     12     0.4          136.6             0.166              0.432329                     0.0304941
6     12     0.4          136.6             0.17              0.539873                     0.0340765
6     12     0.4          136.6             0.174              0.477497                     0.0320475
6     12     0.4          136.6             0.178              0.649568                     0.0373785
6     12     0.4          136.6             0.182              0.602249                     0.0359912
6     12     0.4          136.6             0.186              0.638814                     0.0370677
6     12     0.4          136.6             0.19              0.615154                     0.0363748
6     12     0.4          136.6             0.194              0.615154                     0.0363748
6     12     0.4          136.6             0.198              0.550627                     0.0344142
6     12     0.4          136.6             0.202              0.55708                     0.0346153
6     12     0.4          136.6             0.206              0.567834                     0.0349478
6     12     0.4          136.6             0.21              0.554929                     0.0345484
6     12     0.4          136.6             0.214              0.546326                     0.0342795
6     12     0.4          136.6             0.218              0.481799                     0.0321915
6     12     0.4          136.6             0.222              0.494704                     0.0326198
6     12     0.4          136.6             0.226              0.518364                     0.0333908
6     12     0.4          136.6             0.23              0.466743                     0.0316846
6     12     0.4          136.6             0.234              0.468894                     0.0317575
6     12     0.4          136.6             0.238              0.41082                     0.0297259
6     12     0.4          136.6             0.242              0.48395                     0.0322633
6     12     0.4          136.6             0.246              0.38716                     0.0288572
6     12     0.4          136.6             0.25              0.369953                     0.0282086
6     12     0.4          136.6             0.254              0.41082                     0.0297259
6     12     0.4          136.6             0.258              0.389311                     0.0289372
6     12     0.4          136.6             0.262              0.449536                     0.031095
6     12     0.4          136.6             0.266              0.464592                     0.0316115
6     12     0.4          136.6             0.27              0.492553                     0.0325488
6     12     0.4          136.6             0.274              0.499006                     0.0327614
6     12     0.4          136.6             0.278              0.613003                     0.0363112
6     12     0.4          136.6             0.282              0.628059                     0.0367544
6     12     0.4          136.6             0.286              0.63021                     0.0368173
6     12     0.4          136.6             0.29              0.688284                     0.0384763
6     12     0.4          136.6             0.294              0.84745                     0.0426939
6     12     0.4          136.6             0.298              0.806583                     0.0416518
6     12     0.4          136.6             0.302              0.942089                     0.0450148
6     12     0.4          136.6             0.306              1.01522                     0.0467293
6     12     0.4          136.6             0.31              1.14427                     0.0496105
6     12     0.4          136.6             0.314              1.18299                     0.0504428
6     12     0.4          136.6             0.318              1.24536                     0.0517556
6     12     0.4          136.6             0.322              1.31849                     0.0532535
6     12     0.4          136.6             0.326              1.38517                     0.0545834
6     12     0.4          136.6             0.33              1.35506                     0.0539869
6     12     0.4          136.6             0.334              1.46691                     0.0561707
6     12     0.4          136.6             0.338              1.59811                     0.058629
6     12     0.4          136.6             0.342              1.53358                     0.0574331
6     12     0.4          136.6             0.346              1.63468                     0.0592959
6     12     0.4          136.6             0.35              1.64758                     0.0595295
6     12     0.4          136.6             0.354              1.62607                     0.0591396
6     12     0.4          136.6             0.358              1.69705                     0.0604166
6     12     0.4          136.6             0.362              1.70565                     0.0605696
6     12     0.4          136.6             0.366              1.72071                     0.0608363
6     12     0.4          136.6             0.37              1.62392                     0.0591005
6     12     0.4          136.6             0.374              1.70781                     0.0606077
6     12     0.4          136.6             0.378              1.73792                     0.0611397
6     12     0.4          136.6             0.382              1.63683                     0.0593349
6     12     0.4          136.6             0.386              1.49272                     0.0566627
6     12     0.4          136.6             0.39              1.47981                     0.0564173
6     12     0.4          136.6             0.394              1.26472                     0.0521563
*******************************************************************************************************
 Average angle 137.028 +- 0.839226 deg 
 Average E' 0.096211 +- 0.000589243 GeV 
