*******************************************************************************************************
Z     A     E(GeV)     Theta(deg)     Energy Loss(GeV)     Sigma(nb/sr/GeV)     ERROR     Citation     
*******************************************************************************************************
6     12     0.56          131.4             0.0028              0                     0
6     12     0.56          131.4             0.0084              0                     0
6     12     0.56          131.4             0.014              0                     0
6     12     0.56          131.4             0.0196              0                     0
6     12     0.56          131.4             0.0252              0                     0
6     12     0.56          131.4             0.0308              0                     0
6     12     0.56          131.4             0.0364              0                     0
6     12     0.56          131.4             0.042              0                     0
6     12     0.56          131.4             0.0476              0                     0
6     12     0.56          131.4             0.0532              0                     0
6     12     0.56          131.4             0.0588              0                     0
6     12     0.56          131.4             0.0644              0                     0
6     12     0.56          131.4             0.07              0                     0
6     12     0.56          131.4             0.0756              0                     0
6     12     0.56          131.4             0.0812              0                     0
6     12     0.56          131.4             0.0868              0                     0
6     12     0.56          131.4             0.0924              0                     0
6     12     0.56          131.4             0.098              0                     0
6     12     0.56          131.4             0.1036              0                     0
6     12     0.56          131.4             0.1092              0                     0
6     12     0.56          131.4             0.1148              0                     0
6     12     0.56          131.4             0.1204              0                     0
6     12     0.56          131.4             0.126              0                     0
6     12     0.56          131.4             0.1316              0                     0
6     12     0.56          131.4             0.1372              0                     0
6     12     0.56          131.4             0.1428              0                     0
6     12     0.56          131.4             0.1484              0                     0
6     12     0.56          131.4             0.154              0                     0
6     12     0.56          131.4             0.1596              0                     0
6     12     0.56          131.4             0.1652              0                     0
6     12     0.56          131.4             0.1708              0                     0
6     12     0.56          131.4             0.1764              0                     0
6     12     0.56          131.4             0.182              0                     0
6     12     0.56          131.4             0.1876              0                     0
6     12     0.56          131.4             0.1932              0                     0
6     12     0.56          131.4             0.1988              0.00174847                     0.00174847
6     12     0.56          131.4             0.2044              0.0104908                     0.00428285
6     12     0.56          131.4             0.21              0.026227                     0.00677179
6     12     0.56          131.4             0.2156              0.0139877                     0.00494541
6     12     0.56          131.4             0.2212              0.0349694                     0.00781938
6     12     0.56          131.4             0.2268              0.0507056                     0.00941579
6     12     0.56          131.4             0.2324              0.0629448                     0.0104908
6     12     0.56          131.4             0.238              0.0769326                     0.011598
6     12     0.56          131.4             0.2436              0.0664418                     0.0107783
6     12     0.56          131.4             0.2492              0.0856749                     0.0122393
6     12     0.56          131.4             0.2548              0.0996627                     0.0132006
6     12     0.56          131.4             0.2604              0.14862                     0.0161201
6     12     0.56          131.4             0.266              0.162607                     0.0168616
6     12     0.56          131.4             0.2716              0.181841                     0.0178309
6     12     0.56          131.4             0.2772              0.21681                     0.0194701
6     12     0.56          131.4             0.2828              0.201074                     0.0187502
6     12     0.56          131.4             0.2884              0.260522                     0.0213428
6     12     0.56          131.4             0.294              0.281503                     0.0221856
6     12     0.56          131.4             0.2996              0.274509                     0.0219082
6     12     0.56          131.4             0.3052              0.286749                     0.0223913
6     12     0.56          131.4             0.3108              0.260522                     0.0213428
6     12     0.56          131.4             0.3164              0.285                     0.0223229
6     12     0.56          131.4             0.322              0.281503                     0.0221856
6     12     0.56          131.4             0.3276              0.290246                     0.0225274
6     12     0.56          131.4             0.3332              0.211565                     0.0192331
6     12     0.56          131.4             0.3388              0.253528                     0.0210543
6     12     0.56          131.4             0.3444              0.264019                     0.0214855
6     12     0.56          131.4             0.35              0.236043                     0.0203154
6     12     0.56          131.4             0.3556              0.248282                     0.0208354
6     12     0.56          131.4             0.3612              0.267516                     0.0216273
6     12     0.56          131.4             0.3668              0.243037                     0.0206141
6     12     0.56          131.4             0.3724              0.271012                     0.0217682
6     12     0.56          131.4             0.378              0.285                     0.0223229
6     12     0.56          131.4             0.3836              0.311227                     0.0233275
6     12     0.56          131.4             0.3892              0.35319                     0.0248504
6     12     0.56          131.4             0.3948              0.402148                     0.0265168
6     12     0.56          131.4             0.4004              0.400399                     0.0264591
6     12     0.56          131.4             0.406              0.451105                     0.0280845
6     12     0.56          131.4             0.4116              0.47908                     0.0289423
6     12     0.56          131.4             0.4172              0.514049                     0.02998
6     12     0.56          131.4             0.4228              0.531534                     0.0304856
6     12     0.56          131.4             0.4284              0.583988                     0.0319544
6     12     0.56          131.4             0.434              0.613712                     0.0327575
6     12     0.56          131.4             0.4396              0.681902                     0.0345295
6     12     0.56          131.4             0.4452              0.762332                     0.0365091
6     12     0.56          131.4             0.4508              0.692393                     0.0347941
6     12     0.56          131.4             0.4564              0.779817                     0.0369254
6     12     0.56          131.4             0.462              0.828774                     0.0380668
6     12     0.56          131.4             0.4676              0.851504                     0.0385853
6     12     0.56          131.4             0.4732              0.755338                     0.0363412
6     12     0.56          131.4             0.4788              0.806044                     0.0375412
6     12     0.56          131.4             0.4844              0.788559                     0.0371318
6     12     0.56          131.4             0.49              0.767577                     0.0366345
6     12     0.56          131.4             0.4956              0.734356                     0.0358329
6     12     0.56          131.4             0.5012              0.755338                     0.0363412
6     12     0.56          131.4             0.5068              0.751841                     0.036257
6     12     0.56          131.4             0.5124              0.634694                     0.0333128
6     12     0.56          131.4             0.518              0.674908                     0.0343519
6     12     0.56          131.4             0.5236              0.688896                     0.0347061
6     12     0.56          131.4             0.5292              0.587485                     0.0320499
6     12     0.56          131.4             0.5348              0.540276                     0.0307353
6     12     0.56          131.4             0.5404              0.510553                     0.0298778
6     12     0.56          131.4             0.546              0.489571                     0.0292575
6     12     0.56          131.4             0.5516              0.470338                     0.028677
*******************************************************************************************************
 Average angle 131.753 +- 1.09114 deg 
 Average E' 0.123207 +- 0.00102037 GeV 
