*******************************************************************************************************
Z     A     E(GeV)     Theta(deg)     Energy Loss(GeV)     Sigma(nb/sr/GeV)     ERROR     Citation     
*******************************************************************************************************
6     12     3.595          30.4             0.017975              0                     0
6     12     3.595          30.4             0.053925              0                     0
6     12     3.595          30.4             0.089875              0                     0
6     12     3.595          30.4             0.125825              0                     0
6     12     3.595          30.4             0.161775              0                     0
6     12     3.595          30.4             0.197725              0                     0
6     12     3.595          30.4             0.233675              0                     0
6     12     3.595          30.4             0.269625              0                     0
6     12     3.595          30.4             0.305575              0                     0
6     12     3.595          30.4             0.341525              0                     0
6     12     3.595          30.4             0.377475              0                     0
6     12     3.595          30.4             0.413425              0                     0
6     12     3.595          30.4             0.449375              0                     0
6     12     3.595          30.4             0.485325              0                     0
6     12     3.595          30.4             0.521275              0                     0
6     12     3.595          30.4             0.557225              0                     0
6     12     3.595          30.4             0.593175              0                     0
6     12     3.595          30.4             0.629125              0                     0
6     12     3.595          30.4             0.665075              0                     0
6     12     3.595          30.4             0.701025              0                     0
6     12     3.595          30.4             0.736975              0                     0
6     12     3.595          30.4             0.772925              0                     0
6     12     3.595          30.4             0.808875              0                     0
6     12     3.595          30.4             0.844825              0                     0
6     12     3.595          30.4             0.880775              0                     0
6     12     3.595          30.4             0.916725              0.000304                     0.000304
6     12     3.595          30.4             0.952675              0.000304                     0.000304
6     12     3.595          30.4             0.988625              0.000911999                     0.000526543
6     12     3.595          30.4             1.02458              0.001824                     0.000744644
6     12     3.595          30.4             1.06053              0.00152                     0.000679764
6     12     3.595          30.4             1.09648              0.004256                     0.00113746
6     12     3.595          30.4             1.13243              0.007296                     0.00148929
6     12     3.595          30.4             1.16838              0.01064                     0.00179849
6     12     3.595          30.4             1.20433              0.0152                     0.0021496
6     12     3.595          30.4             1.24028              0.021888                     0.00257952
6     12     3.595          30.4             1.27623              0.031312                     0.00308526
6     12     3.595          30.4             1.31218              0.044688                     0.0036858
6     12     3.595          30.4             1.34813              0.0608                     0.00429921
6     12     3.595          30.4             1.38408              0.075696                     0.00479704
6     12     3.595          30.4             1.42003              0.0975839                     0.0054466
6     12     3.595          30.4             1.45598              0.115216                     0.00591824
6     12     3.595          30.4             1.49193              0.138624                     0.00649166
6     12     3.595          30.4             1.52788              0.189088                     0.00758173
6     12     3.595          30.4             1.56383              0.233472                     0.00842469
6     12     3.595          30.4             1.59978              0.283936                     0.00929066
6     12     3.595          30.4             1.63573              0.330752                     0.0100274
6     12     3.595          30.4             1.67168              0.38304                     0.0107909
6     12     3.595          30.4             1.70763              0.41952                     0.0112931
6     12     3.595          30.4             1.74358              0.479104                     0.0120684
6     12     3.595          30.4             1.77953              0.538384                     0.0127933
6     12     3.595          30.4             1.81548              0.640528                     0.0139542
6     12     3.595          30.4             1.85143              0.687952                     0.0144616
6     12     3.595          30.4             1.88738              0.753312                     0.015133
6     12     3.595          30.4             1.92333              0.820496                     0.0157934
6     12     3.595          30.4             1.95928              0.871871                     0.0162803
6     12     3.595          30.4             1.99523              0.950911                     0.0170023
6     12     3.595          30.4             2.03118              0.999855                     0.0174343
6     12     3.595          30.4             2.06712              1.07464                     0.0180746
6     12     3.595          30.4             2.10308              1.14243                     0.018636
6     12     3.595          30.4             2.13903              1.18469                     0.0189775
6     12     3.595          30.4             2.17497              1.21266                     0.0192002
6     12     3.595          30.4             2.21093              1.26008                     0.019572
6     12     3.595          30.4             2.24688              1.33517                     0.0201467
6     12     3.595          30.4             2.28282              1.34824                     0.0202451
6     12     3.595          30.4             2.31878              1.4063                     0.0206765
6     12     3.595          30.4             2.35473              1.42789                     0.0208345
6     12     3.595          30.4             2.39067              1.48443                     0.021243
6     12     3.595          30.4             2.42663              1.5051                     0.0213904
6     12     3.595          30.4             2.46258              1.5273                     0.0215476
6     12     3.595          30.4             2.49852              1.59235                     0.0220017
6     12     3.595          30.4             2.53448              1.60816                     0.0221106
6     12     3.595          30.4             2.57043              1.6416                     0.0223393
6     12     3.595          30.4             2.60637              1.67078                     0.022537
6     12     3.595          30.4             2.64233              1.72246                     0.0228829
6     12     3.595          30.4             2.67828              1.73979                     0.0229977
6     12     3.595          30.4             2.71422              1.73128                     0.0229414
6     12     3.595          30.4             2.75018              1.74526                     0.0230339
6     12     3.595          30.4             2.78613              1.80333                     0.0234139
6     12     3.595          30.4             2.82207              1.82825                     0.0235752
6     12     3.595          30.4             2.85803              1.88389                     0.0239312
6     12     3.595          30.4             2.89398              1.84528                     0.0236847
6     12     3.595          30.4             2.92992              1.86747                     0.0238267
6     12     3.595          30.4             2.96588              1.89665                     0.0240121
6     12     3.595          30.4             3.00183              1.83008                     0.0235869
6     12     3.595          30.4             3.03777              1.90638                     0.0240736
6     12     3.595          30.4             3.07373              1.90699                     0.0240775
6     12     3.595          30.4             3.10968              1.94377                     0.0243086
6     12     3.595          30.4             3.14562              1.87477                     0.0238732
6     12     3.595          30.4             3.18158              1.95897                     0.0244034
6     12     3.595          30.4             3.21753              1.94803                     0.0243352
6     12     3.595          30.4             3.25347              1.9535                     0.0243693
6     12     3.595          30.4             3.28943              1.88389                     0.0239312
6     12     3.595          30.4             3.32538              1.78083                     0.0232674
6     12     3.595          30.4             3.36132              1.7483                     0.0230539
6     12     3.595          30.4             3.39728              1.59235                     0.0220017
6     12     3.595          30.4             3.43323              1.4595                     0.0210639
6     12     3.595          30.4             3.46917              1.27619                     0.0196967
6     12     3.595          30.4             3.50513              1.03482                     0.0177365
6     12     3.595          30.4             3.54108              0.724736                     0.0148432
*******************************************************************************************************
 Average angle 30.5965 +- 0.0608788 deg 
 Average E' 0.882625 +- 0.00175619 GeV 
