*******************************************************************************************************
Z     A     E(GeV)     Theta(deg)     Energy Loss(GeV)     Sigma(nb/sr/GeV)     ERROR     Citation     
*******************************************************************************************************
6     12     0.2          118.4             0.001              0                     0
6     12     0.2          118.4             0.003              0                     0
6     12     0.2          118.4             0.005              0                     0
6     12     0.2          118.4             0.007              0                     0
6     12     0.2          118.4             0.009              0                     0
6     12     0.2          118.4             0.011              0                     0
6     12     0.2          118.4             0.013              0                     0
6     12     0.2          118.4             0.015              0                     0
6     12     0.2          118.4             0.017              0                     0
6     12     0.2          118.4             0.019              0                     0
6     12     0.2          118.4             0.021              0                     0
6     12     0.2          118.4             0.023              0                     0
6     12     0.2          118.4             0.025              0                     0
6     12     0.2          118.4             0.027              0                     0
6     12     0.2          118.4             0.029              0                     0
6     12     0.2          118.4             0.031              0.0137541                     0.00615103
6     12     0.2          118.4             0.033              0.118286                     0.0180384
6     12     0.2          118.4             0.035              0.341102                     0.0306319
6     12     0.2          118.4             0.037              0.651946                     0.0423484
6     12     0.2          118.4             0.039              1.05907                     0.0539751
6     12     0.2          118.4             0.041              1.57347                     0.0657902
6     12     0.2          118.4             0.043              2.08238                     0.0756852
6     12     0.2          118.4             0.045              2.47849                     0.0825706
6     12     0.2          118.4             0.047              3.02591                     0.0912346
6     12     0.2          118.4             0.049              3.77413                     0.101892
6     12     0.2          118.4             0.051              4.37656                     0.109723
6     12     0.2          118.4             0.053              4.96249                     0.116837
6     12     0.2          118.4             0.055              5.66945                     0.124883
6     12     0.2          118.4             0.057              6.04081                     0.128908
6     12     0.2          118.4             0.059              6.45894                     0.133294
6     12     0.2          118.4             0.061              6.69001                     0.135658
6     12     0.2          118.4             0.063              6.52496                     0.133974
6     12     0.2          118.4             0.065              6.61023                     0.134847
6     12     0.2          118.4             0.067              6.27463                     0.131379
6     12     0.2          118.4             0.069              6.21412                     0.130744
6     12     0.2          118.4             0.071              6.23337                     0.130946
6     12     0.2          118.4             0.073              6.23887                     0.131004
6     12     0.2          118.4             0.075              5.8235                     0.126568
6     12     0.2          118.4             0.077              5.73822                     0.125638
6     12     0.2          118.4             0.079              5.40537                     0.121939
6     12     0.2          118.4             0.081              5.45214                     0.122466
6     12     0.2          118.4             0.083              5.13029                     0.118796
6     12     0.2          118.4             0.085              4.93498                     0.116513
6     12     0.2          118.4             0.087              4.84971                     0.115502
6     12     0.2          118.4             0.089              4.55812                     0.111976
6     12     0.2          118.4             0.091              4.52236                     0.111536
6     12     0.2          118.4             0.093              4.18126                     0.107247
6     12     0.2          118.4             0.095              3.9832                     0.104676
6     12     0.2          118.4             0.097              3.78239                     0.102003
6     12     0.2          118.4             0.099              3.4963                     0.0980699
6     12     0.2          118.4             0.101              3.30374                     0.0953311
6     12     0.2          118.4             0.103              3.19371                     0.0937301
6     12     0.2          118.4             0.105              2.91037                     0.0894759
6     12     0.2          118.4             0.107              2.93513                     0.0898556
6     12     0.2          118.4             0.109              2.79759                     0.087725
6     12     0.2          118.4             0.111              2.40972                     0.081417
6     12     0.2          118.4             0.113              2.40147                     0.0812775
6     12     0.2          118.4             0.115              2.10163                     0.0760343
6     12     0.2          118.4             0.117              2.07137                     0.075485
6     12     0.2          118.4             0.119              1.85406                     0.0714156
6     12     0.2          118.4             0.121              1.72477                     0.0688806
6     12     0.2          118.4             0.123              1.37266                     0.0614488
6     12     0.2          118.4             0.125              1.40842                     0.0622441
6     12     0.2          118.4             0.127              1.20211                     0.0575048
6     12     0.2          118.4             0.129              1.18836                     0.0571748
6     12     0.2          118.4             0.131              1.0013                     0.0524824
6     12     0.2          118.4             0.133              0.971041                     0.0516833
6     12     0.2          118.4             0.135              0.847254                     0.0482768
6     12     0.2          118.4             0.137              0.869261                     0.0488997
6     12     0.2          118.4             0.139              0.816995                     0.0474069
6     12     0.2          118.4             0.141              0.905022                     0.0498955
6     12     0.2          118.4             0.143              0.841753                     0.0481198
6     12     0.2          118.4             0.145              0.825248                     0.0476457
6     12     0.2          118.4             0.147              0.894018                     0.0495912
6     12     0.2          118.4             0.149              0.968291                     0.0516101
6     12     0.2          118.4             0.151              1.13334                     0.0558357
6     12     0.2          118.4             0.153              1.05357                     0.0538347
6     12     0.2          118.4             0.155              1.08658                     0.0546716
6     12     0.2          118.4             0.157              1.0123                     0.05277
6     12     0.2          118.4             0.159              1.09758                     0.0549477
6     12     0.2          118.4             0.161              1.07282                     0.0543245
6     12     0.2          118.4             0.163              1.0068                     0.0526264
6     12     0.2          118.4             0.165              0.976543                     0.0518295
6     12     0.2          118.4             0.167              0.957287                     0.051316
6     12     0.2          118.4             0.169              0.979294                     0.0519025
6     12     0.2          118.4             0.171              0.877513                     0.0491313
6     12     0.2          118.4             0.173              0.880264                     0.0492083
6     12     0.2          118.4             0.175              0.902271                     0.0498196
6     12     0.2          118.4             0.177              0.80049                     0.0469256
6     12     0.2          118.4             0.179              0.770231                     0.0460301
6     12     0.2          118.4             0.181              0.770231                     0.0460301
6     12     0.2          118.4             0.183              0.429129                     0.0343578
6     12     0.2          118.4             0.185              0.0110033                     0.00550165
6     12     0.2          118.4             0.187              0.0247574                     0.00825248
6     12     0.2          118.4             0.189              0.0302591                     0.00912346
6     12     0.2          118.4             0.191              0.0220066                     0.00778051
6     12     0.2          118.4             0.193              0.0302591                     0.00912346
6     12     0.2          118.4             0.195              0.0550165                     0.0123021
6     12     0.2          118.4             0.197              0.0522657                     0.0119906
*******************************************************************************************************
 Average angle 118.983 +- 0.433611 deg 
 Average E' 0.112576 +- 0.000410261 GeV 
