*******************************************************************************************************
Z     A     E(GeV)     Theta(deg)     Energy Loss(GeV)     Sigma(nb/sr/GeV)     ERROR     Citation     
*******************************************************************************************************
6     12     0.12          130.8             0.0006              0.00438555                     0.00438555
6     12     0.12          130.8             0.0018              0                     0
6     12     0.12          130.8             0.003              0.00438555                     0.00438555
6     12     0.12          130.8             0.0042              0.00438555                     0.00438555
6     12     0.12          130.8             0.0054              0.00877109                     0.0062021
6     12     0.12          130.8             0.0066              0                     0
6     12     0.12          130.8             0.0078              0.00438555                     0.00438555
6     12     0.12          130.8             0.009              0.00438555                     0.00438555
6     12     0.12          130.8             0.0102              0.00877109                     0.0062021
6     12     0.12          130.8             0.0114              0                     0
6     12     0.12          130.8             0.0126              0.0175422                     0.00877109
6     12     0.12          130.8             0.0138              0.00438555                     0.00438555
6     12     0.12          130.8             0.015              0.00438555                     0.00438555
6     12     0.12          130.8             0.0162              0.00877109                     0.0062021
6     12     0.12          130.8             0.0174              0.00877109                     0.0062021
6     12     0.12          130.8             0.0186              0                     0
6     12     0.12          130.8             0.0198              0.0219277                     0.00980638
6     12     0.12          130.8             0.021              0.0219277                     0.00980638
6     12     0.12          130.8             0.0222              0.048241                     0.0145452
6     12     0.12          130.8             0.0234              0.232434                     0.0319273
6     12     0.12          130.8             0.0246              0.434169                     0.0436356
6     12     0.12          130.8             0.0258              0.868338                     0.0617101
6     12     0.12          130.8             0.027              1.32882                     0.0763387
6     12     0.12          130.8             0.0282              1.80685                     0.0890169
6     12     0.12          130.8             0.0294              1.98665                     0.0933411
6     12     0.12          130.8             0.0306              2.78044                     0.110425
6     12     0.12          130.8             0.0318              3.23215                     0.119058
6     12     0.12          130.8             0.033              3.34617                     0.12114
6     12     0.12          130.8             0.0342              4.0654                     0.133525
6     12     0.12          130.8             0.0354              4.33731                     0.137918
6     12     0.12          130.8             0.0366              4.68815                     0.143388
6     12     0.12          130.8             0.0378              4.78025                     0.144789
6     12     0.12          130.8             0.039              5.13548                     0.150073
6     12     0.12          130.8             0.0402              4.80656                     0.145187
6     12     0.12          130.8             0.0414              5.33282                     0.152929
6     12     0.12          130.8             0.0426              5.45123                     0.154618
6     12     0.12          130.8             0.0438              5.69244                     0.158001
6     12     0.12          130.8             0.045              5.69683                     0.158062
6     12     0.12          130.8             0.0462              5.83716                     0.159997
6     12     0.12          130.8             0.0474              6.08275                     0.163328
6     12     0.12          130.8             0.0486              6.40728                     0.167629
6     12     0.12          130.8             0.0498              6.35027                     0.166881
6     12     0.12          130.8             0.051              6.85461                     0.173382
6     12     0.12          130.8             0.0522              6.81952                     0.172937
6     12     0.12          130.8             0.0534              7.18353                     0.177493
6     12     0.12          130.8             0.0546              7.22738                     0.178034
6     12     0.12          130.8             0.0558              7.42912                     0.180501
6     12     0.12          130.8             0.057              7.72733                     0.184089
6     12     0.12          130.8             0.0582              7.53875                     0.181828
6     12     0.12          130.8             0.0594              7.28001                     0.178681
6     12     0.12          130.8             0.0606              7.24492                     0.17825
6     12     0.12          130.8             0.0618              6.85022                     0.173326
6     12     0.12          130.8             0.063              6.92478                     0.174267
6     12     0.12          130.8             0.0642              6.7055                     0.171486
6     12     0.12          130.8             0.0654              6.42044                     0.167801
6     12     0.12          130.8             0.0666              6.48622                     0.168658
6     12     0.12          130.8             0.0678              6.29326                     0.166131
6     12     0.12          130.8             0.069              5.68805                     0.157941
6     12     0.12          130.8             0.0702              5.62227                     0.157025
6     12     0.12          130.8             0.0714              5.31528                     0.152677
6     12     0.12          130.8             0.0726              5.08285                     0.149302
6     12     0.12          130.8             0.0738              5.31967                     0.15274
6     12     0.12          130.8             0.075              4.71008                     0.143723
6     12     0.12          130.8             0.0762              4.6136                     0.142243
6     12     0.12          130.8             0.0774              4.28029                     0.137009
6     12     0.12          130.8             0.0786              4.12241                     0.134458
6     12     0.12          130.8             0.0798              4.05663                     0.133381
6     12     0.12          130.8             0.081              3.79788                     0.129057
6     12     0.12          130.8             0.0822              3.60492                     0.125736
6     12     0.12          130.8             0.0834              3.41634                     0.122403
6     12     0.12          130.8             0.0846              2.92516                     0.113263
6     12     0.12          130.8             0.0858              2.86376                     0.112068
6     12     0.12          130.8             0.087              2.67518                     0.108315
6     12     0.12          130.8             0.0882              2.39889                     0.102569
6     12     0.12          130.8             0.0894              2.06559                     0.0951775
6     12     0.12          130.8             0.0906              1.9121                     0.0915729
6     12     0.12          130.8             0.0918              1.82                     0.0893404
6     12     0.12          130.8             0.093              1.3946                     0.0782055
6     12     0.12          130.8             0.0942              1.17533                     0.0717945
6     12     0.12          130.8             0.0954              0.929736                     0.0638545
6     12     0.12          130.8             0.0966              0.675374                     0.0544232
6     12     0.12          130.8             0.0978              0.381543                     0.0409057
6     12     0.12          130.8             0.099              0.232434                     0.0319273
6     12     0.12          130.8             0.1002              0.109639                     0.0219277
6     12     0.12          130.8             0.1014              0.0394699                     0.0131566
6     12     0.12          130.8             0.1026              0.00438555                     0.00438555
6     12     0.12          130.8             0.1038              0.00438555                     0.00438555
6     12     0.12          130.8             0.105              0                     0
6     12     0.12          130.8             0.1062              0                     0
6     12     0.12          130.8             0.1074              0                     0
6     12     0.12          130.8             0.1086              0                     0
6     12     0.12          130.8             0.1098              0                     0
6     12     0.12          130.8             0.111              0                     0
6     12     0.12          130.8             0.1122              0                     0
6     12     0.12          130.8             0.1134              0                     0
6     12     0.12          130.8             0.1146              0                     0
6     12     0.12          130.8             0.1158              0                     0
6     12     0.12          130.8             0.117              0                     0
6     12     0.12          130.8             0.1182              0                     0
*******************************************************************************************************
 Average angle 132.197 +- 0.525904 deg 
 Average E' 0.0611092 +- 0.000243104 GeV 
