*******************************************************************************************************
Z     A     E(GeV)     Theta(deg)     Energy Loss(GeV)     Sigma(nb/sr/GeV)     ERROR     Citation     
*******************************************************************************************************
6     12     0.06          162.6             0.0003              0.0697309                     0.0348655
6     12     0.06          162.6             0.0009              0.278924                     0.0697309
6     12     0.06          162.6             0.0015              0.0871637                     0.0389808
6     12     0.06          162.6             0.0021              0.19176                     0.0578178
6     12     0.06          162.6             0.0027              0.0697309                     0.0348655
6     12     0.06          162.6             0.0033              0.156895                     0.0522982
6     12     0.06          162.6             0.0039              0.261491                     0.0675167
6     12     0.06          162.6             0.0045              0.122029                     0.0461227
6     12     0.06          162.6             0.0051              0.226626                     0.0628546
6     12     0.06          162.6             0.0057              0.139462                     0.0493072
6     12     0.06          162.6             0.0063              0.331222                     0.0759875
6     12     0.06          162.6             0.0069              0.261491                     0.0675167
6     12     0.06          162.6             0.0075              0.331222                     0.0759875
6     12     0.06          162.6             0.0081              0.226626                     0.0628546
6     12     0.06          162.6             0.0087              0.366087                     0.0798868
6     12     0.06          162.6             0.0093              0.331222                     0.0759875
6     12     0.06          162.6             0.0099              0.209193                     0.0603888
6     12     0.06          162.6             0.0105              0.19176                     0.0578178
6     12     0.06          162.6             0.0111              0.278924                     0.0697309
6     12     0.06          162.6             0.0117              0.366087                     0.0798868
6     12     0.06          162.6             0.0123              0.470684                     0.0905832
6     12     0.06          162.6             0.0129              0.226626                     0.0628546
6     12     0.06          162.6             0.0135              0.313789                     0.0739608
6     12     0.06          162.6             0.0141              0.261491                     0.0675167
6     12     0.06          162.6             0.0147              0.296357                     0.071877
6     12     0.06          162.6             0.0153              0.296357                     0.071877
6     12     0.06          162.6             0.0159              0.261491                     0.0675167
6     12     0.06          162.6             0.0165              0.226626                     0.0628546
6     12     0.06          162.6             0.0171              0.244058                     0.0652273
6     12     0.06          162.6             0.0177              0.296357                     0.071877
6     12     0.06          162.6             0.0183              2.40572                     0.204788
6     12     0.06          162.6             0.0189              4.39305                     0.276736
6     12     0.06          162.6             0.0195              8.22825                     0.378736
6     12     0.06          162.6             0.0201              10.8606                     0.435121
6     12     0.06          162.6             0.0207              12.8305                     0.472938
6     12     0.06          162.6             0.0213              14.8178                     0.508247
6     12     0.06          162.6             0.0219              17.0144                     0.544616
6     12     0.06          162.6             0.0225              18.3915                     0.566229
6     12     0.06          162.6             0.0231              19.0191                     0.575808
6     12     0.06          162.6             0.0237              19.6816                     0.58575
6     12     0.06          162.6             0.0243              20.8147                     0.602376
6     12     0.06          162.6             0.0249              21.7212                     0.615353
6     12     0.06          162.6             0.0255              22.9938                     0.633123
6     12     0.06          162.6             0.0261              23.7957                     0.644068
6     12     0.06          162.6             0.0267              25.0857                     0.661296
6     12     0.06          162.6             0.0273              25.7656                     0.670197
6     12     0.06          162.6             0.0279              27.1602                     0.688096
6     12     0.06          162.6             0.0285              26.7418                     0.682776
6     12     0.06          162.6             0.0291              28.9558                     0.710478
6     12     0.06          162.6             0.0297              29.2696                     0.714317
6     12     0.06          162.6             0.0303              28.7814                     0.708336
6     12     0.06          162.6             0.0309              30.6642                     0.731137
6     12     0.06          162.6             0.0315              32.6341                     0.754255
6     12     0.06          162.6             0.0321              32.0065                     0.746968
6     12     0.06          162.6             0.0327              33.436                     0.763466
6     12     0.06          162.6             0.0333              35.1967                     0.78331
6     12     0.06          162.6             0.0339              35.9637                     0.791799
6     12     0.06          162.6             0.0345              37.7942                     0.811699
6     12     0.06          162.6             0.0351              39.2585                     0.827275
6     12     0.06          162.6             0.0357              41.5422                     0.850996
6     12     0.06          162.6             0.0363              43.3203                     0.869018
6     12     0.06          162.6             0.0369              44.2443                     0.878236
6     12     0.06          162.6             0.0375              45.7609                     0.893162
6     12     0.06          162.6             0.0381              48.2887                     0.917499
6     12     0.06          162.6             0.0387              48.7768                     0.922124
6     12     0.06          162.6             0.0393              52.3505                     0.955308
6     12     0.06          162.6             0.0399              52.2285                     0.954193
6     12     0.06          162.6             0.0405              54.8085                     0.977478
6     12     0.06          162.6             0.0411              58.1207                     1.00658
6     12     0.06          162.6             0.0417              61.6422                     1.03662
6     12     0.06          162.6             0.0423              63.4029                     1.05133
6     12     0.06          162.6             0.0429              65.8957                     1.07179
6     12     0.06          162.6             0.0435              70.0447                     1.10502
6     12     0.06          162.6             0.0441              74.9956                     1.14341
6     12     0.06          162.6             0.0447              79.8594                     1.1799
6     12     0.06          162.6             0.0453              81.7421                     1.19373
6     12     0.06          162.6             0.0459              89.6566                     1.25018
6     12     0.06          162.6             0.0465              94.8689                     1.28601
6     12     0.06          162.6             0.0471              99.9244                     1.31983
6     12     0.06          162.6             0.0477              111.238                     1.39255
6     12     0.06          162.6             0.0483              119.885                     1.44566
6     12     0.06          162.6             0.0489              126.474                     1.48486
6     12     0.06          162.6             0.0495              142.338                     1.57523
6     12     0.06          162.6             0.0501              155.378                     1.6458
6     12     0.06          162.6             0.0507              174.693                     1.7451
6     12     0.06          162.6             0.0513              196.659                     1.85157
6     12     0.06          162.6             0.0519              226.556                     1.98733
6     12     0.06          162.6             0.0525              264.681                     2.14805
6     12     0.06          162.6             0.0531              325.225                     2.38108
6     12     0.06          162.6             0.0537              411.064                     2.67693
6     12     0.06          162.6             0.0543              573.38                     3.16158
6     12     0.06          162.6             0.0549              942.239                     4.05288
6     12     0.06          162.6             0.0555              2628.87                     6.76967
6     12     0.06          162.6             0.0561              0                     0
6     12     0.06          162.6             0.0567              0                     0
6     12     0.06          162.6             0.0573              0                     0
6     12     0.06          162.6             0.0579              0                     0
6     12     0.06          162.6             0.0585              0                     0
6     12     0.06          162.6             0.0591              0                     0
*******************************************************************************************************
 Average angle 163.106 +- 0.235465 deg 
 Average E' 0.00995946 +- 1.43778e-05 GeV 
