*******************************************************************************************************
Z     A     E(GeV)     Theta(deg)     Energy Loss(GeV)     Sigma(nb/sr/GeV)     ERROR     Citation     
*******************************************************************************************************
6     12     0.1          142.8             0.0005              0                     0
6     12     0.1          142.8             0.0015              0                     0
6     12     0.1          142.8             0.0025              0.0181851                     0.0104992
6     12     0.1          142.8             0.0035              0.0121234                     0.00857256
6     12     0.1          142.8             0.0045              0                     0
6     12     0.1          142.8             0.0055              0.00606171                     0.00606171
6     12     0.1          142.8             0.0065              0                     0
6     12     0.1          142.8             0.0075              0.00606171                     0.00606171
6     12     0.1          142.8             0.0085              0.00606171                     0.00606171
6     12     0.1          142.8             0.0095              0                     0
6     12     0.1          142.8             0.0105              0                     0
6     12     0.1          142.8             0.0115              0.0121234                     0.00857256
6     12     0.1          142.8             0.0125              0.00606171                     0.00606171
6     12     0.1          142.8             0.0135              0                     0
6     12     0.1          142.8             0.0145              0.0242469                     0.0121234
6     12     0.1          142.8             0.0155              0.0121234                     0.00857256
6     12     0.1          142.8             0.0165              0                     0
6     12     0.1          142.8             0.0175              0.0121234                     0.00857256
6     12     0.1          142.8             0.0185              0                     0
6     12     0.1          142.8             0.0195              0.0121234                     0.00857256
6     12     0.1          142.8             0.0205              0.0545554                     0.0181851
6     12     0.1          142.8             0.0215              0.236407                     0.0378554
6     12     0.1          142.8             0.0225              0.448567                     0.0521448
6     12     0.1          142.8             0.0235              0.891072                     0.0734944
6     12     0.1          142.8             0.0245              1.30933                     0.0890886
6     12     0.1          142.8             0.0255              1.77002                     0.103583
6     12     0.1          142.8             0.0265              2.17616                     0.114853
6     12     0.1          142.8             0.0275              2.8975                     0.132529
6     12     0.1          142.8             0.0285              3.67946                     0.149345
6     12     0.1          142.8             0.0295              3.72189                     0.150203
6     12     0.1          142.8             0.0305              4.12197                     0.15807
6     12     0.1          142.8             0.0315              4.41899                     0.163666
6     12     0.1          142.8             0.0325              4.7342                     0.169403
6     12     0.1          142.8             0.0335              4.84937                     0.171451
6     12     0.1          142.8             0.0345              4.77663                     0.17016
6     12     0.1          142.8             0.0355              5.48585                     0.182356
6     12     0.1          142.8             0.0365              5.17064                     0.177039
6     12     0.1          142.8             0.0375              5.55253                     0.183461
6     12     0.1          142.8             0.0385              6.0799                     0.191976
6     12     0.1          142.8             0.0395              5.98291                     0.190438
6     12     0.1          142.8             0.0405              6.24357                     0.194542
6     12     0.1          142.8             0.0415              6.59515                     0.199945
6     12     0.1          142.8             0.0425              6.64364                     0.200678
6     12     0.1          142.8             0.0435              6.88005                     0.204218
6     12     0.1          142.8             0.0445              6.43148                     0.197448
6     12     0.1          142.8             0.0455              6.54059                     0.199116
6     12     0.1          142.8             0.0465              7.2195                     0.209195
6     12     0.1          142.8             0.0475              7.23769                     0.209458
6     12     0.1          142.8             0.0485              7.54077                     0.213799
6     12     0.1          142.8             0.0495              7.4256                     0.21216
6     12     0.1          142.8             0.0505              8.43791                     0.22616
6     12     0.1          142.8             0.0515              7.98328                     0.219983
6     12     0.1          142.8             0.0525              8.43184                     0.226078
6     12     0.1          142.8             0.0535              8.644                     0.228905
6     12     0.1          142.8             0.0545              9.03802                     0.234064
6     12     0.1          142.8             0.0555              9.73511                     0.242923
6     12     0.1          142.8             0.0565              9.58357                     0.241025
6     12     0.1          142.8             0.0575              9.69874                     0.242469
6     12     0.1          142.8             0.0585              9.39566                     0.23865
6     12     0.1          142.8             0.0595              9.68662                     0.242317
6     12     0.1          142.8             0.0605              9.05014                     0.234221
6     12     0.1          142.8             0.0615              9.26836                     0.237028
6     12     0.1          142.8             0.0625              8.32273                     0.224611
6     12     0.1          142.8             0.0635              8.52883                     0.227375
6     12     0.1          142.8             0.0645              7.89235                     0.218726
6     12     0.1          142.8             0.0655              8.33486                     0.224774
6     12     0.1          142.8             0.0665              7.5832                     0.2144
6     12     0.1          142.8             0.0675              7.24981                     0.209634
6     12     0.1          142.8             0.0685              7.31649                     0.210596
6     12     0.1          142.8             0.0695              7.11645                     0.207697
6     12     0.1          142.8             0.0705              7.11645                     0.207697
6     12     0.1          142.8             0.0715              6.43148                     0.197448
6     12     0.1          142.8             0.0725              6.40723                     0.197076
6     12     0.1          142.8             0.0735              6.40723                     0.197076
6     12     0.1          142.8             0.0745              5.75863                     0.186835
6     12     0.1          142.8             0.0755              5.63133                     0.184758
6     12     0.1          142.8             0.0765              5.33431                     0.17982
6     12     0.1          142.8             0.0775              4.68571                     0.168533
6     12     0.1          142.8             0.0785              4.27351                     0.16095
6     12     0.1          142.8             0.0795              4.35837                     0.16254
6     12     0.1          142.8             0.0805              3.83707                     0.15251
6     12     0.1          142.8             0.0815              3.5946                     0.147612
6     12     0.1          142.8             0.0825              3.00055                     0.134865
6     12     0.1          142.8             0.0835              3.04904                     0.13595
6     12     0.1          142.8             0.0845              2.38832                     0.120322
6     12     0.1          142.8             0.0855              1.98218                     0.109615
6     12     0.1          142.8             0.0865              1.66697                     0.100522
6     12     0.1          142.8             0.0875              1.32752                     0.0897052
6     12     0.1          142.8             0.0885              1.1881                     0.084864
6     12     0.1          142.8             0.0895              0.630418                     0.0618176
6     12     0.1          142.8             0.0905              0.351579                     0.0461646
6     12     0.1          142.8             0.0915              0.0545554                     0.0181851
6     12     0.1          142.8             0.0925              0                     0
6     12     0.1          142.8             0.0935              0                     0
6     12     0.1          142.8             0.0945              0                     0
6     12     0.1          142.8             0.0955              0                     0
6     12     0.1          142.8             0.0965              0                     0
6     12     0.1          142.8             0.0975              0                     0
6     12     0.1          142.8             0.0985              0                     0
*******************************************************************************************************
 Average angle 144.195 +- 0.569928 deg 
 Average E' 0.0439644 +- 0.000173768 GeV 
