*******************************************************************************************************
Z     A     E(GeV)     Theta(deg)     Energy Loss(GeV)     Sigma(nb/sr/GeV)     ERROR     Citation     
*******************************************************************************************************
6     12     3.595          54.2             0.017975              0                     0
6     12     3.595          54.2             0.053925              0                     0
6     12     3.595          54.2             0.089875              0                     0
6     12     3.595          54.2             0.125825              0                     0
6     12     3.595          54.2             0.161775              0                     0
6     12     3.595          54.2             0.197725              0                     0
6     12     3.595          54.2             0.233675              0                     0
6     12     3.595          54.2             0.269625              0                     0
6     12     3.595          54.2             0.305575              0                     0
6     12     3.595          54.2             0.341525              0                     0
6     12     3.595          54.2             0.377475              0                     0
6     12     3.595          54.2             0.413425              0                     0
6     12     3.595          54.2             0.449375              0                     0
6     12     3.595          54.2             0.485325              0                     0
6     12     3.595          54.2             0.521275              0                     0
6     12     3.595          54.2             0.557225              0                     0
6     12     3.595          54.2             0.593175              0                     0
6     12     3.595          54.2             0.629125              0                     0
6     12     3.595          54.2             0.665075              0                     0
6     12     3.595          54.2             0.701025              0                     0
6     12     3.595          54.2             0.736975              0                     0
6     12     3.595          54.2             0.772925              0                     0
6     12     3.595          54.2             0.808875              0                     0
6     12     3.595          54.2             0.844825              0                     0
6     12     3.595          54.2             0.880775              0                     0
6     12     3.595          54.2             0.916725              0                     0
6     12     3.595          54.2             0.952675              0                     0
6     12     3.595          54.2             0.988625              0                     0
6     12     3.595          54.2             1.02458              0                     0
6     12     3.595          54.2             1.06053              0                     0
6     12     3.595          54.2             1.09648              0                     0
6     12     3.595          54.2             1.13243              0                     0
6     12     3.595          54.2             1.16838              0                     0
6     12     3.595          54.2             1.20433              0                     0
6     12     3.595          54.2             1.24028              0                     0
6     12     3.595          54.2             1.27623              0                     0
6     12     3.595          54.2             1.31218              0                     0
6     12     3.595          54.2             1.34813              0                     0
6     12     3.595          54.2             1.38408              0                     0
6     12     3.595          54.2             1.42003              0                     0
6     12     3.595          54.2             1.45598              0                     0
6     12     3.595          54.2             1.49193              0                     0
6     12     3.595          54.2             1.52788              0                     0
6     12     3.595          54.2             1.56383              0                     0
6     12     3.595          54.2             1.59978              0                     0
6     12     3.595          54.2             1.63573              0                     0
6     12     3.595          54.2             1.67168              0                     0
6     12     3.595          54.2             1.70763              0                     0
6     12     3.595          54.2             1.74358              0                     0
6     12     3.595          54.2             1.77953              0                     0
6     12     3.595          54.2             1.81548              0                     0
6     12     3.595          54.2             1.85143              0                     0
6     12     3.595          54.2             1.88738              0                     0
6     12     3.595          54.2             1.92333              0                     0
6     12     3.595          54.2             1.95928              0                     0
6     12     3.595          54.2             1.99523              0                     0
6     12     3.595          54.2             2.03118              0                     0
6     12     3.595          54.2             2.06712              0.00018967                     0.00018967
6     12     3.595          54.2             2.10308              0.00018967                     0.00018967
6     12     3.595          54.2             2.13903              0.000379339                     0.000268233
6     12     3.595          54.2             2.17497              0.00018967                     0.00018967
6     12     3.595          54.2             2.21093              0.00151736                     0.000536467
6     12     3.595          54.2             2.24688              0.00227604                     0.000657035
6     12     3.595          54.2             2.28282              0.00474174                     0.000948348
6     12     3.595          54.2             2.31878              0.00644877                     0.00110595
6     12     3.595          54.2             2.35473              0.00929381                     0.00132769
6     12     3.595          54.2             2.39067              0.0102422                     0.00139378
6     12     3.595          54.2             2.42663              0.0204843                     0.0019711
6     12     3.595          54.2             2.46258              0.0242777                     0.00214587
6     12     3.595          54.2             2.49852              0.0339509                     0.00253761
6     12     3.595          54.2             2.53448              0.0348992                     0.0025728
6     12     3.595          54.2             2.57043              0.0481761                     0.00302284
6     12     3.595          54.2             2.60637              0.0521591                     0.00314531
6     12     3.595          54.2             2.64233              0.066005                     0.00353824
6     12     3.595          54.2             2.67828              0.0745402                     0.00376005
6     12     3.595          54.2             2.71422              0.0800406                     0.00389631
6     12     3.595          54.2             2.75018              0.0999559                     0.00435415
6     12     3.595          54.2             2.78613              0.107732                     0.00452035
6     12     3.595          54.2             2.82207              0.120251                     0.00477576
6     12     3.595          54.2             2.85803              0.143959                     0.00522539
6     12     3.595          54.2             2.89398              0.16065                     0.00552001
6     12     3.595          54.2             2.92992              0.164823                     0.00559123
6     12     3.595          54.2             2.96588              0.196498                     0.00610489
6     12     3.595          54.2             3.00183              0.205223                     0.00623895
6     12     3.595          54.2             3.03777              0.225517                     0.00654017
6     12     3.595          54.2             3.07373              0.25264                     0.00692229
6     12     3.595          54.2             3.10968              0.279194                     0.00727699
6     12     3.595          54.2             3.14562              0.290005                     0.00741654
6     12     3.595          54.2             3.18158              0.32699                     0.00787529
6     12     3.595          54.2             3.21753              0.342164                     0.00805594
6     12     3.595          54.2             3.25347              0.359045                     0.00825226
6     12     3.595          54.2             3.28943              0.380288                     0.00849288
6     12     3.595          54.2             3.32538              0.43074                     0.00903871
6     12     3.595          54.2             3.36132              0.438896                     0.00912388
6     12     3.595          54.2             3.39728              0.462035                     0.00936131
6     12     3.595          54.2             3.43323              0.509263                     0.00982811
6     12     3.595          54.2             3.46917              0.538851                     0.0101096
6     12     3.595          54.2             3.50513              0.504142                     0.00977857
6     12     3.595          54.2             3.54108              0.416704                     0.00889023
*******************************************************************************************************
 Average angle 54.4548 +- 0.27165 deg 
 Average E' 0.376418 +- 0.00187778 GeV 
