*******************************************************************************************************
Z     A     E(GeV)     Theta(deg)     Energy Loss(GeV)     Sigma(nb/sr/GeV)     ERROR     Citation     
*******************************************************************************************************
6     12     0.16          119.2             0.0008              0                     0
6     12     0.16          119.2             0.0024              0                     0
6     12     0.16          119.2             0.004              0                     0
6     12     0.16          119.2             0.0056              0                     0
6     12     0.16          119.2             0.0072              0                     0
6     12     0.16          119.2             0.0088              0                     0
6     12     0.16          119.2             0.0104              0                     0
6     12     0.16          119.2             0.012              0                     0
6     12     0.16          119.2             0.0136              0.0034898                     0.0034898
6     12     0.16          119.2             0.0152              0                     0
6     12     0.16          119.2             0.0168              0                     0
6     12     0.16          119.2             0.0184              0                     0
6     12     0.16          119.2             0.02              0                     0
6     12     0.16          119.2             0.0216              0                     0
6     12     0.16          119.2             0.0232              0                     0
6     12     0.16          119.2             0.0248              0.0034898                     0.0034898
6     12     0.16          119.2             0.0264              0.0453674                     0.0125827
6     12     0.16          119.2             0.028              0.230327                     0.0283513
6     12     0.16          119.2             0.0296              0.53045                     0.0430252
6     12     0.16          119.2             0.0312              0.827083                     0.0537248
6     12     0.16          119.2             0.0328              1.368                     0.0690946
6     12     0.16          119.2             0.0344              1.62625                     0.0753345
6     12     0.16          119.2             0.036              2.13227                     0.0862624
6     12     0.16          119.2             0.0376              2.54407                     0.0942247
6     12     0.16          119.2             0.0392              2.88258                     0.100298
6     12     0.16          119.2             0.0408              3.45142                     0.109749
6     12     0.16          119.2             0.0424              4.1075                     0.119726
6     12     0.16          119.2             0.044              4.24011                     0.121644
6     12     0.16          119.2             0.0456              5.02881                     0.132475
6     12     0.16          119.2             0.0472              5.10558                     0.133482
6     12     0.16          119.2             0.0488              5.5453                     0.139111
6     12     0.16          119.2             0.0504              5.72328                     0.141326
6     12     0.16          119.2             0.052              5.95709                     0.144184
6     12     0.16          119.2             0.0536              5.89079                     0.14338
6     12     0.16          119.2             0.0552              6.23977                     0.147565
6     12     0.16          119.2             0.0568              6.54687                     0.151153
6     12     0.16          119.2             0.0584              6.42473                     0.149737
6     12     0.16          119.2             0.06              6.21185                     0.147235
6     12     0.16          119.2             0.0616              6.30258                     0.148306
6     12     0.16          119.2             0.0632              5.75818                     0.141756
6     12     0.16          119.2             0.0648              5.84542                     0.142826
6     12     0.16          119.2             0.0664              5.7163                     0.14124
6     12     0.16          119.2             0.068              5.4406                     0.137792
6     12     0.16          119.2             0.0696              5.11954                     0.133664
6     12     0.16          119.2             0.0712              5.00438                     0.132153
6     12     0.16          119.2             0.0728              4.80895                     0.129546
6     12     0.16          119.2             0.0744              4.69728                     0.128033
6     12     0.16          119.2             0.076              4.3134                     0.12269
6     12     0.16          119.2             0.0776              4.39017                     0.123777
6     12     0.16          119.2             0.0792              4.1424                     0.120234
6     12     0.16          119.2             0.0808              4.2087                     0.121192
6     12     0.16          119.2             0.0824              3.67476                     0.113244
6     12     0.16          119.2             0.084              3.68872                     0.113459
6     12     0.16          119.2             0.0856              3.41303                     0.109137
6     12     0.16          119.2             0.0872              3.21062                     0.105851
6     12     0.16          119.2             0.0888              3.2525                     0.106539
6     12     0.16          119.2             0.0904              3.09197                     0.103877
6     12     0.16          119.2             0.092              2.79533                     0.0987682
6     12     0.16          119.2             0.0936              2.56152                     0.0945473
6     12     0.16          119.2             0.0952              2.58943                     0.0950611
6     12     0.16          119.2             0.0968              2.27535                     0.0891097
6     12     0.16          119.2             0.0984              2.18462                     0.0873149
6     12     0.16          119.2             0.1              1.99268                     0.083391
6     12     0.16          119.2             0.1016              1.79725                     0.0791962
6     12     0.16          119.2             0.1032              1.69604                     0.0769341
6     12     0.16          119.2             0.1048              1.59484                     0.0746035
6     12     0.16          119.2             0.1064              1.46572                     0.0715197
6     12     0.16          119.2             0.108              1.22492                     0.0653814
6     12     0.16          119.2             0.1096              1.12023                     0.062525
6     12     0.16          119.2             0.1112              0.963186                     0.057977
6     12     0.16          119.2             0.1128              0.949227                     0.0575553
6     12     0.16          119.2             0.1144              0.851512                     0.0545125
6     12     0.16          119.2             0.116              0.7189                     0.0500881
6     12     0.16          119.2             0.1176              0.666552                     0.04823
6     12     0.16          119.2             0.1192              0.593267                     0.0455015
6     12     0.16          119.2             0.1208              0.474613                     0.0406978
6     12     0.16          119.2             0.1224              0.516491                     0.0424553
6     12     0.16          119.2             0.124              0.474613                     0.0406978
6     12     0.16          119.2             0.1256              0.425756                     0.0385461
6     12     0.16          119.2             0.1272              0.422266                     0.0383878
6     12     0.16          119.2             0.1288              0.450185                     0.0396365
6     12     0.16          119.2             0.1304              0.408307                     0.037748
6     12     0.16          119.2             0.132              0.502532                     0.0418776
6     12     0.16          119.2             0.1336              0.411797                     0.037909
6     12     0.16          119.2             0.1352              0.443205                     0.0393281
6     12     0.16          119.2             0.1368              0.387368                     0.0367674
6     12     0.16          119.2             0.1384              0.35247                     0.0350721
6     12     0.16          119.2             0.14              0.0209388                     0.00854824
6     12     0.16          119.2             0.1416              0                     0
6     12     0.16          119.2             0.1432              0                     0
6     12     0.16          119.2             0.1448              0                     0
6     12     0.16          119.2             0.1464              0                     0
6     12     0.16          119.2             0.148              0                     0
6     12     0.16          119.2             0.1496              0                     0
6     12     0.16          119.2             0.1512              0                     0
6     12     0.16          119.2             0.1528              0                     0
6     12     0.16          119.2             0.1544              0                     0
6     12     0.16          119.2             0.156              0                     0
6     12     0.16          119.2             0.1576              0                     0
*******************************************************************************************************
 Average angle 120.394 +- 0.500318 deg 
 Average E' 0.0908193 +- 0.000377416 GeV 
