*******************************************************************************************************
Z     A     E(GeV)     Theta(deg)     Energy Loss(GeV)     Sigma(nb/sr/GeV)     ERROR     Citation     
*******************************************************************************************************
6     12     0.08          68.4             0.0004              0                     0
6     12     0.08          68.4             0.0012              0                     0
6     12     0.08          68.4             0.002              0                     0
6     12     0.08          68.4             0.0028              0                     0
6     12     0.08          68.4             0.0036              0                     0
6     12     0.08          68.4             0.0044              0                     0
6     12     0.08          68.4             0.0052              0                     0
6     12     0.08          68.4             0.006              0                     0
6     12     0.08          68.4             0.0068              0                     0
6     12     0.08          68.4             0.0076              0                     0
6     12     0.08          68.4             0.0084              0                     0
6     12     0.08          68.4             0.0092              0                     0
6     12     0.08          68.4             0.01              0                     0
6     12     0.08          68.4             0.0108              0                     0
6     12     0.08          68.4             0.0116              0                     0
6     12     0.08          68.4             0.0124              0                     0
6     12     0.08          68.4             0.0132              0                     0
6     12     0.08          68.4             0.014              0                     0
6     12     0.08          68.4             0.0148              0                     0
6     12     0.08          68.4             0.0156              0                     0
6     12     0.08          68.4             0.0164              0                     0
6     12     0.08          68.4             0.0172              7.93586                     0.167976
6     12     0.08          68.4             0.018              49.0373                     0.417555
6     12     0.08          68.4             0.0188              96.5458                     0.585891
6     12     0.08          68.4             0.0196              130.11                     0.68015
6     12     0.08          68.4             0.0204              148.1                     0.725651
6     12     0.08          68.4             0.0212              159.613                     0.753328
6     12     0.08          68.4             0.022              166.777                     0.770049
6     12     0.08          68.4             0.0228              173.497                     0.78541
6     12     0.08          68.4             0.0236              174.756                     0.788253
6     12     0.08          68.4             0.0244              179.815                     0.799582
6     12     0.08          68.4             0.0252              182.774                     0.806133
6     12     0.08          68.4             0.026              185.735                     0.812638
6     12     0.08          68.4             0.0268              189.621                     0.821095
6     12     0.08          68.4             0.0276              189.838                     0.821565
6     12     0.08          68.4             0.0284              192.025                     0.826283
6     12     0.08          68.4             0.0292              196.057                     0.834912
6     12     0.08          68.4             0.03              197.788                     0.838591
6     12     0.08          68.4             0.0308              200.59                     0.84451
6     12     0.08          68.4             0.0316              202.905                     0.849368
6     12     0.08          68.4             0.0324              205.547                     0.854879
6     12     0.08          68.4             0.0332              210.034                     0.86416
6     12     0.08          68.4             0.034              211.641                     0.86746
6     12     0.08          68.4             0.0348              214.606                     0.873516
6     12     0.08          68.4             0.0356              215.95                     0.876246
6     12     0.08          68.4             0.0364              221.105                     0.886644
6     12     0.08          68.4             0.0372              224.44                     0.893306
6     12     0.08          68.4             0.038              229.326                     0.902976
6     12     0.08          68.4             0.0388              230.869                     0.906009
6     12     0.08          68.4             0.0396              235.622                     0.915289
6     12     0.08          68.4             0.0404              240.12                     0.923983
6     12     0.08          68.4             0.0412              243.747                     0.930935
6     12     0.08          68.4             0.042              248.316                     0.939619
6     12     0.08          68.4             0.0428              255.096                     0.952361
6     12     0.08          68.4             0.0436              259.682                     0.960884
6     12     0.08          68.4             0.0444              263.377                     0.967695
6     12     0.08          68.4             0.0452              271.899                     0.983227
6     12     0.08          68.4             0.046              278.16                     0.994483
6     12     0.08          68.4             0.0468              284.987                     1.00661
6     12     0.08          68.4             0.0476              288.923                     1.01354
6     12     0.08          68.4             0.0484              299.422                     1.03179
6     12     0.08          68.4             0.0492              307.198                     1.0451
6     12     0.08          68.4             0.05              317.132                     1.06187
6     12     0.08          68.4             0.0508              327.656                     1.07934
6     12     0.08          68.4             0.0516              337.814                     1.09595
6     12     0.08          68.4             0.0524              352.321                     1.11923
6     12     0.08          68.4             0.0532              366.336                     1.14127
6     12     0.08          68.4             0.054              380.779                     1.16355
6     12     0.08          68.4             0.0548              401.902                     1.19539
6     12     0.08          68.4             0.0556              428.476                     1.23428
6     12     0.08          68.4             0.0564              452.682                     1.26866
6     12     0.08          68.4             0.0572              461.695                     1.28123
6     12     0.08          68.4             0.058              452.657                     1.26863
6     12     0.08          68.4             0.0588              440.522                     1.25151
6     12     0.08          68.4             0.0596              428.81                     1.23476
6     12     0.08          68.4             0.0604              418.912                     1.22042
6     12     0.08          68.4             0.0612              404.252                     1.19888
6     12     0.08          68.4             0.062              394.905                     1.18494
6     12     0.08          68.4             0.0628              387.595                     1.17392
6     12     0.08          68.4             0.0636              376.637                     1.15721
6     12     0.08          68.4             0.0644              370.013                     1.14699
6     12     0.08          68.4             0.0652              362.873                     1.13587
6     12     0.08          68.4             0.066              356.09                     1.1252
6     12     0.08          68.4             0.0668              347.791                     1.11201
6     12     0.08          68.4             0.0676              345.498                     1.10834
6     12     0.08          68.4             0.0684              343.923                     1.10581
6     12     0.08          68.4             0.0692              344.705                     1.10707
6     12     0.08          68.4             0.07              251.647                     0.945901
6     12     0.08          68.4             0.0708              10.4211                     0.19249
6     12     0.08          68.4             0.0716              0                     0
6     12     0.08          68.4             0.0724              0                     0
6     12     0.08          68.4             0.0732              0                     0
6     12     0.08          68.4             0.074              0                     0
6     12     0.08          68.4             0.0748              0                     0
6     12     0.08          68.4             0.0756              0                     0
6     12     0.08          68.4             0.0764              0                     0
6     12     0.08          68.4             0.0772              0                     0
6     12     0.08          68.4             0.078              0                     0
6     12     0.08          68.4             0.0788              0                     0
*******************************************************************************************************
 Average angle 68.8193 +- 0.0303115 deg 
 Average E' 0.0312902 +- 1.37818e-05 GeV 
