*******************************************************************************************************
Z     A     E(GeV)     Theta(deg)     Energy Loss(GeV)     Sigma(nb/sr/GeV)     ERROR     Citation     
*******************************************************************************************************
6     12     0.2          79.2             0.001              0                     0
6     12     0.2          79.2             0.003              0                     0
6     12     0.2          79.2             0.005              0                     0
6     12     0.2          79.2             0.007              0                     0
6     12     0.2          79.2             0.009              0                     0
6     12     0.2          79.2             0.011              0                     0
6     12     0.2          79.2             0.013              0                     0
6     12     0.2          79.2             0.015              0                     0
6     12     0.2          79.2             0.017              0                     0
6     12     0.2          79.2             0.019              0                     0
6     12     0.2          79.2             0.021              0                     0
6     12     0.2          79.2             0.023              0                     0
6     12     0.2          79.2             0.025              0.140413                     0.0185982
6     12     0.2          79.2             0.027              1.23909                     0.0552482
6     12     0.2          79.2             0.029              3.23936                     0.0893299
6     12     0.2          79.2             0.031              5.56973                     0.117134
6     12     0.2          79.2             0.033              8.38293                     0.143703
6     12     0.2          79.2             0.035              10.9473                     0.164218
6     12     0.2          79.2             0.037              13.9132                     0.185132
6     12     0.2          79.2             0.039              17.2265                     0.205999
6     12     0.2          79.2             0.041              19.6283                     0.219891
6     12     0.2          79.2             0.043              21.7764                     0.231611
6     12     0.2          79.2             0.045              23.9713                     0.243003
6     12     0.2          79.2             0.047              26.0849                     0.25349
6     12     0.2          79.2             0.049              26.1021                     0.253574
6     12     0.2          79.2             0.051              27.3289                     0.259464
6     12     0.2          79.2             0.053              28.2847                     0.263963
6     12     0.2          79.2             0.055              29.3907                     0.269074
6     12     0.2          79.2             0.057              29.371                     0.268984
6     12     0.2          79.2             0.059              28.6123                     0.265487
6     12     0.2          79.2             0.061              27.9718                     0.262499
6     12     0.2          79.2             0.063              26.1267                     0.253694
6     12     0.2          79.2             0.065              25.1192                     0.248754
6     12     0.2          79.2             0.067              24.2817                     0.244572
6     12     0.2          79.2             0.069              23.0253                     0.238161
6     12     0.2          79.2             0.071              21.9439                     0.2325
6     12     0.2          79.2             0.073              20.1407                     0.222743
6     12     0.2          79.2             0.075              19.6874                     0.220222
6     12     0.2          79.2             0.077              18.4213                     0.213023
6     12     0.2          79.2             0.079              17.3398                     0.206676
6     12     0.2          79.2             0.081              16.3569                     0.200733
6     12     0.2          79.2             0.083              14.9873                     0.192145
6     12     0.2          79.2             0.085              13.9601                     0.185443
6     12     0.2          79.2             0.087              12.9698                     0.178745
6     12     0.2          79.2             0.089              12.4229                     0.174936
6     12     0.2          79.2             0.091              11.403                     0.167601
6     12     0.2          79.2             0.093              10.2822                     0.159151
6     12     0.2          79.2             0.095              9.29931                     0.151353
6     12     0.2          79.2             0.097              8.68839                     0.146297
6     12     0.2          79.2             0.099              7.73259                     0.138016
6     12     0.2          79.2             0.101              7.13891                     0.132612
6     12     0.2          79.2             0.103              6.33092                     0.124882
6     12     0.2          79.2             0.105              5.67566                     0.118243
6     12     0.2          79.2             0.107              4.81593                     0.10892
6     12     0.2          79.2             0.109              4.17052                     0.101359
6     12     0.2          79.2             0.111              3.66307                     0.0949925
6     12     0.2          79.2             0.113              3.17039                     0.0883737
6     12     0.2          79.2             0.115              2.53483                     0.0790208
6     12     0.2          79.2             0.117              2.12345                     0.0723248
6     12     0.2          79.2             0.119              1.66033                     0.0639534
6     12     0.2          79.2             0.121              1.4066                     0.0588643
6     12     0.2          79.2             0.123              1.16272                     0.0535186
6     12     0.2          79.2             0.125              0.94348                     0.0482096
6     12     0.2          79.2             0.127              0.872041                     0.0463485
6     12     0.2          79.2             0.129              0.773506                     0.0436514
6     12     0.2          79.2             0.131              0.83509                     0.0453559
6     12     0.2          79.2             0.133              0.837554                     0.0454227
6     12     0.2          79.2             0.135              0.938553                     0.0480835
6     12     0.2          79.2             0.137              0.97304                     0.048959
6     12     0.2          79.2             0.139              1.06172                     0.0511414
6     12     0.2          79.2             0.141              1.1036                     0.0521402
6     12     0.2          79.2             0.143              1.16765                     0.0536319
6     12     0.2          79.2             0.145              1.10606                     0.0521984
6     12     0.2          79.2             0.147              1.09621                     0.0519653
6     12     0.2          79.2             0.149              1.13809                     0.0529486
6     12     0.2          79.2             0.151              1.14548                     0.0531203
6     12     0.2          79.2             0.153              1.13809                     0.0529486
6     12     0.2          79.2             0.155              1.33516                     0.05735
6     12     0.2          79.2             0.157              1.24648                     0.0554127
6     12     0.2          79.2             0.159              1.18243                     0.0539702
6     12     0.2          79.2             0.161              1.08882                     0.0517899
6     12     0.2          79.2             0.163              1.01984                     0.0501226
6     12     0.2          79.2             0.165              1.08389                     0.0516726
6     12     0.2          79.2             0.167              1.12084                     0.052546
6     12     0.2          79.2             0.169              0.751335                     0.0430213
6     12     0.2          79.2             0.171              0.0369509                     0.00954068
6     12     0.2          79.2             0.173              0.012317                     0.00550831
6     12     0.2          79.2             0.175              0.0172438                     0.00651753
6     12     0.2          79.2             0.177              0.0270973                     0.00817015
6     12     0.2          79.2             0.179              0.0221705                     0.00739018
6     12     0.2          79.2             0.181              0.0295607                     0.00853344
6     12     0.2          79.2             0.183              0.0197071                     0.00696753
6     12     0.2          79.2             0.185              0.0270973                     0.00817015
6     12     0.2          79.2             0.187              0.0369509                     0.00954068
6     12     0.2          79.2             0.189              0.0517313                     0.0112887
6     12     0.2          79.2             0.191              0.0468045                     0.0107377
6     12     0.2          79.2             0.193              0.0886822                     0.0147804
6     12     0.2          79.2             0.195              0.108389                     0.0163403
6     12     0.2          79.2             0.197              0.0615848                     0.012317
*******************************************************************************************************
 Average angle 79.7719 +- 0.146363 deg 
 Average E' 0.132052 +- 0.000242284 GeV 
