*******************************************************************************************************
Z     A     E(GeV)     Theta(deg)     Energy Loss(GeV)     Sigma(nb/sr/GeV)     ERROR     Citation     
*******************************************************************************************************
6     12     0.4          37.4             0.002              0                     0
6     12     0.4          37.4             0.006              0                     0
6     12     0.4          37.4             0.01              0                     0
6     12     0.4          37.4             0.014              0                     0
6     12     0.4          37.4             0.018              0                     0
6     12     0.4          37.4             0.022              0                     0
6     12     0.4          37.4             0.026              1.56453                     0.061699
6     12     0.4          37.4             0.03              14.6233                     0.18863
6     12     0.4          37.4             0.034              36.5803                     0.298339
6     12     0.4          37.4             0.038              61.7052                     0.387478
6     12     0.4          37.4             0.042              85.3386                     0.455679
6     12     0.4          37.4             0.046              105.573                     0.50683
6     12     0.4          37.4             0.05              119.262                     0.538687
6     12     0.4          37.4             0.054              130.751                     0.564039
6     12     0.4          37.4             0.058              131.902                     0.566516
6     12     0.4          37.4             0.062              124.126                     0.549562
6     12     0.4          37.4             0.066              115.386                     0.529861
6     12     0.4          37.4             0.07              106.059                     0.507997
6     12     0.4          37.4             0.074              96.6212                     0.484867
6     12     0.4          37.4             0.078              86.9858                     0.460056
6     12     0.4          37.4             0.082              79.8566                     0.4408
6     12     0.4          37.4             0.086              70.9707                     0.415552
6     12     0.4          37.4             0.09              62.8001                     0.390901
6     12     0.4          37.4             0.094              56.6101                     0.371136
6     12     0.4          37.4             0.098              48.9675                     0.345176
6     12     0.4          37.4             0.102              42.7411                     0.322484
6     12     0.4          37.4             0.106              36.0547                     0.296188
6     12     0.4          37.4             0.11              30.8867                     0.27414
6     12     0.4          37.4             0.114              26.2515                     0.252734
6     12     0.4          37.4             0.118              21.4606                     0.228511
6     12     0.4          37.4             0.122              16.9203                     0.202904
6     12     0.4          37.4             0.126              13.6549                     0.182277
6     12     0.4          37.4             0.13              10.4067                     0.159126
6     12     0.4          37.4             0.134              7.9516                     0.139096
6     12     0.4          37.4             0.138              5.63765                     0.117121
6     12     0.4          37.4             0.142              3.69355                     0.0948
6     12     0.4          37.4             0.146              2.34558                     0.0755459
6     12     0.4          37.4             0.15              1.42097                     0.0588002
6     12     0.4          37.4             0.154              0.902706                     0.0468662
6     12     0.4          37.4             0.158              0.827278                     0.0448654
6     12     0.4          37.4             0.162              0.883241                     0.0463581
6     12     0.4          37.4             0.166              1.15089                     0.0529179
6     12     0.4          37.4             0.17              1.39177                     0.058193
6     12     0.4          37.4             0.174              1.75675                     0.0653794
6     12     0.4          37.4             0.178              2.0171                     0.0700567
6     12     0.4          37.4             0.182              2.28231                     0.0745202
6     12     0.4          37.4             0.186              2.60349                     0.0795911
6     12     0.4          37.4             0.19              3.16799                     0.0877966
6     12     0.4          37.4             0.194              3.59136                     0.0934793
6     12     0.4          37.4             0.198              3.9028                     0.0974484
6     12     0.4          37.4             0.202              4.4235                     0.103746
6     12     0.4          37.4             0.206              4.73251                     0.107308
6     12     0.4          37.4             0.21              5.23618                     0.112874
6     12     0.4          37.4             0.214              5.73498                     0.118128
6     12     0.4          37.4             0.218              6.08049                     0.121634
6     12     0.4          37.4             0.222              6.67175                     0.127411
6     12     0.4          37.4             0.226              7.14379                     0.131841
6     12     0.4          37.4             0.23              7.40657                     0.134244
6     12     0.4          37.4             0.234              7.66448                     0.136561
6     12     0.4          37.4             0.238              8.08299                     0.14024
6     12     0.4          37.4             0.242              8.89567                     0.147121
6     12     0.4          37.4             0.246              9.23631                     0.149912
6     12     0.4          37.4             0.25              9.448                     0.15162
6     12     0.4          37.4             0.254              9.72051                     0.153791
6     12     0.4          37.4             0.258              10.2436                     0.157875
6     12     0.4          37.4             0.262              10.5235                     0.160017
6     12     0.4          37.4             0.266              10.358                     0.158754
6     12     0.4          37.4             0.27              10.8252                     0.162294
6     12     0.4          37.4             0.274              11.0977                     0.164325
6     12     0.4          37.4             0.278              11.3653                     0.166294
6     12     0.4          37.4             0.282              11.6403                     0.168294
6     12     0.4          37.4             0.286              11.5381                     0.167553
6     12     0.4          37.4             0.29              11.7254                     0.168908
6     12     0.4          37.4             0.294              12.1731                     0.172103
6     12     0.4          37.4             0.298              12.2583                     0.172704
6     12     0.4          37.4             0.302              12.0685                     0.171361
6     12     0.4          37.4             0.306              12.0637                     0.171327
6     12     0.4          37.4             0.31              12.2559                     0.172686
6     12     0.4          37.4             0.314              12.1512                     0.171948
6     12     0.4          37.4             0.318              12.324                     0.173166
6     12     0.4          37.4             0.322              12.2388                     0.172566
6     12     0.4          37.4             0.326              12.3581                     0.173405
6     12     0.4          37.4             0.33              12.7352                     0.176031
6     12     0.4          37.4             0.334              12.5503                     0.174748
6     12     0.4          37.4             0.338              11.4578                     0.166969
6     12     0.4          37.4             0.342              10.4675                     0.159591
6     12     0.4          37.4             0.346              9.28984                     0.150345
6     12     0.4          37.4             0.35              9.50883                     0.152107
6     12     0.4          37.4             0.354              9.57696                     0.152651
6     12     0.4          37.4             0.358              9.73511                     0.153906
6     12     0.4          37.4             0.362              9.81297                     0.154521
6     12     0.4          37.4             0.366              10.2753                     0.158119
6     12     0.4          37.4             0.37              10.4724                     0.159628
6     12     0.4          37.4             0.374              10.1755                     0.157349
6     12     0.4          37.4             0.378              10.3264                     0.158511
6     12     0.4          37.4             0.382              10.594                     0.160552
6     12     0.4          37.4             0.386              10.5502                     0.16022
6     12     0.4          37.4             0.39              10.8884                     0.162768
6     12     0.4          37.4             0.394              5.75931                     0.118378
*******************************************************************************************************
 Average angle 37.7991 +- 0.0391906 deg 
 Average E' 0.278355 +- 0.000288602 GeV 
