*******************************************************************************************************
Z     A     E(GeV)     Theta(deg)     Energy Loss(GeV)     Sigma(nb/sr/GeV)     ERROR     Citation     
*******************************************************************************************************
6     12     0.1          156             0.0005              0                     0
6     12     0.1          156             0.0015              0                     0
6     12     0.1          156             0.0025              0.00901052                     0.00901052
6     12     0.1          156             0.0035              0.018021                     0.0127428
6     12     0.1          156             0.0045              0                     0
6     12     0.1          156             0.0055              0                     0
6     12     0.1          156             0.0065              0.00901052                     0.00901052
6     12     0.1          156             0.0075              0                     0
6     12     0.1          156             0.0085              0                     0
6     12     0.1          156             0.0095              0.0270315                     0.0156067
6     12     0.1          156             0.0105              0                     0
6     12     0.1          156             0.0115              0.00901052                     0.00901052
6     12     0.1          156             0.0125              0                     0
6     12     0.1          156             0.0135              0.00901052                     0.00901052
6     12     0.1          156             0.0145              0.00901052                     0.00901052
6     12     0.1          156             0.0155              0.00901052                     0.00901052
6     12     0.1          156             0.0165              0.018021                     0.0127428
6     12     0.1          156             0.0175              0.00901052                     0.00901052
6     12     0.1          156             0.0185              0.018021                     0.0127428
6     12     0.1          156             0.0195              0.00901052                     0.00901052
6     12     0.1          156             0.0205              0.0270315                     0.0156067
6     12     0.1          156             0.0215              0.135158                     0.0348976
6     12     0.1          156             0.0225              0.315368                     0.0533069
6     12     0.1          156             0.0235              0.648757                     0.0764568
6     12     0.1          156             0.0245              0.955115                     0.0927689
6     12     0.1          156             0.0255              1.32455                     0.109247
6     12     0.1          156             0.0265              1.62189                     0.120889
6     12     0.1          156             0.0275              2.30669                     0.144168
6     12     0.1          156             0.0285              2.44185                     0.148332
6     12     0.1          156             0.0295              2.94644                     0.162938
6     12     0.1          156             0.0305              2.99149                     0.164179
6     12     0.1          156             0.0315              3.02753                     0.165165
6     12     0.1          156             0.0325              3.6853                     0.182226
6     12     0.1          156             0.0335              3.92858                     0.188145
6     12     0.1          156             0.0345              4.27098                     0.196173
6     12     0.1          156             0.0355              4.23494                     0.195343
6     12     0.1          156             0.0365              4.1088                     0.192412
6     12     0.1          156             0.0375              4.55031                     0.202486
6     12     0.1          156             0.0385              4.77557                     0.207438
6     12     0.1          156             0.0395              4.73052                     0.206457
6     12     0.1          156             0.0405              5.17204                     0.215877
6     12     0.1          156             0.0415              5.21709                     0.216815
6     12     0.1          156             0.0425              4.70349                     0.205866
6     12     0.1          156             0.0435              5.33423                     0.219235
6     12     0.1          156             0.0445              5.49641                     0.222543
6     12     0.1          156             0.0455              5.40631                     0.220712
6     12     0.1          156             0.0465              5.60454                     0.224722
6     12     0.1          156             0.0475              6.04606                     0.233405
6     12     0.1          156             0.0485              6.5957                     0.243784
6     12     0.1          156             0.0495              6.23528                     0.23703
6     12     0.1          156             0.0505              6.55966                     0.243117
6     12     0.1          156             0.0515              6.89304                     0.249219
6     12     0.1          156             0.0525              6.92909                     0.249869
6     12     0.1          156             0.0535              7.44269                     0.258964
6     12     0.1          156             0.0545              7.44269                     0.258964
6     12     0.1          156             0.0555              7.52378                     0.260371
6     12     0.1          156             0.0565              8.32572                     0.273896
6     12     0.1          156             0.0575              7.8842                     0.266535
6     12     0.1          156             0.0585              8.07342                     0.269714
6     12     0.1          156             0.0595              7.80311                     0.26516
6     12     0.1          156             0.0605              7.65894                     0.262699
6     12     0.1          156             0.0615              7.16336                     0.254058
6     12     0.1          156             0.0625              7.44269                     0.258964
6     12     0.1          156             0.0635              6.9381                     0.250032
6     12     0.1          156             0.0645              7.28951                     0.256285
6     12     0.1          156             0.0655              6.84799                     0.248403
6     12     0.1          156             0.0665              6.7669                     0.246928
6     12     0.1          156             0.0675              6.22627                     0.236858
6     12     0.1          156             0.0685              6.07309                     0.233927
6     12     0.1          156             0.0695              5.79376                     0.228484
6     12     0.1          156             0.0705              5.80277                     0.228661
6     12     0.1          156             0.0715              5.83881                     0.22937
6     12     0.1          156             0.0725              5.30719                     0.218679
6     12     0.1          156             0.0735              5.47839                     0.222178
6     12     0.1          156             0.0745              5.10896                     0.214556
6     12     0.1          156             0.0755              4.51427                     0.201683
6     12     0.1          156             0.0765              4.16286                     0.193674
6     12     0.1          156             0.0775              4.27098                     0.196173
6     12     0.1          156             0.0785              3.81145                     0.185319
6     12     0.1          156             0.0795              3.81145                     0.185319
6     12     0.1          156             0.0805              3.63124                     0.180885
6     12     0.1          156             0.0815              3.00951                     0.164673
6     12     0.1          156             0.0825              3.18972                     0.169532
6     12     0.1          156             0.0835              2.47789                     0.149423
6     12     0.1          156             0.0845              2.28867                     0.143604
6     12     0.1          156             0.0855              1.98231                     0.133648
6     12     0.1          156             0.0865              1.50476                     0.116442
6     12     0.1          156             0.0875              1.26147                     0.106614
6     12     0.1          156             0.0885              1.03621                     0.096627
6     12     0.1          156             0.0895              0.603705                     0.0737543
6     12     0.1          156             0.0905              0.261305                     0.0485231
6     12     0.1          156             0.0915              0.0991157                     0.0298845
6     12     0.1          156             0.0925              0                     0
6     12     0.1          156             0.0935              0                     0
6     12     0.1          156             0.0945              0                     0
6     12     0.1          156             0.0955              0                     0
6     12     0.1          156             0.0965              0                     0
6     12     0.1          156             0.0975              0                     0
6     12     0.1          156             0.0985              0                     0
*******************************************************************************************************
 Average angle 157.393 +- 0.833175 deg 
 Average E' 0.0433198 +- 0.000229318 GeV 
