*******************************************************************************************************
Z     A     E(GeV)     Theta(deg)     Energy Loss(GeV)     Sigma(nb/sr/GeV)     ERROR     Citation     
*******************************************************************************************************
6     12     0.12          171.6             0.0006              0                     0
6     12     0.12          171.6             0.0018              0                     0
6     12     0.12          171.6             0.003              0                     0
6     12     0.12          171.6             0.0042              0                     0
6     12     0.12          171.6             0.0054              0                     0
6     12     0.12          171.6             0.0066              0                     0
6     12     0.12          171.6             0.0078              0                     0
6     12     0.12          171.6             0.009              0.0227257                     0.0227257
6     12     0.12          171.6             0.0102              0                     0
6     12     0.12          171.6             0.0114              0                     0
6     12     0.12          171.6             0.0126              0.0227257                     0.0227257
6     12     0.12          171.6             0.0138              0.0227257                     0.0227257
6     12     0.12          171.6             0.015              0.0227257                     0.0227257
6     12     0.12          171.6             0.0162              0                     0
6     12     0.12          171.6             0.0174              0.0227257                     0.0227257
6     12     0.12          171.6             0.0186              0                     0
6     12     0.12          171.6             0.0198              0                     0
6     12     0.12          171.6             0.021              0.0227257                     0.0227257
6     12     0.12          171.6             0.0222              0.0227257                     0.0227257
6     12     0.12          171.6             0.0234              0.0681771                     0.039362
6     12     0.12          171.6             0.0246              0.136354                     0.0556663
6     12     0.12          171.6             0.0258              0.204531                     0.0681771
6     12     0.12          171.6             0.027              0.409062                     0.0964169
6     12     0.12          171.6             0.0282              0.545416                     0.111333
6     12     0.12          171.6             0.0294              0.84085                     0.138235
6     12     0.12          171.6             0.0306              0.977205                     0.149022
6     12     0.12          171.6             0.0318              1.45444                     0.181805
6     12     0.12          171.6             0.033              1.61352                     0.19149
6     12     0.12          171.6             0.0342              1.70443                     0.19681
6     12     0.12          171.6             0.0354              2.22712                     0.224973
6     12     0.12          171.6             0.0366              1.63625                     0.192834
6     12     0.12          171.6             0.0378              2.22712                     0.224973
6     12     0.12          171.6             0.039              2.31802                     0.229518
6     12     0.12          171.6             0.0402              2.54528                     0.240506
6     12     0.12          171.6             0.0414              2.90889                     0.257112
6     12     0.12          171.6             0.0426              3.11342                     0.265997
6     12     0.12          171.6             0.0438              3.43158                     0.279258
6     12     0.12          171.6             0.045              2.81799                     0.253063
6     12     0.12          171.6             0.0462              2.88616                     0.256105
6     12     0.12          171.6             0.0474              2.90889                     0.257112
6     12     0.12          171.6             0.0486              3.24977                     0.27176
6     12     0.12          171.6             0.0498              3.2725                     0.272708
6     12     0.12          171.6             0.051              3.61338                     0.28656
6     12     0.12          171.6             0.0522              3.47703                     0.281101
6     12     0.12          171.6             0.0534              4.31788                     0.313252
6     12     0.12          171.6             0.0546              3.40885                     0.278332
6     12     0.12          171.6             0.0558              4.02245                     0.302346
6     12     0.12          171.6             0.057              3.95427                     0.299772
6     12     0.12          171.6             0.0582              4.52241                     0.320585
6     12     0.12          171.6             0.0594              4.13607                     0.306586
6     12     0.12          171.6             0.0606              4.22698                     0.309937
6     12     0.12          171.6             0.0618              3.86337                     0.296307
6     12     0.12          171.6             0.063              4.11335                     0.305743
6     12     0.12          171.6             0.0642              3.61338                     0.28656
6     12     0.12          171.6             0.0654              3.74974                     0.291917
6     12     0.12          171.6             0.0666              3.74974                     0.291917
6     12     0.12          171.6             0.0678              3.29522                     0.273654
6     12     0.12          171.6             0.069              3.20432                     0.269853
6     12     0.12          171.6             0.0702              3.24977                     0.27176
6     12     0.12          171.6             0.0714              3.79519                     0.293681
6     12     0.12          171.6             0.0726              3.1816                     0.268894
6     12     0.12          171.6             0.0738              2.93161                     0.258114
6     12     0.12          171.6             0.075              2.68163                     0.246864
6     12     0.12          171.6             0.0762              2.97706                     0.260107
6     12     0.12          171.6             0.0774              3.06797                     0.264049
6     12     0.12          171.6             0.0786              2.70436                     0.247908
6     12     0.12          171.6             0.0798              2.72708                     0.248947
6     12     0.12          171.6             0.081              2.61345                     0.243706
6     12     0.12          171.6             0.0822              2.31802                     0.229518
6     12     0.12          171.6             0.0834              1.93168                     0.20952
6     12     0.12          171.6             0.0846              2.31802                     0.229518
6     12     0.12          171.6             0.0858              1.93168                     0.20952
6     12     0.12          171.6             0.087              1.93168                     0.20952
6     12     0.12          171.6             0.0882              1.40899                     0.178942
6     12     0.12          171.6             0.0894              1.24991                     0.168538
6     12     0.12          171.6             0.0906              1.54535                     0.187401
6     12     0.12          171.6             0.0918              1.38627                     0.177493
6     12     0.12          171.6             0.093              1.04538                     0.154133
6     12     0.12          171.6             0.0942              1.15901                     0.162294
6     12     0.12          171.6             0.0954              0.99993                     0.150745
6     12     0.12          171.6             0.0966              0.636319                     0.120253
6     12     0.12          171.6             0.0978              0.659045                     0.122382
6     12     0.12          171.6             0.099              0.477239                     0.104142
6     12     0.12          171.6             0.1002              0.136354                     0.0556663
6     12     0.12          171.6             0.1014              0.0909027                     0.0454514
6     12     0.12          171.6             0.1026              0.0227257                     0.0227257
6     12     0.12          171.6             0.1038              0                     0
6     12     0.12          171.6             0.105              0                     0
6     12     0.12          171.6             0.1062              0                     0
6     12     0.12          171.6             0.1074              0                     0
6     12     0.12          171.6             0.1086              0                     0
6     12     0.12          171.6             0.1098              0                     0
6     12     0.12          171.6             0.111              0                     0
6     12     0.12          171.6             0.1122              0                     0
6     12     0.12          171.6             0.1134              0                     0
6     12     0.12          171.6             0.1146              0                     0
6     12     0.12          171.6             0.1158              0                     0
6     12     0.12          171.6             0.117              0                     0
6     12     0.12          171.6             0.1182              0                     0
*******************************************************************************************************
 Average angle 172.985 +- 2.08719 deg 
 Average E' 0.0585355 +- 0.000706273 GeV 
