*******************************************************************************************************
Z     A     E(GeV)     Theta(deg)     Energy Loss(GeV)     Sigma(nb/sr/GeV)     ERROR     Citation     
*******************************************************************************************************
6     12     0.12          132             0.0006              0.00893456                     0.00631769
6     12     0.12          132             0.0018              0                     0
6     12     0.12          132             0.003              0                     0
6     12     0.12          132             0.0042              0.0134018                     0.00773756
6     12     0.12          132             0.0054              0.00893456                     0.00631769
6     12     0.12          132             0.0066              0.00893456                     0.00631769
6     12     0.12          132             0.0078              0.00446728                     0.00446728
6     12     0.12          132             0.009              0                     0
6     12     0.12          132             0.0102              0.00446728                     0.00446728
6     12     0.12          132             0.0114              0.00446728                     0.00446728
6     12     0.12          132             0.0126              0.00446728                     0.00446728
6     12     0.12          132             0.0138              0.0178691                     0.00893456
6     12     0.12          132             0.015              0.00893456                     0.00631769
6     12     0.12          132             0.0162              0.0134018                     0.00773756
6     12     0.12          132             0.0174              0.0223364                     0.00998914
6     12     0.12          132             0.0186              0.0134018                     0.00773756
6     12     0.12          132             0.0198              0.0268037                     0.0109426
6     12     0.12          132             0.021              0.0178691                     0.00893456
6     12     0.12          132             0.0222              0.0357383                     0.0126354
6     12     0.12          132             0.0234              0.201028                     0.0299674
6     12     0.12          132             0.0246              0.446728                     0.0446728
6     12     0.12          132             0.0258              0.683494                     0.0552572
6     12     0.12          132             0.027              1.25531                     0.0748853
6     12     0.12          132             0.0282              1.77798                     0.089122
6     12     0.12          132             0.0294              2.16216                     0.0982802
6     12     0.12          132             0.0306              2.53295                     0.106374
6     12     0.12          132             0.0318              3.1673                     0.118951
6     12     0.12          132             0.033              3.14943                     0.118615
6     12     0.12          132             0.0342              3.85973                     0.131311
6     12     0.12          132             0.0354              4.10543                     0.135426
6     12     0.12          132             0.0366              4.44941                     0.140985
6     12     0.12          132             0.0378              4.49855                     0.141761
6     12     0.12          132             0.039              4.73532                     0.145444
6     12     0.12          132             0.0402              5.07483                     0.150568
6     12     0.12          132             0.0414              5.01229                     0.149637
6     12     0.12          132             0.0426              5.37861                     0.155009
6     12     0.12          132             0.0438              5.36074                     0.154751
6     12     0.12          132             0.045              5.89234                     0.162243
6     12     0.12          132             0.0462              5.86107                     0.161812
6     12     0.12          132             0.0474              5.70472                     0.159639
6     12     0.12          132             0.0486              6.14251                     0.165651
6     12     0.12          132             0.0498              6.41502                     0.169286
6     12     0.12          132             0.051              6.53117                     0.170811
6     12     0.12          132             0.0522              6.54457                     0.170987
6     12     0.12          132             0.0534              7.0583                     0.177571
6     12     0.12          132             0.0546              7.07171                     0.177739
6     12     0.12          132             0.0558              7.43802                     0.182285
6     12     0.12          132             0.057              7.58991                     0.184137
6     12     0.12          132             0.0582              7.28167                     0.180359
6     12     0.12          132             0.0594              7.19232                     0.179249
6     12     0.12          132             0.0606              6.93322                     0.17599
6     12     0.12          132             0.0618              6.76346                     0.173823
6     12     0.12          132             0.063              6.92875                     0.175934
6     12     0.12          132             0.0642              6.37481                     0.168754
6     12     0.12          132             0.0654              6.44182                     0.169639
6     12     0.12          132             0.0666              6.24526                     0.167031
6     12     0.12          132             0.0678              6.01296                     0.163895
6     12     0.12          132             0.069              5.70472                     0.159639
6     12     0.12          132             0.0702              5.30713                     0.153975
6     12     0.12          132             0.0714              5.27139                     0.153456
6     12     0.12          132             0.0726              4.94975                     0.148701
6     12     0.12          132             0.0738              5.02569                     0.149837
6     12     0.12          132             0.075              4.6147                     0.14358
6     12     0.12          132             0.0762              4.52089                     0.142113
6     12     0.12          132             0.0774              4.38687                     0.139991
6     12     0.12          132             0.0786              4.31539                     0.138846
6     12     0.12          132             0.0798              4.11437                     0.135573
6     12     0.12          132             0.081              3.68104                     0.128235
6     12     0.12          132             0.0822              3.71231                     0.128779
6     12     0.12          132             0.0834              3.39513                     0.123154
6     12     0.12          132             0.0846              3.06456                     0.117005
6     12     0.12          132             0.0858              2.84119                     0.112661
6     12     0.12          132             0.087              2.6625                     0.10906
6     12     0.12          132             0.0882              2.25598                     0.10039
6     12     0.12          132             0.0894              2.30958                     0.101575
6     12     0.12          132             0.0906              1.92093                     0.0926355
6     12     0.12          132             0.0918              1.62609                     0.0852303
6     12     0.12          132             0.093              1.62609                     0.0852303
6     12     0.12          132             0.0942              1.21063                     0.0735407
6     12     0.12          132             0.0954              0.857718                     0.0619005
6     12     0.12          132             0.0966              0.567345                     0.0503437
6     12     0.12          132             0.0978              0.433326                     0.0439976
6     12     0.12          132             0.099              0.294841                     0.0362924
6     12     0.12          132             0.1002              0.102747                     0.0214243
6     12     0.12          132             0.1014              0.031271                     0.0118193
6     12     0.12          132             0.1026              0.00893456                     0.00631769
6     12     0.12          132             0.1038              0                     0
6     12     0.12          132             0.105              0                     0
6     12     0.12          132             0.1062              0                     0
6     12     0.12          132             0.1074              0                     0
6     12     0.12          132             0.1086              0                     0
6     12     0.12          132             0.1098              0                     0
6     12     0.12          132             0.111              0                     0
6     12     0.12          132             0.1122              0                     0
6     12     0.12          132             0.1134              0                     0
6     12     0.12          132             0.1146              0                     0
6     12     0.12          132             0.1158              0                     0
6     12     0.12          132             0.117              0                     0
6     12     0.12          132             0.1182              0                     0
*******************************************************************************************************
 Average angle 133.394 +- 0.541275 deg 
 Average E' 0.0608997 +- 0.000247113 GeV 
