*******************************************************************************************************
Z     A     E(GeV)     Theta(deg)     Energy Loss(GeV)     Sigma(nb/sr/GeV)     ERROR     Citation     
*******************************************************************************************************
6     12     0.08          167.6             0.0004              0.184738                     0.0533292
6     12     0.08          167.6             0.0012              0.215528                     0.0576021
6     12     0.08          167.6             0.002              0.261712                     0.0634745
6     12     0.08          167.6             0.0028              0.44645                     0.0829037
6     12     0.08          167.6             0.0036              0.323291                     0.0705479
6     12     0.08          167.6             0.0044              0.138553                     0.0461845
6     12     0.08          167.6             0.0052              0.384871                     0.0769741
6     12     0.08          167.6             0.006              0.369476                     0.0754189
6     12     0.08          167.6             0.0068              0.261712                     0.0634745
6     12     0.08          167.6             0.0076              0.44645                     0.0829037
6     12     0.08          167.6             0.0084              0.338686                     0.0722081
6     12     0.08          167.6             0.0092              0.431055                     0.0814617
6     12     0.08          167.6             0.01              0.384871                     0.0769741
6     12     0.08          167.6             0.0108              0.307896                     0.0688477
6     12     0.08          167.6             0.0116              0.461845                     0.0843209
6     12     0.08          167.6             0.0124              0.41566                     0.0799938
6     12     0.08          167.6             0.0132              0.431055                     0.0814617
6     12     0.08          167.6             0.014              0.384871                     0.0769741
6     12     0.08          167.6             0.0148              0.492634                     0.0870863
6     12     0.08          167.6             0.0156              0.477239                     0.0857147
6     12     0.08          167.6             0.0164              0.523424                     0.0897665
6     12     0.08          167.6             0.0172              0.431055                     0.0814617
6     12     0.08          167.6             0.018              0.538819                     0.091077
6     12     0.08          167.6             0.0188              0.461845                     0.0843209
6     12     0.08          167.6             0.0196              0.877505                     0.116228
6     12     0.08          167.6             0.0204              1.50869                     0.152401
6     12     0.08          167.6             0.0212              2.50936                     0.196548
6     12     0.08          167.6             0.022              3.54081                     0.233474
6     12     0.08          167.6             0.0228              4.88016                     0.274097
6     12     0.08          167.6             0.0236              6.95846                     0.327298
6     12     0.08          167.6             0.0244              7.63583                     0.342859
6     12     0.08          167.6             0.0252              9.28308                     0.378036
6     12     0.08          167.6             0.026              9.26768                     0.377723
6     12     0.08          167.6             0.0268              10.0374                     0.393096
6     12     0.08          167.6             0.0276              10.8533                     0.408761
6     12     0.08          167.6             0.0284              11.7001                     0.424406
6     12     0.08          167.6             0.0292              11.8386                     0.426911
6     12     0.08          167.6             0.03              12.5622                     0.439764
6     12     0.08          167.6             0.0308              12.6545                     0.441378
6     12     0.08          167.6             0.0316              13.4705                     0.455385
6     12     0.08          167.6             0.0324              13.8245                     0.461331
6     12     0.08          167.6             0.0332              14.8714                     0.478479
6     12     0.08          167.6             0.034              15.364                     0.48634
6     12     0.08          167.6             0.0348              16.0106                     0.496468
6     12     0.08          167.6             0.0356              15.7797                     0.492875
6     12     0.08          167.6             0.0364              16.18                     0.499087
6     12     0.08          167.6             0.0372              17.5193                     0.519333
6     12     0.08          167.6             0.038              16.9189                     0.510356
6     12     0.08          167.6             0.0388              17.5963                     0.520472
6     12     0.08          167.6             0.0396              19.6438                     0.549921
6     12     0.08          167.6             0.0404              18.4738                     0.533292
6     12     0.08          167.6             0.0412              18.8125                     0.538159
6     12     0.08          167.6             0.042              20.4597                     0.561225
6     12     0.08          167.6             0.0428              20.6291                     0.563543
6     12     0.08          167.6             0.0436              22.0454                     0.582567
6     12     0.08          167.6             0.0444              23.3539                     0.599608
6     12     0.08          167.6             0.0452              21.7991                     0.579304
6     12     0.08          167.6             0.046              23.3847                     0.600003
6     12     0.08          167.6             0.0468              24.1853                     0.610187
6     12     0.08          167.6             0.0476              25.8171                     0.630436
6     12     0.08          167.6             0.0484              25.8325                     0.630624
6     12     0.08          167.6             0.0492              24.9088                     0.619247
6     12     0.08          167.6             0.05              28.5882                     0.663408
6     12     0.08          167.6             0.0508              30.0353                     0.679991
6     12     0.08          167.6             0.0516              30.1431                     0.68121
6     12     0.08          167.6             0.0524              31.0668                     0.691569
6     12     0.08          167.6             0.0532              33.0219                     0.712998
6     12     0.08          167.6             0.054              35.7314                     0.741673
6     12     0.08          167.6             0.0548              35.6544                     0.740873
6     12     0.08          167.6             0.0556              37.548                     0.760292
6     12     0.08          167.6             0.0564              39.734                     0.782111
6     12     0.08          167.6             0.0572              41.9355                     0.803486
6     12     0.08          167.6             0.058              41.0426                     0.794886
6     12     0.08          167.6             0.0588              40.1343                     0.786041
6     12     0.08          167.6             0.0596              41.2581                     0.79697
6     12     0.08          167.6             0.0604              40.5961                     0.790551
6     12     0.08          167.6             0.0612              40.3652                     0.788299
6     12     0.08          167.6             0.062              41.0426                     0.794886
6     12     0.08          167.6             0.0628              40.7963                     0.792497
6     12     0.08          167.6             0.0636              39.1798                     0.776638
6     12     0.08          167.6             0.0644              38.4563                     0.769433
6     12     0.08          167.6             0.0652              39.6879                     0.781657
6     12     0.08          167.6             0.066              39.9342                     0.784079
6     12     0.08          167.6             0.0668              38.6256                     0.771125
6     12     0.08          167.6             0.0676              39.8726                     0.783474
6     12     0.08          167.6             0.0684              37.9482                     0.764334
6     12     0.08          167.6             0.0692              38.3947                     0.768817
6     12     0.08          167.6             0.07              38.4717                     0.769587
6     12     0.08          167.6             0.0708              38.0252                     0.765109
6     12     0.08          167.6             0.0716              39.6109                     0.780898
6     12     0.08          167.6             0.0724              39.38                     0.778619
6     12     0.08          167.6             0.0732              42.736                     0.811119
6     12     0.08          167.6             0.074              45.3993                     0.836011
6     12     0.08          167.6             0.0748              53.3738                     0.906466
6     12     0.08          167.6             0.0756              69.8309                     1.03684
6     12     0.08          167.6             0.0764              210.878                     1.80179
6     12     0.08          167.6             0.0772              39.3184                     0.77801
6     12     0.08          167.6             0.078              0                     0
6     12     0.08          167.6             0.0788              0                     0
*******************************************************************************************************
 Average angle 167.98 +- 0.451476 deg 
 Average E' 0.0217289 +- 5.84001e-05 GeV 
