*******************************************************************************************************
Z     A     E(GeV)     Theta(deg)     Energy Loss(GeV)     Sigma(nb/sr/GeV)     ERROR     Citation     
*******************************************************************************************************
6     12     0.2          163.2             0.001              0                     0
6     12     0.2          163.2             0.003              0                     0
6     12     0.2          163.2             0.005              0                     0
6     12     0.2          163.2             0.007              0                     0
6     12     0.2          163.2             0.009              0                     0
6     12     0.2          163.2             0.011              0                     0
6     12     0.2          163.2             0.013              0                     0
6     12     0.2          163.2             0.015              0                     0
6     12     0.2          163.2             0.017              0                     0
6     12     0.2          163.2             0.019              0                     0
6     12     0.2          163.2             0.021              0                     0
6     12     0.2          163.2             0.023              0                     0
6     12     0.2          163.2             0.025              0                     0
6     12     0.2          163.2             0.027              0                     0
6     12     0.2          163.2             0.029              0                     0
6     12     0.2          163.2             0.031              0                     0
6     12     0.2          163.2             0.033              0                     0
6     12     0.2          163.2             0.035              0                     0
6     12     0.2          163.2             0.037              0.0251159                     0.0145006
6     12     0.2          163.2             0.039              0.167439                     0.0374405
6     12     0.2          163.2             0.041              0.209299                     0.0418598
6     12     0.2          163.2             0.043              0.34325                     0.0536066
6     12     0.2          163.2             0.045              0.594408                     0.0705433
6     12     0.2          163.2             0.047              0.912543                     0.0874057
6     12     0.2          163.2             0.049              0.962774                     0.0897792
6     12     0.2          163.2             0.051              1.24742                     0.102193
6     12     0.2          163.2             0.053              1.44835                     0.110116
6     12     0.2          163.2             0.055              1.78323                     0.122185
6     12     0.2          163.2             0.057              1.95066                     0.127792
6     12     0.2          163.2             0.059              2.09299                     0.132372
6     12     0.2          163.2             0.061              2.10136                     0.132637
6     12     0.2          163.2             0.063              2.46135                     0.143549
6     12     0.2          163.2             0.065              2.50321                     0.144765
6     12     0.2          163.2             0.067              2.746                     0.151622
6     12     0.2          163.2             0.069              2.76274                     0.152084
6     12     0.2          163.2             0.071              2.81298                     0.15346
6     12     0.2          163.2             0.073              2.86321                     0.154825
6     12     0.2          163.2             0.075              2.71251                     0.150695
6     12     0.2          163.2             0.077              3.00553                     0.158626
6     12     0.2          163.2             0.079              2.93855                     0.156848
6     12     0.2          163.2             0.081              2.99716                     0.158405
6     12     0.2          163.2             0.083              2.746                     0.151622
6     12     0.2          163.2             0.085              2.71251                     0.150695
6     12     0.2          163.2             0.087              2.65391                     0.149058
6     12     0.2          163.2             0.089              2.51159                     0.145006
6     12     0.2          163.2             0.091              2.46135                     0.143549
6     12     0.2          163.2             0.093              2.49484                     0.144522
6     12     0.2          163.2             0.095              2.36089                     0.140589
6     12     0.2          163.2             0.097              2.12648                     0.133427
6     12     0.2          163.2             0.099              2.19345                     0.135512
6     12     0.2          163.2             0.101              2.16834                     0.134734
6     12     0.2          163.2             0.103              1.87532                     0.1253
6     12     0.2          163.2             0.105              1.80834                     0.123042
6     12     0.2          163.2             0.107              1.9088                     0.126414
6     12     0.2          163.2             0.109              1.95066                     0.127792
6     12     0.2          163.2             0.111              1.65765                     0.117804
6     12     0.2          163.2             0.113              1.55718                     0.114178
6     12     0.2          163.2             0.115              1.42323                     0.109157
6     12     0.2          163.2             0.117              1.373                     0.107213
6     12     0.2          163.2             0.119              1.33951                     0.105898
6     12     0.2          163.2             0.121              1.27254                     0.103216
6     12     0.2          163.2             0.123              1.18882                     0.0997633
6     12     0.2          163.2             0.125              0.979518                     0.0905565
6     12     0.2          163.2             0.127              1.19719                     0.100114
6     12     0.2          163.2             0.129              0.853939                     0.0845526
6     12     0.2          163.2             0.131              0.94603                     0.0889951
6     12     0.2          163.2             0.133              0.786963                     0.0811691
6     12     0.2          163.2             0.135              1.02975                     0.0928494
6     12     0.2          163.2             0.137              0.870683                     0.0853775
6     12     0.2          163.2             0.139              0.786963                     0.0811691
6     12     0.2          163.2             0.141              0.770219                     0.0803009
6     12     0.2          163.2             0.143              0.795335                     0.0815997
6     12     0.2          163.2             0.145              0.786963                     0.0811691
6     12     0.2          163.2             0.147              0.72836                     0.0780884
6     12     0.2          163.2             0.149              0.837195                     0.0837195
6     12     0.2          163.2             0.151              0.98789                     0.0909427
6     12     0.2          163.2             0.153              0.879055                     0.085787
6     12     0.2          163.2             0.155              0.94603                     0.0889951
6     12     0.2          163.2             0.157              1.02138                     0.0924712
6     12     0.2          163.2             0.159              0.920915                     0.0878058
6     12     0.2          163.2             0.161              1.06324                     0.0943471
6     12     0.2          163.2             0.163              0.954402                     0.089388
6     12     0.2          163.2             0.165              1.01301                     0.0920915
6     12     0.2          163.2             0.167              0.887427                     0.0861945
6     12     0.2          163.2             0.169              0.937658                     0.0886004
6     12     0.2          163.2             0.171              0.920915                     0.0878058
6     12     0.2          163.2             0.173              0.845567                     0.0841371
6     12     0.2          163.2             0.175              0.828823                     0.0832999
6     12     0.2          163.2             0.177              0.820451                     0.0828781
6     12     0.2          163.2             0.179              0.778591                     0.0807362
6     12     0.2          163.2             0.181              0.669756                     0.074881
6     12     0.2          163.2             0.183              0.619524                     0.0720182
6     12     0.2          163.2             0.185              0.493945                     0.0643062
6     12     0.2          163.2             0.187              0.267902                     0.0473589
6     12     0.2          163.2             0.189              0.0251159                     0.0145006
6     12     0.2          163.2             0.191              0.0251159                     0.0145006
6     12     0.2          163.2             0.193              0.0251159                     0.0145006
6     12     0.2          163.2             0.195              0.0418598                     0.0187203
6     12     0.2          163.2             0.197              0.0586037                     0.0221501
*******************************************************************************************************
 Average angle 163.74 +- 1.42313 deg 
 Average E' 0.0992225 +- 0.00086238 GeV 
