*******************************************************************************************************
Z     A     E(GeV)     Theta(deg)     Energy Loss(GeV)     Sigma(nb/sr/GeV)     ERROR     Citation     
*******************************************************************************************************
6     12     0.56          134.64             0.0028              0                     0
6     12     0.56          134.64             0.0084              0                     0
6     12     0.56          134.64             0.014              0                     0
6     12     0.56          134.64             0.0196              0                     0
6     12     0.56          134.64             0.0252              0                     0
6     12     0.56          134.64             0.0308              0                     0
6     12     0.56          134.64             0.0364              0                     0
6     12     0.56          134.64             0.042              0                     0
6     12     0.56          134.64             0.0476              0                     0
6     12     0.56          134.64             0.0532              0                     0
6     12     0.56          134.64             0.0588              0                     0
6     12     0.56          134.64             0.0644              0                     0
6     12     0.56          134.64             0.07              0                     0
6     12     0.56          134.64             0.0756              0                     0
6     12     0.56          134.64             0.0812              0                     0
6     12     0.56          134.64             0.0868              0                     0
6     12     0.56          134.64             0.0924              0                     0
6     12     0.56          134.64             0.098              0                     0
6     12     0.56          134.64             0.1036              0                     0
6     12     0.56          134.64             0.1092              0                     0
6     12     0.56          134.64             0.1148              0                     0
6     12     0.56          134.64             0.1204              0                     0
6     12     0.56          134.64             0.126              0                     0
6     12     0.56          134.64             0.1316              0                     0
6     12     0.56          134.64             0.1372              0                     0
6     12     0.56          134.64             0.1428              0                     0
6     12     0.56          134.64             0.1484              0                     0
6     12     0.56          134.64             0.154              0                     0
6     12     0.56          134.64             0.1596              0                     0
6     12     0.56          134.64             0.1652              0                     0
6     12     0.56          134.64             0.1708              0                     0
6     12     0.56          134.64             0.1764              0                     0
6     12     0.56          134.64             0.182              0                     0
6     12     0.56          134.64             0.1876              0                     0
6     12     0.56          134.64             0.1932              0                     0
6     12     0.56          134.64             0.1988              0                     0
6     12     0.56          134.64             0.2044              0.00737304                     0.00368652
6     12     0.56          134.64             0.21              0.0184326                     0.0058289
6     12     0.56          134.64             0.2156              0.0165893                     0.00552978
6     12     0.56          134.64             0.2212              0.0165893                     0.00552978
6     12     0.56          134.64             0.2268              0.0350219                     0.00803458
6     12     0.56          134.64             0.2324              0.0405517                     0.00864565
6     12     0.56          134.64             0.238              0.0479247                     0.00939882
6     12     0.56          134.64             0.2436              0.057141                     0.0102628
6     12     0.56          134.64             0.2492              0.105066                     0.0139163
6     12     0.56          134.64             0.2548              0.125342                     0.0151999
6     12     0.56          134.64             0.2604              0.0976928                     0.0134191
6     12     0.56          134.64             0.266              0.145617                     0.0163832
6     12     0.56          134.64             0.2716              0.160364                     0.0171928
6     12     0.56          134.64             0.2772              0.176953                     0.0180602
6     12     0.56          134.64             0.2828              0.206445                     0.0195072
6     12     0.56          134.64             0.2884              0.241467                     0.0210971
6     12     0.56          134.64             0.294              0.258056                     0.0218097
6     12     0.56          134.64             0.2996              0.241467                     0.0210971
6     12     0.56          134.64             0.3052              0.226721                     0.0204427
6     12     0.56          134.64             0.3108              0.235937                     0.0208541
6     12     0.56          134.64             0.3164              0.2599                     0.0218875
6     12     0.56          134.64             0.322              0.293078                     0.0232426
6     12     0.56          134.64             0.3276              0.239624                     0.0210164
6     12     0.56          134.64             0.3332              0.234094                     0.0207725
6     12     0.56          134.64             0.3388              0.221191                     0.0201919
6     12     0.56          134.64             0.3444              0.256213                     0.0217317
6     12     0.56          134.64             0.35              0.228564                     0.0205257
6     12     0.56          134.64             0.3556              0.246997                     0.0213373
6     12     0.56          134.64             0.3612              0.258056                     0.0218097
6     12     0.56          134.64             0.3668              0.258056                     0.0218097
6     12     0.56          134.64             0.3724              0.252527                     0.0215748
6     12     0.56          134.64             0.378              0.287548                     0.0230223
6     12     0.56          134.64             0.3836              0.302295                     0.0236052
6     12     0.56          134.64             0.3892              0.33916                     0.0250032
6     12     0.56          134.64             0.3948              0.337316                     0.0249352
6     12     0.56          134.64             0.4004              0.376025                     0.026327
6     12     0.56          134.64             0.406              0.468188                     0.0293767
6     12     0.56          134.64             0.4116              0.460815                     0.0291445
6     12     0.56          134.64             0.4172              0.49215                     0.0301191
6     12     0.56          134.64             0.4228              0.530859                     0.0312812
6     12     0.56          134.64             0.4284              0.652514                     0.0346807
6     12     0.56          134.64             0.434              0.597216                     0.0331787
6     12     0.56          134.64             0.4396              0.702282                     0.035979
6     12     0.56          134.64             0.4452              0.718871                     0.0364015
6     12     0.56          134.64             0.4508              0.724401                     0.0365412
6     12     0.56          134.64             0.4564              0.705968                     0.0360733
6     12     0.56          134.64             0.462              0.801818                     0.0384442
6     12     0.56          134.64             0.4676              0.798131                     0.0383557
6     12     0.56          134.64             0.4732              0.870018                     0.0400458
6     12     0.56          134.64             0.4788              0.805504                     0.0385325
6     12     0.56          134.64             0.4844              0.840526                     0.0393613
6     12     0.56          134.64             0.49              0.774169                     0.0377756
6     12     0.56          134.64             0.4956              0.776012                     0.0378205
6     12     0.56          134.64             0.5012              0.776012                     0.0378205
6     12     0.56          134.64             0.5068              0.702282                     0.035979
6     12     0.56          134.64             0.5124              0.578783                     0.0326626
6     12     0.56          134.64             0.518              0.66173                     0.0349248
6     12     0.56          134.64             0.5236              0.57141                     0.0324539
6     12     0.56          134.64             0.5292              0.589843                     0.0329732
6     12     0.56          134.64             0.5348              0.530859                     0.0312812
6     12     0.56          134.64             0.5404              0.495837                     0.0302317
6     12     0.56          134.64             0.546              0.433166                     0.0282566
6     12     0.56          134.64             0.5516              0.431323                     0.0281964
*******************************************************************************************************
 Average angle 135.003 +- 1.16577 deg 
 Average E' 0.121255 +- 0.00104705 GeV 
