*******************************************************************************************************
Z     A     E(GeV)     Theta(deg)     Energy Loss(GeV)     Sigma(nb/sr/GeV)     ERROR     Citation     
*******************************************************************************************************
6     12     0.32          33             0.0016              0                     0
6     12     0.32          33             0.0048              0                     0
6     12     0.32          33             0.008              0                     0
6     12     0.32          33             0.0112              0                     0
6     12     0.32          33             0.0144              0                     0
6     12     0.32          33             0.0176              0                     0
6     12     0.32          33             0.0208              3.9937                     0.105574
6     12     0.32          33             0.024              52.7469                     0.383677
6     12     0.32          33             0.0272              130.717                     0.603997
6     12     0.32          33             0.0304              205.601                     0.757497
6     12     0.32          33             0.0336              256.171                     0.845538
6     12     0.32          33             0.0368              279.709                     0.88353
6     12     0.32          33             0.04              294.467                     0.906539
6     12     0.32          33             0.0432              304.252                     0.921477
6     12     0.32          33             0.0464              309.027                     0.92868
6     12     0.32          33             0.0496              314.419                     0.936747
6     12     0.32          33             0.0528              318.703                     0.943107
6     12     0.32          33             0.056              326.986                     0.955284
6     12     0.32          33             0.0592              304.233                     0.921447
6     12     0.32          33             0.0624              273.715                     0.874011
6     12     0.32          33             0.0656              245.357                     0.827498
6     12     0.32          33             0.0688              218.626                     0.781122
6     12     0.32          33             0.072              193.472                     0.734814
6     12     0.32          33             0.0752              169.728                     0.688247
6     12     0.32          33             0.0784              147.343                     0.641256
6     12     0.32          33             0.0816              127.608                     0.596771
6     12     0.32          33             0.0848              109.181                     0.552002
6     12     0.32          33             0.088              92.1229                     0.507051
6     12     0.32          33             0.0912              77.8589                     0.466146
6     12     0.32          33             0.0944              63.9605                     0.422497
6     12     0.32          33             0.0976              50.7152                     0.376216
6     12     0.32          33             0.1008              40.35                     0.335575
6     12     0.32          33             0.104              31.2239                     0.295197
6     12     0.32          33             0.1072              22.7035                     0.251718
6     12     0.32          33             0.1104              16.8037                     0.216556
6     12     0.32          33             0.1136              10.8787                     0.174243
6     12     0.32          33             0.1168              6.49429                     0.134627
6     12     0.32          33             0.12              3.28761                     0.0957873
6     12     0.32          33             0.1232              1.28937                     0.0599869
6     12     0.32          33             0.1264              0.337692                     0.0306993
6     12     0.32          33             0.1296              0.206522                     0.0240077
6     12     0.32          33             0.1328              0.206522                     0.0240077
6     12     0.32          33             0.136              0.276293                     0.0277685
6     12     0.32          33             0.1392              0.33211                     0.0304445
6     12     0.32          33             0.1424              0.354437                     0.0314512
6     12     0.32          33             0.1456              0.404672                     0.0336062
6     12     0.32          33             0.1488              0.516306                     0.0379596
6     12     0.32          33             0.152              0.535842                     0.038671
6     12     0.32          33             0.1552              0.647475                     0.0425088
6     12     0.32          33             0.1584              0.66143                     0.0429645
6     12     0.32          33             0.1616              0.853998                     0.0488198
6     12     0.32          33             0.1648              0.971213                     0.0520625
6     12     0.32          33             0.168              1.15541                     0.0567852
6     12     0.32          33             0.1712              1.4931                     0.0645524
6     12     0.32          33             0.1744              1.57404                     0.0662788
6     12     0.32          33             0.1776              1.75823                     0.0700496
6     12     0.32          33             0.1808              2.09871                     0.0765322
6     12     0.32          33             0.184              2.35547                     0.0810787
6     12     0.32          33             0.1872              2.66525                     0.0862456
6     12     0.32          33             0.1904              2.81596                     0.0886504
6     12     0.32          33             0.1936              2.95271                     0.0907775
6     12     0.32          33             0.1968              3.3825                     0.0971598
6     12     0.32          33             0.2              3.40483                     0.0974799
6     12     0.32          33             0.2032              3.73973                     0.102162
6     12     0.32          33             0.2064              4.1444                     0.107547
6     12     0.32          33             0.2096              4.18347                     0.108053
6     12     0.32          33             0.2128              4.39837                     0.110793
6     12     0.32          33             0.216              4.79746                     0.115711
6     12     0.32          33             0.2192              4.4179                     0.111039
6     12     0.32          33             0.2224              3.94904                     0.104982
6     12     0.32          33             0.2256              3.3211                     0.096274
6     12     0.32          33             0.2288              2.74619                     0.0875453
6     12     0.32          33             0.232              1.95359                     0.0738388
6     12     0.32          33             0.2352              1.65497                     0.0679615
6     12     0.32          33             0.2384              1.79172                     0.0707136
6     12     0.32          33             0.2416              1.84475                     0.0717523
6     12     0.32          33             0.2448              1.95917                     0.0739442
6     12     0.32          33             0.248              2.13499                     0.0771909
6     12     0.32          33             0.2512              2.28012                     0.0797712
6     12     0.32          33             0.2544              2.55362                     0.0844201
6     12     0.32          33             0.2576              2.6206                     0.0855201
6     12     0.32          33             0.2608              2.8355                     0.0889574
6     12     0.32          33             0.264              3.30436                     0.0960309
6     12     0.32          33             0.2672              3.32668                     0.0963548
6     12     0.32          33             0.2704              3.84578                     0.1036
6     12     0.32          33             0.2736              4.03277                     0.106089
6     12     0.32          33             0.2768              4.42628                     0.111144
6     12     0.32          33             0.28              5.14073                     0.119779
6     12     0.32          33             0.2832              5.20213                     0.120492
6     12     0.32          33             0.2864              5.81332                     0.127374
6     12     0.32          33             0.2896              6.51662                     0.134859
6     12     0.32          33             0.2928              7.23665                     0.142114
6     12     0.32          33             0.296              7.85343                     0.148046
6     12     0.32          33             0.2992              8.40881                     0.153192
6     12     0.32          33             0.3024              9.33816                     0.161435
6     12     0.32          33             0.3056              10.2368                     0.169025
6     12     0.32          33             0.3088              10.6443                     0.172356
6     12     0.32          33             0.312              1.13029                     0.0561646
6     12     0.32          33             0.3152              0                     0
*******************************************************************************************************
 Average angle 33.4429 +- 0.024525 deg 
 Average E' 0.256123 +- 0.000187825 GeV 
