*******************************************************************************************************
Z     A     E(GeV)     Theta(deg)     Energy Loss(GeV)     Sigma(nb/sr/GeV)     ERROR     Citation     
*******************************************************************************************************
6     12     0.06          139.4             0.0003              0.160212                     0.0358245
6     12     0.06          139.4             0.0009              0.13618                     0.0330286
6     12     0.06          139.4             0.0015              0.152202                     0.0349174
6     12     0.06          139.4             0.0021              0.200265                     0.0400531
6     12     0.06          139.4             0.0027              0.192255                     0.0392438
6     12     0.06          139.4             0.0033              0.152202                     0.0349174
6     12     0.06          139.4             0.0039              0.152202                     0.0349174
6     12     0.06          139.4             0.0045              0.224297                     0.0423882
6     12     0.06          139.4             0.0051              0.168223                     0.0367092
6     12     0.06          139.4             0.0057              0.176233                     0.0375731
6     12     0.06          139.4             0.0063              0.232308                     0.0431385
6     12     0.06          139.4             0.0069              0.192255                     0.0392438
6     12     0.06          139.4             0.0075              0.184244                     0.0384175
6     12     0.06          139.4             0.0081              0.25634                     0.0453149
6     12     0.06          139.4             0.0087              0.296393                     0.0487266
6     12     0.06          139.4             0.0093              0.240318                     0.0438759
6     12     0.06          139.4             0.0099              0.200265                     0.0400531
6     12     0.06          139.4             0.0105              0.280371                     0.0473914
6     12     0.06          139.4             0.0111              0.328435                     0.0512929
6     12     0.06          139.4             0.0117              0.232308                     0.0431385
6     12     0.06          139.4             0.0123              0.304403                     0.0493807
6     12     0.06          139.4             0.0129              0.0961273                     0.0277496
6     12     0.06          139.4             0.0135              0                     0
6     12     0.06          139.4             0.0141              0                     0
6     12     0.06          139.4             0.0147              0                     0
6     12     0.06          139.4             0.0153              0                     0
6     12     0.06          139.4             0.0159              0                     0
6     12     0.06          139.4             0.0165              0                     0
6     12     0.06          139.4             0.0171              0                     0
6     12     0.06          139.4             0.0177              0.993316                     0.0892024
6     12     0.06          139.4             0.0183              4.42987                     0.188377
6     12     0.06          139.4             0.0189              8.08271                     0.254455
6     12     0.06          139.4             0.0195              12.9932                     0.32262
6     12     0.06          139.4             0.0201              16.5659                     0.364285
6     12     0.06          139.4             0.0207              20.2508                     0.402767
6     12     0.06          139.4             0.0213              23.2788                     0.431831
6     12     0.06          139.4             0.0219              24.6887                     0.444715
6     12     0.06          139.4             0.0225              26.2748                     0.458778
6     12     0.06          139.4             0.0231              27.8529                     0.472354
6     12     0.06          139.4             0.0237              29.1907                     0.483565
6     12     0.06          139.4             0.0243              29.8475                     0.488975
6     12     0.06          139.4             0.0249              30.4804                     0.494132
6     12     0.06          139.4             0.0255              32.2748                     0.508469
6     12     0.06          139.4             0.0261              33.5404                     0.518343
6     12     0.06          139.4             0.0267              34.0211                     0.522044
6     12     0.06          139.4             0.0273              35.2948                     0.531726
6     12     0.06          139.4             0.0279              36.4643                     0.540464
6     12     0.06          139.4             0.0285              38.3868                     0.554529
6     12     0.06          139.4             0.0291              38.483                     0.555223
6     12     0.06          139.4             0.0297              39.0437                     0.559253
6     12     0.06          139.4             0.0303              41.503                     0.576597
6     12     0.06          139.4             0.0309              41.8074                     0.578708
6     12     0.06          139.4             0.0315              43.2893                     0.588875
6     12     0.06          139.4             0.0321              44.555                     0.597422
6     12     0.06          139.4             0.0327              45.3881                     0.602981
6     12     0.06          139.4             0.0333              46.7419                     0.611908
6     12     0.06          139.4             0.0339              49.4255                     0.629228
6     12     0.06          139.4             0.0345              50.7312                     0.637486
6     12     0.06          139.4             0.0351              52.878                     0.650834
6     12     0.06          139.4             0.0357              55.121                     0.664495
6     12     0.06          139.4             0.0363              56.5069                     0.672796
6     12     0.06          139.4             0.0369              59.4387                     0.690029
6     12     0.06          139.4             0.0375              60.1517                     0.694155
6     12     0.06          139.4             0.0381              60.8887                     0.698395
6     12     0.06          139.4             0.0387              65.2304                     0.722866
6     12     0.06          139.4             0.0393              67.4974                     0.73532
6     12     0.06          139.4             0.0399              68.2424                     0.739367
6     12     0.06          139.4             0.0405              73.7777                     0.768768
6     12     0.06          139.4             0.0411              76.1409                     0.780983
6     12     0.06          139.4             0.0417              79.8017                     0.799538
6     12     0.06          139.4             0.0423              83.3905                     0.817318
6     12     0.06          139.4             0.0429              86.3864                     0.83187
6     12     0.06          139.4             0.0435              89.1341                     0.844996
6     12     0.06          139.4             0.0441              96.4638                     0.879053
6     12     0.06          139.4             0.0447              102.824                     0.907571
6     12     0.06          139.4             0.0453              107.318                     0.927191
6     12     0.06          139.4             0.0459              116.114                     0.964439
6     12     0.06          139.4             0.0465              120.175                     0.981161
6     12     0.06          139.4             0.0471              129.876                     1.01999
6     12     0.06          139.4             0.0477              138.327                     1.05266
6     12     0.06          139.4             0.0483              150.503                     1.09801
6     12     0.06          139.4             0.0489              164.995                     1.14966
6     12     0.06          139.4             0.0495              179.726                     1.19988
6     12     0.06          139.4             0.0501              198.583                     1.26126
6     12     0.06          139.4             0.0507              223.648                     1.33849
6     12     0.06          139.4             0.0513              251.237                     1.41865
6     12     0.06          139.4             0.0519              292.499                     1.53072
6     12     0.06          139.4             0.0525              345.802                     1.66436
6     12     0.06          139.4             0.0531              431.355                     1.85888
6     12     0.06          139.4             0.0537              561.039                     2.11997
6     12     0.06          139.4             0.0543              818.212                     2.56015
6     12     0.06          139.4             0.0549              1653.63                     3.63959
6     12     0.06          139.4             0.0555              368.416                     1.71792
6     12     0.06          139.4             0.0561              0                     0
6     12     0.06          139.4             0.0567              0                     0
6     12     0.06          139.4             0.0573              0                     0
6     12     0.06          139.4             0.0579              0                     0
6     12     0.06          139.4             0.0585              0                     0
6     12     0.06          139.4             0.0591              0                     0
*******************************************************************************************************
 Average angle 139.935 +- 0.136673 deg 
 Average E' 0.0118404 +- 1.15644e-05 GeV 
