*******************************************************************************************************
Z     A     E(GeV)     Theta(deg)     Energy Loss(GeV)     Sigma(nb/sr/GeV)     ERROR     Citation     
*******************************************************************************************************
6     12     0.24          62.4             0.0012              0                     0
6     12     0.24          62.4             0.0036              0                     0
6     12     0.24          62.4             0.006              0                     0
6     12     0.24          62.4             0.0084              0                     0
6     12     0.24          62.4             0.0108              0                     0
6     12     0.24          62.4             0.0132              0                     0
6     12     0.24          62.4             0.0156              0                     0
6     12     0.24          62.4             0.018              0                     0
6     12     0.24          62.4             0.0204              0                     0
6     12     0.24          62.4             0.0228              0                     0
6     12     0.24          62.4             0.0252              0.497394                     0.0348245
6     12     0.24          62.4             0.0276              3.3379                     0.0902136
6     12     0.24          62.4             0.03              8.04852                     0.140085
6     12     0.24          62.4             0.0324              13.6832                     0.182654
6     12     0.24          62.4             0.0348              19.3325                     0.21711
6     12     0.24          62.4             0.0372              25.2988                     0.248362
6     12     0.24          62.4             0.0396              31.1505                     0.275593
6     12     0.24          62.4             0.042              35.8904                     0.295818
6     12     0.24          62.4             0.0444              39.5282                     0.310448
6     12     0.24          62.4             0.0468              42.9027                     0.323428
6     12     0.24          62.4             0.0492              44.7142                     0.330186
6     12     0.24          62.4             0.0516              46.3357                     0.336119
6     12     0.24          62.4             0.054              48.3106                     0.343207
6     12     0.24          62.4             0.0564              49.0299                     0.345753
6     12     0.24          62.4             0.0588              47.7693                     0.341279
6     12     0.24          62.4             0.0612              45.3799                     0.332634
6     12     0.24          62.4             0.0636              42.5589                     0.322129
6     12     0.24          62.4             0.066              40.9594                     0.316018
6     12     0.24          62.4             0.0684              38.8577                     0.307804
6     12     0.24          62.4             0.0708              36.1561                     0.296911
6     12     0.24          62.4             0.0732              34.5908                     0.290413
6     12     0.24          62.4             0.0756              32.0307                     0.279459
6     12     0.24          62.4             0.078              29.3219                     0.267381
6     12     0.24          62.4             0.0804              27.342                     0.258197
6     12     0.24          62.4             0.0828              25.0818                     0.247295
6     12     0.24          62.4             0.0852              23.7189                     0.240482
6     12     0.24          62.4             0.0876              21.405                     0.228451
6     12     0.24          62.4             0.09              19.4179                     0.217588
6     12     0.24          62.4             0.0924              17.5404                     0.206802
6     12     0.24          62.4             0.0948              16.2336                     0.198949
6     12     0.24          62.4             0.0972              14.3976                     0.187361
6     12     0.24          62.4             0.0996              12.7591                     0.176378
6     12     0.24          62.4             0.102              11.3962                     0.166692
6     12     0.24          62.4             0.1044              10.1893                     0.157618
6     12     0.24          62.4             0.1068              8.77022                     0.146231
6     12     0.24          62.4             0.1092              7.41458                     0.134455
6     12     0.24          62.4             0.1116              6.45637                     0.125467
6     12     0.24          62.4             0.114              5.30553                     0.113736
6     12     0.24          62.4             0.1164              4.44241                     0.104075
6     12     0.24          62.4             0.1188              3.64024                     0.0942107
6     12     0.24          62.4             0.1212              2.89659                     0.0840385
6     12     0.24          62.4             0.1236              2.09686                     0.0715022
6     12     0.24          62.4             0.126              1.59946                     0.0624485
6     12     0.24          62.4             0.1284              1.1362                     0.0526336
6     12     0.24          62.4             0.1308              0.663192                     0.0402119
6     12     0.24          62.4             0.1332              0.490079                     0.0345675
6     12     0.24          62.4             0.1356              0.375484                     0.0302573
6     12     0.24          62.4             0.138              0.324281                     0.0281188
6     12     0.24          62.4             0.1404              0.392551                     0.0309374
6     12     0.24          62.4             0.1428              0.412057                     0.0316967
6     12     0.24          62.4             0.1452              0.509585                     0.0352487
6     12     0.24          62.4             0.1476              0.555911                     0.0368161
6     12     0.24          62.4             0.15              0.602237                     0.0383194
6     12     0.24          62.4             0.1524              0.685136                     0.0408718
6     12     0.24          62.4             0.1548              0.670506                     0.0404331
6     12     0.24          62.4             0.1572              0.743653                     0.0425814
6     12     0.24          62.4             0.1596              0.831428                     0.0450244
6     12     0.24          62.4             0.162              0.902136                     0.0468998
6     12     0.24          62.4             0.1644              0.914327                     0.0472156
6     12     0.24          62.4             0.1668              1.12889                     0.0524639
6     12     0.24          62.4             0.1692              1.22154                     0.0545744
6     12     0.24          62.4             0.1716              1.28006                     0.0558663
6     12     0.24          62.4             0.174              1.43123                     0.059073
6     12     0.24          62.4             0.1764              1.50925                     0.0606618
6     12     0.24          62.4             0.1788              1.6848                     0.0640928
6     12     0.24          62.4             0.1812              1.62141                     0.0628754
6     12     0.24          62.4             0.1836              1.67017                     0.0638139
6     12     0.24          62.4             0.186              1.64823                     0.0633933
6     12     0.24          62.4             0.1884              1.82378                     0.0666839
6     12     0.24          62.4             0.1908              1.66529                     0.0637207
6     12     0.24          62.4             0.1932              1.77501                     0.0657864
6     12     0.24          62.4             0.1956              1.7994                     0.0662367
6     12     0.24          62.4             0.198              1.63116                     0.0630643
6     12     0.24          62.4             0.2004              1.59459                     0.0623533
6     12     0.24          62.4             0.2028              0.460821                     0.0335198
6     12     0.24          62.4             0.2052              0.153607                     0.0193527
6     12     0.24          62.4             0.2076              0.134101                     0.0180822
6     12     0.24          62.4             0.21              0.126787                     0.0175821
6     12     0.24          62.4             0.2124              0.138978                     0.018408
6     12     0.24          62.4             0.2148              0.165798                     0.020106
6     12     0.24          62.4             0.2172              0.114596                     0.0167155
6     12     0.24          62.4             0.2196              0.141416                     0.0185688
6     12     0.24          62.4             0.222              0.129225                     0.0177504
6     12     0.24          62.4             0.2244              0.185304                     0.0212558
6     12     0.24          62.4             0.2268              0.165798                     0.020106
6     12     0.24          62.4             0.2292              0.187742                     0.0213952
6     12     0.24          62.4             0.2316              0.217                     0.023002
6     12     0.24          62.4             0.234              0.202371                     0.0222131
6     12     0.24          62.4             0.2364              0.102405                     0.0158014
*******************************************************************************************************
 Average angle 62.9685 +- 0.0966886 deg 
 Average E' 0.17081 +- 0.00026228 GeV 
