*******************************************************************************************************
Z     A     E(GeV)     Theta(deg)     Energy Loss(GeV)     Sigma(nb/sr/GeV)     ERROR     Citation     
*******************************************************************************************************
6     12     0.56          63.36             0.0028              0                     0
6     12     0.56          63.36             0.0084              0                     0
6     12     0.56          63.36             0.014              0                     0
6     12     0.56          63.36             0.0196              0                     0
6     12     0.56          63.36             0.0252              0                     0
6     12     0.56          63.36             0.0308              0                     0
6     12     0.56          63.36             0.0364              0                     0
6     12     0.56          63.36             0.042              0                     0
6     12     0.56          63.36             0.0476              0                     0
6     12     0.56          63.36             0.0532              0                     0
6     12     0.56          63.36             0.0588              0                     0
6     12     0.56          63.36             0.0644              0.00440194                     0.00254146
6     12     0.56          63.36             0.07              0.0366828                     0.00733656
6     12     0.56          63.36             0.0756              0.149666                     0.0148191
6     12     0.56          63.36             0.0812              0.302266                     0.0210599
6     12     0.56          63.36             0.0868              0.485681                     0.0266954
6     12     0.56          63.36             0.0924              0.710179                     0.0322809
6     12     0.56          63.36             0.098              1.02565                     0.0387937
6     12     0.56          63.36             0.1036              1.19879                     0.0419405
6     12     0.56          63.36             0.1092              1.50106                     0.0469311
6     12     0.56          63.36             0.1148              1.78425                     0.0511669
6     12     0.56          63.36             0.1204              2.17016                     0.0564296
6     12     0.56          63.36             0.126              2.37118                     0.0589852
6     12     0.56          63.36             0.1316              2.67344                     0.0626321
6     12     0.56          63.36             0.1372              2.90968                     0.0653407
6     12     0.56          63.36             0.1428              3.23689                     0.0689169
6     12     0.56          63.36             0.1484              3.37188                     0.0703392
6     12     0.56          63.36             0.154              3.67709                     0.0734536
6     12     0.56          63.36             0.1596              3.51275                     0.0717934
6     12     0.56          63.36             0.1652              3.56557                     0.0723312
6     12     0.56          63.36             0.1708              3.42618                     0.0709032
6     12     0.56          63.36             0.1764              3.36602                     0.070278
6     12     0.56          63.36             0.182              3.0931                     0.0673687
6     12     0.56          63.36             0.1876              2.96104                     0.0659148
6     12     0.56          63.36             0.1932              2.85686                     0.0647449
6     12     0.56          63.36             0.1988              2.67491                     0.0626493
6     12     0.56          63.36             0.2044              2.52084                     0.0608183
6     12     0.56          63.36             0.21              2.36091                     0.0588573
6     12     0.56          63.36             0.2156              2.22298                     0.0571122
6     12     0.56          63.36             0.2212              2.12173                     0.0557965
6     12     0.56          63.36             0.2268              2.03663                     0.054666
6     12     0.56          63.36             0.2324              2.01902                     0.0544292
6     12     0.56          63.36             0.238              1.78132                     0.0511248
6     12     0.56          63.36             0.2436              1.80773                     0.0515025
6     12     0.56          63.36             0.2492              1.85468                     0.052167
6     12     0.56          63.36             0.2548              1.86055                     0.0522495
6     12     0.56          63.36             0.2604              1.94712                     0.0534513
6     12     0.56          63.36             0.266              1.975                     0.0538326
6     12     0.56          63.36             0.2716              2.24792                     0.0574318
6     12     0.56          63.36             0.2772              2.32422                     0.0583983
6     12     0.56          63.36             0.2828              2.51791                     0.0607829
6     12     0.56          63.36             0.2884              2.66024                     0.0624772
6     12     0.56          63.36             0.294              2.77175                     0.0637733
6     12     0.56          63.36             0.2996              3.00652                     0.0664192
6     12     0.56          63.36             0.3052              3.29999                     0.0695853
6     12     0.56          63.36             0.3108              3.47313                     0.0713874
6     12     0.56          63.36             0.3164              3.85903                     0.075249
6     12     0.56          63.36             0.322              4.03804                     0.0769745
6     12     0.56          63.36             0.3276              4.22293                     0.0787169
6     12     0.56          63.36             0.3332              4.44596                     0.0807689
6     12     0.56          63.36             0.3388              4.63231                     0.0824442
6     12     0.56          63.36             0.3444              4.98446                     0.0855205
6     12     0.56          63.36             0.35              5.00354                     0.085684
6     12     0.56          63.36             0.3556              5.04022                     0.0859975
6     12     0.56          63.36             0.3612              5.1444                     0.0868818
6     12     0.56          63.36             0.3668              5.28086                     0.0880265
6     12     0.56          63.36             0.3724              5.23977                     0.0876834
6     12     0.56          63.36             0.378              5.26325                     0.0878797
6     12     0.56          63.36             0.3836              5.39824                     0.0889995
6     12     0.56          63.36             0.3892              5.32928                     0.0884292
6     12     0.56          63.36             0.3948              5.23977                     0.0876834
6     12     0.56          63.36             0.4004              5.02261                     0.0858472
6     12     0.56          63.36             0.406              4.86267                     0.0844693
6     12     0.56          63.36             0.4116              4.96539                     0.0853567
6     12     0.56          63.36             0.4172              4.76143                     0.0835853
6     12     0.56          63.36             0.4228              4.53546                     0.0815778
6     12     0.56          63.36             0.4284              4.35058                     0.0798978
6     12     0.56          63.36             0.434              3.93387                     0.0759751
6     12     0.56          63.36             0.4396              3.99989                     0.07661
6     12     0.56          63.36             0.4452              3.69469                     0.0736293
6     12     0.56          63.36             0.4508              3.59932                     0.0726727
6     12     0.56          63.36             0.4564              3.36602                     0.070278
6     12     0.56          63.36             0.462              3.20901                     0.0686194
6     12     0.56          63.36             0.4676              2.92729                     0.0655381
6     12     0.56          63.36             0.4732              2.87447                     0.0649441
6     12     0.56          63.36             0.4788              2.73947                     0.0634008
6     12     0.56          63.36             0.4844              2.6441                     0.0622874
6     12     0.56          63.36             0.49              2.41373                     0.0595121
6     12     0.56          63.36             0.4956              2.33449                     0.0585272
6     12     0.56          63.36             0.5012              2.12907                     0.0558929
6     12     0.56          63.36             0.5068              2.02489                     0.0545082
6     12     0.56          63.36             0.5124              1.93098                     0.0532293
6     12     0.56          63.36             0.518              1.80333                     0.0514397
6     12     0.56          63.36             0.5236              1.73583                     0.0504679
6     12     0.56          63.36             0.5292              1.60671                     0.0485545
6     12     0.56          63.36             0.5348              1.63459                     0.048974
6     12     0.56          63.36             0.5404              1.46878                     0.0464237
6     12     0.56          63.36             0.546              1.36754                     0.0447951
6     12     0.56          63.36             0.5516              1.20907                     0.0421198
*******************************************************************************************************
 Average angle 63.6978 +- 0.152196 deg 
 Average E' 0.228927 +- 0.000546985 GeV 
