*******************************************************************************************************
Z     A     E(GeV)     Theta(deg)     Energy Loss(GeV)     Sigma(nb/sr/GeV)     ERROR     Citation     
*******************************************************************************************************
6     12     0.16          164             0.0008              0                     0
6     12     0.16          164             0.0024              0                     0
6     12     0.16          164             0.004              0                     0
6     12     0.16          164             0.0056              0                     0
6     12     0.16          164             0.0072              0                     0
6     12     0.16          164             0.0088              0                     0
6     12     0.16          164             0.0104              0                     0
6     12     0.16          164             0.012              0                     0
6     12     0.16          164             0.0136              0                     0
6     12     0.16          164             0.0152              0                     0
6     12     0.16          164             0.0168              0                     0
6     12     0.16          164             0.0184              0.0110519                     0.0110519
6     12     0.16          164             0.02              0                     0
6     12     0.16          164             0.0216              0                     0
6     12     0.16          164             0.0232              0                     0
6     12     0.16          164             0.0248              0                     0
6     12     0.16          164             0.0264              0                     0
6     12     0.16          164             0.028              0                     0
6     12     0.16          164             0.0296              0.0221039                     0.0156298
6     12     0.16          164             0.0312              0.0773636                     0.0292407
6     12     0.16          164             0.0328              0.154727                     0.0413526
6     12     0.16          164             0.0344              0.375766                     0.0644433
6     12     0.16          164             0.036              0.552597                     0.078149
6     12     0.16          164             0.0376              0.806791                     0.0944278
6     12     0.16          164             0.0392              0.718376                     0.0891036
6     12     0.16          164             0.0408              1.04993                     0.107721
6     12     0.16          164             0.0424              1.20466                     0.115386
6     12     0.16          164             0.044              1.51412                     0.12936
6     12     0.16          164             0.0456              1.45886                     0.126977
6     12     0.16          164             0.0472              1.86778                     0.143675
6     12     0.16          164             0.0488              1.88988                     0.144523
6     12     0.16          164             0.0504              2.45353                     0.16467
6     12     0.16          164             0.052              2.68562                     0.172283
6     12     0.16          164             0.0536              2.56405                     0.168338
6     12     0.16          164             0.0552              2.92876                     0.179912
6     12     0.16          164             0.0568              2.92876                     0.179912
6     12     0.16          164             0.0584              2.47563                     0.16541
6     12     0.16          164             0.06              2.91771                     0.179573
6     12     0.16          164             0.0616              2.8514                     0.17752
6     12     0.16          164             0.0632              2.67457                     0.171928
6     12     0.16          164             0.0648              2.74088                     0.174046
6     12     0.16          164             0.0664              2.70772                     0.17299
6     12     0.16          164             0.068              2.70772                     0.17299
6     12     0.16          164             0.0696              2.32091                     0.160158
6     12     0.16          164             0.0712              2.67457                     0.171928
6     12     0.16          164             0.0728              2.44248                     0.164299
6     12     0.16          164             0.0744              2.34301                     0.160919
6     12     0.16          164             0.076              2.26565                     0.15824
6     12     0.16          164             0.0776              2.08882                     0.151939
6     12     0.16          164             0.0792              2.39827                     0.162805
6     12     0.16          164             0.0808              2.05566                     0.150728
6     12     0.16          164             0.0824              2.11092                     0.152741
6     12     0.16          164             0.084              2.0004                     0.148689
6     12     0.16          164             0.0856              1.91198                     0.145366
6     12     0.16          164             0.0872              2.09987                     0.15234
6     12     0.16          164             0.0888              1.90093                     0.144945
6     12     0.16          164             0.0904              1.77936                     0.140233
6     12     0.16          164             0.092              1.71305                     0.137595
6     12     0.16          164             0.0936              1.82357                     0.141965
6     12     0.16          164             0.0952              1.30413                     0.120055
6     12     0.16          164             0.0968              1.41465                     0.125038
6     12     0.16          164             0.0984              1.64674                     0.134906
6     12     0.16          164             0.1              1.37044                     0.123069
6     12     0.16          164             0.1016              1.4257                     0.125526
6     12     0.16          164             0.1032              1.38149                     0.123564
6     12     0.16          164             0.1048              1.07204                     0.108849
6     12     0.16          164             0.1064              1.32623                     0.121068
6     12     0.16          164             0.108              1.04993                     0.107721
6     12     0.16          164             0.1096              0.928363                     0.101293
6     12     0.16          164             0.1112              1.03888                     0.107152
6     12     0.16          164             0.1128              0.718376                     0.0891036
6     12     0.16          164             0.1144              0.828895                     0.0957126
6     12     0.16          164             0.116              0.795739                     0.0937788
6     12     0.16          164             0.1176              0.696272                     0.087722
6     12     0.16          164             0.1192              0.663116                     0.0856079
6     12     0.16          164             0.1208              0.62996                     0.0834403
6     12     0.16          164             0.1224              0.585753                     0.0804593
6     12     0.16          164             0.124              0.497337                     0.0741386
6     12     0.16          164             0.1256              0.431026                     0.0690193
6     12     0.16          164             0.1272              0.442077                     0.0698986
6     12     0.16          164             0.1288              0.453129                     0.0707669
6     12     0.16          164             0.1304              0.375766                     0.0644433
6     12     0.16          164             0.132              0.431026                     0.0690193
6     12     0.16          164             0.1336              0.320506                     0.0595165
6     12     0.16          164             0.1352              0.442077                     0.0698986
6     12     0.16          164             0.1368              0.475233                     0.0724724
6     12     0.16          164             0.1384              0.464181                     0.0716247
6     12     0.16          164             0.14              0.431026                     0.0690193
6     12     0.16          164             0.1416              0.320506                     0.0595165
6     12     0.16          164             0.1432              0.198935                     0.0468894
6     12     0.16          164             0.1448              0.0110519                     0.0110519
6     12     0.16          164             0.1464              0                     0
6     12     0.16          164             0.148              0                     0
6     12     0.16          164             0.1496              0                     0
6     12     0.16          164             0.1512              0                     0
6     12     0.16          164             0.1528              0                     0
6     12     0.16          164             0.1544              0                     0
6     12     0.16          164             0.156              0                     0
6     12     0.16          164             0.1576              0                     0
*******************************************************************************************************
 Average angle 165.19 +- 1.7158 deg 
 Average E' 0.0829234 +- 0.000861313 GeV 
