*******************************************************************************************************
Z     A     E(GeV)     Theta(deg)     Energy Loss(GeV)     Sigma(nb/sr/GeV)     ERROR     Citation     
*******************************************************************************************************
6     12     0.56          99             0.0028              0                     0
6     12     0.56          99             0.0084              0                     0
6     12     0.56          99             0.014              0                     0
6     12     0.56          99             0.0196              0                     0
6     12     0.56          99             0.0252              0                     0
6     12     0.56          99             0.0308              0                     0
6     12     0.56          99             0.0364              0                     0
6     12     0.56          99             0.042              0                     0
6     12     0.56          99             0.0476              0                     0
6     12     0.56          99             0.0532              0                     0
6     12     0.56          99             0.0588              0                     0
6     12     0.56          99             0.0644              0                     0
6     12     0.56          99             0.07              0                     0
6     12     0.56          99             0.0756              0                     0
6     12     0.56          99             0.0812              0                     0
6     12     0.56          99             0.0868              0                     0
6     12     0.56          99             0.0924              0                     0
6     12     0.56          99             0.098              0                     0
6     12     0.56          99             0.1036              0                     0
6     12     0.56          99             0.1092              0                     0
6     12     0.56          99             0.1148              0                     0
6     12     0.56          99             0.1204              0                     0
6     12     0.56          99             0.126              0                     0
6     12     0.56          99             0.1316              0                     0
6     12     0.56          99             0.1372              0                     0
6     12     0.56          99             0.1428              0.00132789                     0.00132789
6     12     0.56          99             0.1484              0.00531157                     0.00265579
6     12     0.56          99             0.154              0.0199184                     0.00514291
6     12     0.56          99             0.1596              0.0331973                     0.00663947
6     12     0.56          99             0.1652              0.0703784                     0.00966721
6     12     0.56          99             0.1708              0.074362                     0.00993704
6     12     0.56          99             0.1764              0.106231                     0.011877
6     12     0.56          99             0.182              0.12615                     0.0129427
6     12     0.56          99             0.1876              0.181921                     0.0155426
6     12     0.56          99             0.1932              0.204496                     0.0164787
6     12     0.56          99             0.1988              0.256283                     0.0184477
6     12     0.56          99             0.2044              0.280186                     0.0192888
6     12     0.56          99             0.21              0.318694                     0.0205716
6     12     0.56          99             0.2156              0.354548                     0.021698
6     12     0.56          99             0.2212              0.419614                     0.0236052
6     12     0.56          99             0.2268              0.458123                     0.0246645
6     12     0.56          99             0.2324              0.493976                     0.0256115
6     12     0.56          99             0.238              0.531157                     0.0265579
6     12     0.56          99             0.2436              0.582945                     0.0278225
6     12     0.56          99             0.2492              0.582945                     0.0278225
6     12     0.56          99             0.2548              0.552404                     0.0270838
6     12     0.56          99             0.2604              0.564355                     0.0273752
6     12     0.56          99             0.266              0.628094                     0.0288798
6     12     0.56          99             0.2716              0.585601                     0.0278858
6     12     0.56          99             0.2772              0.541781                     0.0268221
6     12     0.56          99             0.2828              0.552404                     0.0270838
6     12     0.56          99             0.2884              0.553732                     0.0271164
6     12     0.56          99             0.294              0.488665                     0.0254734
6     12     0.56          99             0.2996              0.578962                     0.0277272
6     12     0.56          99             0.3052              0.515223                     0.0261565
6     12     0.56          99             0.3108              0.549748                     0.0270186
6     12     0.56          99             0.3164              0.511239                     0.0260552
6     12     0.56          99             0.322              0.539125                     0.0267563
6     12     0.56          99             0.3276              0.567011                     0.0274396
6     12     0.56          99             0.3332              0.576306                     0.0276636
6     12     0.56          99             0.3388              0.536469                     0.0266903
6     12     0.56          99             0.3444              0.589585                     0.0279805
6     12     0.56          99             0.35              0.610831                     0.0284801
6     12     0.56          99             0.3556              0.714407                     0.0308003
6     12     0.56          99             0.3612              0.706439                     0.030628
6     12     0.56          99             0.3668              0.804703                     0.0326888
6     12     0.56          99             0.3724              0.84454                     0.0334882
6     12     0.56          99             0.378              0.958739                     0.0356806
6     12     0.56          99             0.3836              1.06231                     0.0375585
6     12     0.56          99             0.3892              1.16987                     0.0394141
6     12     0.56          99             0.3948              1.16987                     0.0394141
6     12     0.56          99             0.4004              1.21502                     0.0401674
6     12     0.56          99             0.406              1.22963                     0.0404081
6     12     0.56          99             0.4116              1.31329                     0.0417601
6     12     0.56          99             0.4172              1.36906                     0.0426376
6     12     0.56          99             0.4228              1.50185                     0.0446575
6     12     0.56          99             0.4284              1.43678                     0.0436794
6     12     0.56          99             0.434              1.5045                     0.044697
6     12     0.56          99             0.4396              1.48193                     0.0443604
6     12     0.56          99             0.4452              1.4806                     0.0443405
6     12     0.56          99             0.4508              1.46599                     0.0441212
6     12     0.56          99             0.4564              1.46865                     0.0441612
6     12     0.56          99             0.462              1.40624                     0.0432127
6     12     0.56          99             0.4676              1.39163                     0.0429877
6     12     0.56          99             0.4732              1.41819                     0.0433959
6     12     0.56          99             0.4788              1.31063                     0.0417178
6     12     0.56          99             0.4844              1.18846                     0.039726
6     12     0.56          99             0.49              1.27212                     0.0411004
6     12     0.56          99             0.4956              1.13933                     0.0388962
6     12     0.56          99             0.5012              1.06099                     0.037535
6     12     0.56          99             0.5068              1.08091                     0.0378857
6     12     0.56          99             0.5124              0.978657                     0.0360493
6     12     0.56          99             0.518              0.941476                     0.0353579
6     12     0.56          99             0.5236              0.902968                     0.0346272
6     12     0.56          99             0.5292              0.828606                     0.0331708
6     12     0.56          99             0.5348              0.812671                     0.0328503
6     12     0.56          99             0.5404              0.697144                     0.0304259
6     12     0.56          99             0.546              0.658635                     0.0295736
6     12     0.56          99             0.5516              0.57365                     0.0275997
*******************************************************************************************************
 Average angle 99.3494 +- 0.483047 deg 
 Average E' 0.155838 +- 0.000757701 GeV 
