*******************************************************************************************************
Z     A     E(GeV)     Theta(deg)     Energy Loss(GeV)     Sigma(nb/sr/GeV)     ERROR     Citation     
*******************************************************************************************************
6     12     0.16          151.2             0.0008              0                     0
6     12     0.16          151.2             0.0024              0                     0
6     12     0.16          151.2             0.004              0                     0
6     12     0.16          151.2             0.0056              0                     0
6     12     0.16          151.2             0.0072              0                     0
6     12     0.16          151.2             0.0088              0                     0
6     12     0.16          151.2             0.0104              0                     0
6     12     0.16          151.2             0.012              0                     0
6     12     0.16          151.2             0.0136              0                     0
6     12     0.16          151.2             0.0152              0                     0
6     12     0.16          151.2             0.0168              0                     0
6     12     0.16          151.2             0.0184              0                     0
6     12     0.16          151.2             0.02              0                     0
6     12     0.16          151.2             0.0216              0                     0
6     12     0.16          151.2             0.0232              0                     0
6     12     0.16          151.2             0.0248              0                     0
6     12     0.16          151.2             0.0264              0                     0
6     12     0.16          151.2             0.028              0.00632341                     0.00632341
6     12     0.16          151.2             0.0296              0.0505873                     0.0178853
6     12     0.16          151.2             0.0312              0.0822043                     0.0227994
6     12     0.16          151.2             0.0328              0.284553                     0.0424187
6     12     0.16          151.2             0.0344              0.461609                     0.0540272
6     12     0.16          151.2             0.036              0.600724                     0.061633
6     12     0.16          151.2             0.0376              0.897924                     0.0753521
6     12     0.16          151.2             0.0392              1.04969                     0.0814715
6     12     0.16          151.2             0.0408              1.34056                     0.0920703
6     12     0.16          151.2             0.0424              1.55556                     0.0991788
6     12     0.16          151.2             0.044              1.76423                     0.105622
6     12     0.16          151.2             0.0456              2.05511                     0.113997
6     12     0.16          151.2             0.0472              2.45348                     0.124557
6     12     0.16          151.2             0.0488              2.57995                     0.127727
6     12     0.16          151.2             0.0504              2.91509                     0.135769
6     12     0.16          151.2             0.052              3.05421                     0.138971
6     12     0.16          151.2             0.0536              3.08582                     0.139689
6     12     0.16          151.2             0.0552              3.28817                     0.144196
6     12     0.16          151.2             0.0568              3.25023                     0.143362
6     12     0.16          151.2             0.0584              3.43361                     0.14735
6     12     0.16          151.2             0.06              3.40832                     0.146807
6     12     0.16          151.2             0.0616              3.34508                     0.145438
6     12     0.16          151.2             0.0632              3.2945                     0.144335
6     12     0.16          151.2             0.0648              3.14906                     0.141113
6     12     0.16          151.2             0.0664              3.11744                     0.140403
6     12     0.16          151.2             0.068              2.94671                     0.136504
6     12     0.16          151.2             0.0696              2.80127                     0.133092
6     12     0.16          151.2             0.0712              3.11744                     0.140403
6     12     0.16          151.2             0.0728              2.74436                     0.131734
6     12     0.16          151.2             0.0744              2.78862                     0.132792
6     12     0.16          151.2             0.076              2.79495                     0.132942
6     12     0.16          151.2             0.0776              2.53569                     0.126626
6     12     0.16          151.2             0.0792              2.64951                     0.129437
6     12     0.16          151.2             0.0808              2.5926                     0.128039
6     12     0.16          151.2             0.0824              2.42819                     0.123913
6     12     0.16          151.2             0.084              2.1879                     0.117622
6     12     0.16          151.2             0.0856              2.04246                     0.113646
6     12     0.16          151.2             0.0872              2.02349                     0.113117
6     12     0.16          151.2             0.0888              1.99187                     0.112229
6     12     0.16          151.2             0.0904              1.80217                     0.106751
6     12     0.16          151.2             0.092              1.94129                     0.110795
6     12     0.16          151.2             0.0936              1.63144                     0.101569
6     12     0.16          151.2             0.0952              1.74526                     0.105052
6     12     0.16          151.2             0.0968              1.50497                     0.0975528
6     12     0.16          151.2             0.0984              1.65041                     0.102158
6     12     0.16          151.2             0.1              1.45438                     0.0958993
6     12     0.16          151.2             0.1016              1.32159                     0.0914165
6     12     0.16          151.2             0.1032              1.39747                     0.0940043
6     12     0.16          151.2             0.1048              1.36586                     0.0929348
6     12     0.16          151.2             0.1064              1.32159                     0.0914165
6     12     0.16          151.2             0.108              1.16351                     0.0857749
6     12     0.16          151.2             0.1096              1.10027                     0.0834115
6     12     0.16          151.2             0.1112              0.986452                     0.0789794
6     12     0.16          151.2             0.1128              0.866307                     0.0740136
6     12     0.16          151.2             0.1144              0.727192                     0.067811
6     12     0.16          151.2             0.116              0.828367                     0.0723747
6     12     0.16          151.2             0.1176              0.758809                     0.0692695
6     12     0.16          151.2             0.1192              0.644988                     0.0638633
6     12     0.16          151.2             0.1208              0.569107                     0.0599891
6     12     0.16          151.2             0.1224              0.379405                     0.0489809
6     12     0.16          151.2             0.124              0.531167                     0.057955
6     12     0.16          151.2             0.1256              0.436315                     0.0525262
6     12     0.16          151.2             0.1272              0.328817                     0.0455988
6     12     0.16          151.2             0.1288              0.404698                     0.0505873
6     12     0.16          151.2             0.1304              0.379405                     0.0489809
6     12     0.16          151.2             0.132              0.442639                     0.0529055
6     12     0.16          151.2             0.1336              0.341464                     0.0464674
6     12     0.16          151.2             0.1352              0.379405                     0.0489809
6     12     0.16          151.2             0.1368              0.392051                     0.0497906
6     12     0.16          151.2             0.1384              0.284553                     0.0424187
6     12     0.16          151.2             0.14              0.316171                     0.0447133
6     12     0.16          151.2             0.1416              0.303524                     0.0438099
6     12     0.16          151.2             0.1432              0.24029                     0.0389801
6     12     0.16          151.2             0.1448              0                     0
6     12     0.16          151.2             0.1464              0                     0
6     12     0.16          151.2             0.148              0                     0
6     12     0.16          151.2             0.1496              0                     0
6     12     0.16          151.2             0.1512              0                     0
6     12     0.16          151.2             0.1528              0                     0
6     12     0.16          151.2             0.1544              0                     0
6     12     0.16          151.2             0.156              0                     0
6     12     0.16          151.2             0.1576              0                     0
*******************************************************************************************************
 Average angle 152.387 +- 1.12458 deg 
 Average E' 0.0849249 +- 0.000626722 GeV 
