*******************************************************************************************************
Z     A     E(GeV)     Theta(deg)     Energy Loss(GeV)     Sigma(nb/sr/GeV)     ERROR     Citation     
*******************************************************************************************************
6     12     0.06          113.3             0.0003              0.11352                     0.0253838
6     12     0.06          113.3             0.0009              0.062436                     0.0188252
6     12     0.06          113.3             0.0015              0.011352                     0.00802707
6     12     0.06          113.3             0.0021              0                     0
6     12     0.06          113.3             0.0027              0                     0
6     12     0.06          113.3             0.0033              0                     0
6     12     0.06          113.3             0.0039              0                     0
6     12     0.06          113.3             0.0045              0                     0
6     12     0.06          113.3             0.0051              0                     0
6     12     0.06          113.3             0.0057              0                     0
6     12     0.06          113.3             0.0063              0                     0
6     12     0.06          113.3             0.0069              0                     0
6     12     0.06          113.3             0.0075              0                     0
6     12     0.06          113.3             0.0081              0                     0
6     12     0.06          113.3             0.0087              0                     0
6     12     0.06          113.3             0.0093              0                     0
6     12     0.06          113.3             0.0099              0                     0
6     12     0.06          113.3             0.0105              0                     0
6     12     0.06          113.3             0.0111              0                     0
6     12     0.06          113.3             0.0117              0                     0
6     12     0.06          113.3             0.0123              0                     0
6     12     0.06          113.3             0.0129              0                     0
6     12     0.06          113.3             0.0135              0                     0
6     12     0.06          113.3             0.0141              0                     0
6     12     0.06          113.3             0.0147              0                     0
6     12     0.06          113.3             0.0153              0                     0
6     12     0.06          113.3             0.0159              0                     0
6     12     0.06          113.3             0.0165              0                     0
6     12     0.06          113.3             0.0171              0.385968                     0.0468055
6     12     0.06          113.3             0.0177              6.1017                     0.1861
6     12     0.06          113.3             0.0183              15.4728                     0.29635
6     12     0.06          113.3             0.0189              24.9176                     0.376075
6     12     0.06          113.3             0.0195              34.4533                     0.442218
6     12     0.06          113.3             0.0201              40.2258                     0.47783
6     12     0.06          113.3             0.0207              44.199                     0.500873
6     12     0.06          113.3             0.0213              46.7418                     0.515079
6     12     0.06          113.3             0.0219              49.262                     0.528782
6     12     0.06          113.3             0.0225              51.5948                     0.541158
6     12     0.06          113.3             0.0231              53.7971                     0.552587
6     12     0.06          113.3             0.0237              55.5964                     0.561752
6     12     0.06          113.3             0.0243              56.2889                     0.565239
6     12     0.06          113.3             0.0249              58.809                     0.577754
6     12     0.06          113.3             0.0255              59.4447                     0.580868
6     12     0.06          113.3             0.0261              60.4664                     0.585839
6     12     0.06          113.3             0.0267              61.2554                     0.589648
6     12     0.06          113.3             0.0273              64.8539                     0.606721
6     12     0.06          113.3             0.0279              65.9891                     0.612008
6     12     0.06          113.3             0.0285              66.8519                     0.615996
6     12     0.06          113.3             0.0291              68.9804                     0.625726
6     12     0.06          113.3             0.0297              70.8308                     0.634062
6     12     0.06          113.3             0.0303              71.8411                     0.638569
6     12     0.06          113.3             0.0309              74.2137                     0.649027
6     12     0.06          113.3             0.0315              75.9448                     0.656554
6     12     0.06          113.3             0.0321              77.886                     0.664892
6     12     0.06          113.3             0.0327              80.9113                     0.677682
6     12     0.06          113.3             0.0333              83.7096                     0.689301
6     12     0.06          113.3             0.0339              84.5156                     0.692611
6     12     0.06          113.3             0.0345              87.5182                     0.704807
6     12     0.06          113.3             0.0351              89.4821                     0.712671
6     12     0.06          113.3             0.0357              92.2293                     0.723528
6     12     0.06          113.3             0.0363              94.2953                     0.731587
6     12     0.06          113.3             0.0369              97.4398                     0.743686
6     12     0.06          113.3             0.0375              100.715                     0.75608
6     12     0.06          113.3             0.0381              103.587                     0.766785
6     12     0.06          113.3             0.0387              107.867                     0.782465
6     12     0.06          113.3             0.0393              111.528                     0.795632
6     12     0.06          113.3             0.0399              117.783                     0.817639
6     12     0.06          113.3             0.0405              120.632                     0.82747
6     12     0.06          113.3             0.0411              126.234                     0.846466
6     12     0.06          113.3             0.0417              132.058                     0.865771
6     12     0.06          113.3             0.0423              136.599                     0.88053
6     12     0.06          113.3             0.0429              143.642                     0.902948
6     12     0.06          113.3             0.0435              149.778                     0.922031
6     12     0.06          113.3             0.0441              157.861                     0.946582
6     12     0.06          113.3             0.0447              167.232                     0.974273
6     12     0.06          113.3             0.0453              176.682                     1.00142
6     12     0.06          113.3             0.0459              186.536                     1.02897
6     12     0.06          113.3             0.0465              199.528                     1.0642
6     12     0.06          113.3             0.0471              212.396                     1.09798
6     12     0.06          113.3             0.0477              229.855                     1.14222
6     12     0.06          113.3             0.0483              248.546                     1.18775
6     12     0.06          113.3             0.0489              272.896                     1.24457
6     12     0.06          113.3             0.0495              297.053                     1.29849
6     12     0.06          113.3             0.0501              332.296                     1.37336
6     12     0.06          113.3             0.0507              374.746                     1.45844
6     12     0.06          113.3             0.0513              430.649                     1.56345
6     12     0.06          113.3             0.0519              504.102                     1.69153
6     12     0.06          113.3             0.0525              609.812                     1.86045
6     12     0.06          113.3             0.0531              780.921                     2.10535
6     12     0.06          113.3             0.0537              1076.73                     2.47214
6     12     0.06          113.3             0.0543              130.366                     0.860209
6     12     0.06          113.3             0.0549              0                     0
6     12     0.06          113.3             0.0555              0                     0
6     12     0.06          113.3             0.0561              0                     0
6     12     0.06          113.3             0.0567              0                     0
6     12     0.06          113.3             0.0573              0                     0
6     12     0.06          113.3             0.0579              0                     0
6     12     0.06          113.3             0.0585              0                     0
6     12     0.06          113.3             0.0591              0                     0
*******************************************************************************************************
 Average angle 113.837 +- 0.0866043 deg 
 Average E' 0.0152348 +- 1.15902e-05 GeV 
