*******************************************************************************************************
Z     A     E(GeV)     Theta(deg)     Energy Loss(GeV)     Sigma(nb/sr/GeV)     ERROR     Citation     
*******************************************************************************************************
6     12     0.1          135.6             0.0005              0                     0
6     12     0.1          135.6             0.0015              0                     0
6     12     0.1          135.6             0.0025              0                     0
6     12     0.1          135.6             0.0035              0.0157143                     0.00907266
6     12     0.1          135.6             0.0045              0                     0
6     12     0.1          135.6             0.0055              0                     0
6     12     0.1          135.6             0.0065              0.0052381                     0.0052381
6     12     0.1          135.6             0.0075              0.0052381                     0.0052381
6     12     0.1          135.6             0.0085              0.0157143                     0.00907266
6     12     0.1          135.6             0.0095              0.0209524                     0.0104762
6     12     0.1          135.6             0.0105              0.0157143                     0.00907266
6     12     0.1          135.6             0.0115              0.0104762                     0.00740779
6     12     0.1          135.6             0.0125              0.0052381                     0.0052381
6     12     0.1          135.6             0.0135              0.0052381                     0.0052381
6     12     0.1          135.6             0.0145              0.0104762                     0.00740779
6     12     0.1          135.6             0.0155              0.0104762                     0.00740779
6     12     0.1          135.6             0.0165              0.0052381                     0.0052381
6     12     0.1          135.6             0.0175              0.0104762                     0.00740779
6     12     0.1          135.6             0.0185              0.0261905                     0.0117127
6     12     0.1          135.6             0.0195              0.0104762                     0.00740779
6     12     0.1          135.6             0.0205              0.0419048                     0.0148156
6     12     0.1          135.6             0.0215              0.33                     0.0415761
6     12     0.1          135.6             0.0225              0.775239                     0.0637242
6     12     0.1          135.6             0.0235              1.08429                     0.0753631
6     12     0.1          135.6             0.0245              1.74953                     0.0957298
6     12     0.1          135.6             0.0255              2.21572                     0.107732
6     12     0.1          135.6             0.0265              2.86                     0.122397
6     12     0.1          135.6             0.0275              3.56191                     0.136593
6     12     0.1          135.6             0.0285              3.92858                     0.143451
6     12     0.1          135.6             0.0295              4.47858                     0.153164
6     12     0.1          135.6             0.0305              4.87667                     0.159826
6     12     0.1          135.6             0.0315              4.99191                     0.161704
6     12     0.1          135.6             0.0325              5.35858                     0.167537
6     12     0.1          135.6             0.0335              5.69382                     0.172699
6     12     0.1          135.6             0.0345              5.86667                     0.1753
6     12     0.1          135.6             0.0355              6.0081                     0.177401
6     12     0.1          135.6             0.0365              6.13905                     0.179324
6     12     0.1          135.6             0.0375              6.3381                     0.182208
6     12     0.1          135.6             0.0385              6.75715                     0.188135
6     12     0.1          135.6             0.0395              6.76239                     0.188208
6     12     0.1          135.6             0.0405              6.91429                     0.19031
6     12     0.1          135.6             0.0415              7.01905                     0.191746
6     12     0.1          135.6             0.0425              7.20763                     0.194305
6     12     0.1          135.6             0.0435              7.52191                     0.198496
6     12     0.1          135.6             0.0445              7.09239                     0.192745
6     12     0.1          135.6             0.0455              7.56906                     0.199117
6     12     0.1          135.6             0.0465              8.10334                     0.206025
6     12     0.1          135.6             0.0475              8.1662                     0.206822
6     12     0.1          135.6             0.0485              8.47525                     0.210699
6     12     0.1          135.6             0.0495              8.82096                     0.214954
6     12     0.1          135.6             0.0505              8.64287                     0.212773
6     12     0.1          135.6             0.0515              9.28191                     0.220499
6     12     0.1          135.6             0.0525              9.4443                     0.222419
6     12     0.1          135.6             0.0535              9.51763                     0.223281
6     12     0.1          135.6             0.0545              10.1148                     0.230179
6     12     0.1          135.6             0.0555              10.5862                     0.235482
6     12     0.1          135.6             0.0565              10.7224                     0.236991
6     12     0.1          135.6             0.0575              10.8272                     0.238146
6     12     0.1          135.6             0.0585              10.911                     0.239066
6     12     0.1          135.6             0.0595              10.5705                     0.235307
6     12     0.1          135.6             0.0605              10.0624                     0.229582
6     12     0.1          135.6             0.0615              10.031                     0.229223
6     12     0.1          135.6             0.0625              9.75858                     0.226089
6     12     0.1          135.6             0.0635              9.61715                     0.224445
6     12     0.1          135.6             0.0645              9.42334                     0.222172
6     12     0.1          135.6             0.0655              8.85239                     0.215336
6     12     0.1          135.6             0.0665              8.74239                     0.213994
6     12     0.1          135.6             0.0675              8.26572                     0.208079
6     12     0.1          135.6             0.0685              8.25001                     0.207881
6     12     0.1          135.6             0.0695              8.00382                     0.204755
6     12     0.1          135.6             0.0705              7.49572                     0.19815
6     12     0.1          135.6             0.0715              6.8881                     0.189949
6     12     0.1          135.6             0.0725              7.15525                     0.193597
6     12     0.1          135.6             0.0735              6.79382                     0.188644
6     12     0.1          135.6             0.0745              6.19667                     0.180163
6     12     0.1          135.6             0.0755              6.06048                     0.178172
6     12     0.1          135.6             0.0765              5.53667                     0.170299
6     12     0.1          135.6             0.0775              5.15953                     0.164396
6     12     0.1          135.6             0.0785              5.02858                     0.162297
6     12     0.1          135.6             0.0795              4.37905                     0.151453
6     12     0.1          135.6             0.0805              4.04905                     0.145634
6     12     0.1          135.6             0.0815              3.71381                     0.139475
6     12     0.1          135.6             0.0825              3.38381                     0.133134
6     12     0.1          135.6             0.0835              3.06429                     0.126693
6     12     0.1          135.6             0.0845              2.54572                     0.115476
6     12     0.1          135.6             0.0855              2.16334                     0.106451
6     12     0.1          135.6             0.0865              1.71286                     0.0947213
6     12     0.1          135.6             0.0875              1.65524                     0.0931145
6     12     0.1          135.6             0.0885              0.885239                     0.0680953
6     12     0.1          135.6             0.0895              0.665239                     0.0590304
6     12     0.1          135.6             0.0905              0.293334                     0.0391984
6     12     0.1          135.6             0.0915              0.0576191                     0.0173728
6     12     0.1          135.6             0.0925              0.0052381                     0.0052381
6     12     0.1          135.6             0.0935              0                     0
6     12     0.1          135.6             0.0945              0                     0
6     12     0.1          135.6             0.0955              0                     0
6     12     0.1          135.6             0.0965              0                     0
6     12     0.1          135.6             0.0975              0                     0
6     12     0.1          135.6             0.0985              0                     0
*******************************************************************************************************
 Average angle 136.997 +- 0.476263 deg 
 Average E' 0.0443424 +- 0.000154154 GeV 
