*******************************************************************************************************
Z     A     E(GeV)     Theta(deg)     Energy Loss(GeV)     Sigma(nb/sr/GeV)     ERROR     Citation     
*******************************************************************************************************
6     12     0.24          177.2             0.0012              0                     0
6     12     0.24          177.2             0.0036              0                     0
6     12     0.24          177.2             0.006              0                     0
6     12     0.24          177.2             0.0084              0                     0
6     12     0.24          177.2             0.0108              0                     0
6     12     0.24          177.2             0.0132              0                     0
6     12     0.24          177.2             0.0156              0                     0
6     12     0.24          177.2             0.018              0                     0
6     12     0.24          177.2             0.0204              0                     0
6     12     0.24          177.2             0.0228              0                     0
6     12     0.24          177.2             0.0252              0                     0
6     12     0.24          177.2             0.0276              0                     0
6     12     0.24          177.2             0.03              0                     0
6     12     0.24          177.2             0.0324              0                     0
6     12     0.24          177.2             0.0348              0                     0
6     12     0.24          177.2             0.0372              0                     0
6     12     0.24          177.2             0.0396              0                     0
6     12     0.24          177.2             0.042              0                     0
6     12     0.24          177.2             0.0444              0                     0
6     12     0.24          177.2             0.0468              0                     0
6     12     0.24          177.2             0.0492              0.132697                     0.0766129
6     12     0.24          177.2             0.0516              0.088465                     0.0625542
6     12     0.24          177.2             0.054              0.088465                     0.0625542
6     12     0.24          177.2             0.0564              0.486557                     0.146703
6     12     0.24          177.2             0.0588              0.486557                     0.146703
6     12     0.24          177.2             0.0612              0.442325                     0.139875
6     12     0.24          177.2             0.0636              0.575022                     0.159482
6     12     0.24          177.2             0.066              0.70772                     0.17693
6     12     0.24          177.2             0.0684              0.70772                     0.17693
6     12     0.24          177.2             0.0708              0.88465                     0.197814
6     12     0.24          177.2             0.0732              1.06158                     0.216694
6     12     0.24          177.2             0.0756              0.751952                     0.182375
6     12     0.24          177.2             0.078              1.06158                     0.216694
6     12     0.24          177.2             0.0804              0.840417                     0.192805
6     12     0.24          177.2             0.0828              0.973114                     0.207469
6     12     0.24          177.2             0.0852              0.973114                     0.207469
6     12     0.24          177.2             0.0876              1.32697                     0.242271
6     12     0.24          177.2             0.09              1.15004                     0.225542
6     12     0.24          177.2             0.0924              1.28274                     0.238199
6     12     0.24          177.2             0.0948              1.41544                     0.250217
6     12     0.24          177.2             0.0972              1.41544                     0.250217
6     12     0.24          177.2             0.0996              1.28274                     0.238199
6     12     0.24          177.2             0.102              1.45967                     0.254096
6     12     0.24          177.2             0.1044              0.88465                     0.197814
6     12     0.24          177.2             0.1068              1.54814                     0.261683
6     12     0.24          177.2             0.1092              1.45967                     0.254096
6     12     0.24          177.2             0.1116              1.23851                     0.234056
6     12     0.24          177.2             0.114              1.10581                     0.221162
6     12     0.24          177.2             0.1164              1.6366                     0.269056
6     12     0.24          177.2             0.1188              1.32697                     0.242271
6     12     0.24          177.2             0.1212              0.973114                     0.207469
6     12     0.24          177.2             0.1236              0.928882                     0.202699
6     12     0.24          177.2             0.126              1.01735                     0.212132
6     12     0.24          177.2             0.1284              0.751952                     0.182375
6     12     0.24          177.2             0.1308              0.973114                     0.207469
6     12     0.24          177.2             0.1332              0.973114                     0.207469
6     12     0.24          177.2             0.1356              0.53079                     0.153226
6     12     0.24          177.2             0.138              0.796185                     0.187663
6     12     0.24          177.2             0.1404              0.619255                     0.165503
6     12     0.24          177.2             0.1428              0.486557                     0.146703
6     12     0.24          177.2             0.1452              0.442325                     0.139875
6     12     0.24          177.2             0.1476              0.309627                     0.117028
6     12     0.24          177.2             0.15              0.53079                     0.153226
6     12     0.24          177.2             0.1524              0.575022                     0.159482
6     12     0.24          177.2             0.1548              0.663487                     0.171312
6     12     0.24          177.2             0.1572              0.35386                     0.125108
6     12     0.24          177.2             0.1596              0.221162                     0.0989068
6     12     0.24          177.2             0.162              0.486557                     0.146703
6     12     0.24          177.2             0.1644              0.398092                     0.132697
6     12     0.24          177.2             0.1668              0.575022                     0.159482
6     12     0.24          177.2             0.1692              0.265395                     0.108347
6     12     0.24          177.2             0.1716              0.309627                     0.117028
6     12     0.24          177.2             0.174              0.442325                     0.139875
6     12     0.24          177.2             0.1764              0.442325                     0.139875
6     12     0.24          177.2             0.1788              0.619255                     0.165503
6     12     0.24          177.2             0.1812              0.442325                     0.139875
6     12     0.24          177.2             0.1836              0.751952                     0.182375
6     12     0.24          177.2             0.186              0.53079                     0.153226
6     12     0.24          177.2             0.1884              0.575022                     0.159482
6     12     0.24          177.2             0.1908              0.796185                     0.187663
6     12     0.24          177.2             0.1932              0.486557                     0.146703
6     12     0.24          177.2             0.1956              0.928882                     0.202699
6     12     0.24          177.2             0.198              0.88465                     0.197814
6     12     0.24          177.2             0.2004              0.973114                     0.207469
6     12     0.24          177.2             0.2028              0.973114                     0.207469
6     12     0.24          177.2             0.2052              0.840417                     0.192805
6     12     0.24          177.2             0.2076              0.973114                     0.207469
6     12     0.24          177.2             0.21              1.15004                     0.225542
6     12     0.24          177.2             0.2124              0.973114                     0.207469
6     12     0.24          177.2             0.2148              0.840417                     0.192805
6     12     0.24          177.2             0.2172              1.15004                     0.225542
6     12     0.24          177.2             0.2196              0.486557                     0.146703
6     12     0.24          177.2             0.222              0.486557                     0.146703
6     12     0.24          177.2             0.2244              0.486557                     0.146703
6     12     0.24          177.2             0.2268              0.663487                     0.171312
6     12     0.24          177.2             0.2292              0.17693                     0.088465
6     12     0.24          177.2             0.2316              0                     0
6     12     0.24          177.2             0.234              0                     0
6     12     0.24          177.2             0.2364              0.0442325                     0.0442325
*******************************************************************************************************
 Average angle 177.484 +- 4.85393 deg 
 Average E' 0.104818 +- 0.00286661 GeV 
