*******************************************************************************************************
Z     A     E(GeV)     Theta(deg)     Energy Loss(GeV)     Sigma(nb/sr/GeV)     ERROR     Citation     
*******************************************************************************************************
6     12     0.4          142.8             0.002              0                     0
6     12     0.4          142.8             0.006              0                     0
6     12     0.4          142.8             0.01              0                     0
6     12     0.4          142.8             0.014              0                     0
6     12     0.4          142.8             0.018              0                     0
6     12     0.4          142.8             0.022              0                     0
6     12     0.4          142.8             0.026              0                     0
6     12     0.4          142.8             0.03              0                     0
6     12     0.4          142.8             0.034              0                     0
6     12     0.4          142.8             0.038              0                     0
6     12     0.4          142.8             0.042              0                     0
6     12     0.4          142.8             0.046              0                     0
6     12     0.4          142.8             0.05              0                     0
6     12     0.4          142.8             0.054              0                     0
6     12     0.4          142.8             0.058              0                     0
6     12     0.4          142.8             0.062              0                     0
6     12     0.4          142.8             0.066              0                     0
6     12     0.4          142.8             0.07              0                     0
6     12     0.4          142.8             0.074              0                     0
6     12     0.4          142.8             0.078              0                     0
6     12     0.4          142.8             0.082              0                     0
6     12     0.4          142.8             0.086              0                     0
6     12     0.4          142.8             0.09              0                     0
6     12     0.4          142.8             0.094              0                     0
6     12     0.4          142.8             0.098              0                     0
6     12     0.4          142.8             0.102              0.00244434                     0.00244434
6     12     0.4          142.8             0.106              0.00488869                     0.00345682
6     12     0.4          142.8             0.11              0.0195548                     0.00691365
6     12     0.4          142.8             0.114              0.0268878                     0.00810697
6     12     0.4          142.8             0.118              0.0488869                     0.0109314
6     12     0.4          142.8             0.122              0.0439982                     0.0103705
6     12     0.4          142.8             0.126              0.078219                     0.0138273
6     12     0.4          142.8             0.13              0.105107                     0.0160286
6     12     0.4          142.8             0.134              0.12955                     0.0177951
6     12     0.4          142.8             0.138              0.12955                     0.0177951
6     12     0.4          142.8             0.142              0.163771                     0.0200078
6     12     0.4          142.8             0.146              0.239546                     0.0241978
6     12     0.4          142.8             0.15              0.202881                     0.022269
6     12     0.4          142.8             0.154              0.271322                     0.0257528
6     12     0.4          142.8             0.158              0.325098                     0.0281896
6     12     0.4          142.8             0.162              0.33732                     0.0287145
6     12     0.4          142.8             0.166              0.41065                     0.0316823
6     12     0.4          142.8             0.17              0.413094                     0.0317765
6     12     0.4          142.8             0.174              0.498646                     0.0349122
6     12     0.4          142.8             0.178              0.469314                     0.0338698
6     12     0.4          142.8             0.182              0.510868                     0.0353375
6     12     0.4          142.8             0.186              0.562199                     0.0370703
6     12     0.4          142.8             0.19              0.569532                     0.0373113
6     12     0.4          142.8             0.194              0.61353                     0.0387257
6     12     0.4          142.8             0.198              0.606197                     0.0384936
6     12     0.4          142.8             0.202              0.549977                     0.0366652
6     12     0.4          142.8             0.206              0.520645                     0.035674
6     12     0.4          142.8             0.21              0.459537                     0.0335152
6     12     0.4          142.8             0.214              0.452204                     0.0332467
6     12     0.4          142.8             0.218              0.496202                     0.0348265
6     12     0.4          142.8             0.222              0.476647                     0.0341334
6     12     0.4          142.8             0.226              0.476647                     0.0341334
6     12     0.4          142.8             0.23              0.42776                     0.0323356
6     12     0.4          142.8             0.234              0.415539                     0.0318704
6     12     0.4          142.8             0.238              0.405761                     0.0314932
6     12     0.4          142.8             0.242              0.393539                     0.0310153
6     12     0.4          142.8             0.246              0.359319                     0.0296361
6     12     0.4          142.8             0.25              0.373985                     0.0302349
6     12     0.4          142.8             0.254              0.37154                     0.0301359
6     12     0.4          142.8             0.258              0.391095                     0.0309188
6     12     0.4          142.8             0.262              0.408206                     0.0315879
6     12     0.4          142.8             0.266              0.42776                     0.0323356
6     12     0.4          142.8             0.27              0.469314                     0.0338698
6     12     0.4          142.8             0.274              0.447315                     0.0330665
6     12     0.4          142.8             0.278              0.442426                     0.0328853
6     12     0.4          142.8             0.282              0.549977                     0.0366652
6     12     0.4          142.8             0.286              0.694194                     0.0411928
6     12     0.4          142.8             0.29              0.672195                     0.0405349
6     12     0.4          142.8             0.294              0.70886                     0.0416257
6     12     0.4          142.8             0.298              0.745525                     0.0426886
6     12     0.4          142.8             0.302              0.943517                     0.0480237
6     12     0.4          142.8             0.306              0.931295                     0.0477117
6     12     0.4          142.8             0.31              1.0584                     0.0508635
6     12     0.4          142.8             0.314              1.04618                     0.050569
6     12     0.4          142.8             0.318              1.15373                     0.0531048
6     12     0.4          142.8             0.322              1.22217                     0.0546572
6     12     0.4          142.8             0.326              1.21239                     0.0544381
6     12     0.4          142.8             0.33              1.32239                     0.056854
6     12     0.4          142.8             0.334              1.40305                     0.0585623
6     12     0.4          142.8             0.338              1.48861                     0.0603213
6     12     0.4          142.8             0.342              1.42994                     0.0591208
6     12     0.4          142.8             0.346              1.64993                     0.0635059
6     12     0.4          142.8             0.35              1.62304                     0.0629863
6     12     0.4          142.8             0.354              1.56194                     0.0617892
6     12     0.4          142.8             0.358              1.67682                     0.0640213
6     12     0.4          142.8             0.362              1.69637                     0.0643935
6     12     0.4          142.8             0.366              1.67682                     0.0640213
6     12     0.4          142.8             0.37              1.67193                     0.0639279
6     12     0.4          142.8             0.374              1.63038                     0.0631285
6     12     0.4          142.8             0.378              1.6646                     0.0637876
6     12     0.4          142.8             0.382              1.47394                     0.0600235
6     12     0.4          142.8             0.386              1.39572                     0.0584091
6     12     0.4          142.8             0.39              1.36394                     0.0577404
6     12     0.4          142.8             0.394              1.1684                     0.0534412
*******************************************************************************************************
 Average angle 143.232 +- 0.96978 deg 
 Average E' 0.0931819 +- 0.000630905 GeV 
