*******************************************************************************************************
Z     A     E(GeV)     Theta(deg)     Energy Loss(GeV)     Sigma(nb/sr/GeV)     ERROR     Citation     
*******************************************************************************************************
6     12     0.06          145.2             0.0003              0.164418                     0.0387538
6     12     0.06          145.2             0.0009              0.155284                     0.0376619
6     12     0.06          145.2             0.0015              0.118747                     0.0329344
6     12     0.06          145.2             0.0021              0.164418                     0.0387538
6     12     0.06          145.2             0.0027              0.182687                     0.0408501
6     12     0.06          145.2             0.0033              0.127881                     0.0341776
6     12     0.06          145.2             0.0039              0.173553                     0.0398157
6     12     0.06          145.2             0.0045              0.191821                     0.0418589
6     12     0.06          145.2             0.0051              0.155284                     0.0376619
6     12     0.06          145.2             0.0057              0.246628                     0.0474635
6     12     0.06          145.2             0.0063              0.21009                     0.0438068
6     12     0.06          145.2             0.0069              0.237493                     0.0465762
6     12     0.06          145.2             0.0075              0.182687                     0.0408501
6     12     0.06          145.2             0.0081              0.255762                     0.0483345
6     12     0.06          145.2             0.0087              0.219224                     0.044749
6     12     0.06          145.2             0.0093              0.301434                     0.0524729
6     12     0.06          145.2             0.0099              0.191821                     0.0418589
6     12     0.06          145.2             0.0105              0.228359                     0.0456718
6     12     0.06          145.2             0.0111              0.42018                     0.0619522
6     12     0.06          145.2             0.0117              0.228359                     0.0456718
6     12     0.06          145.2             0.0123              0.274031                     0.0500309
6     12     0.06          145.2             0.0129              0.292299                     0.0516717
6     12     0.06          145.2             0.0135              0.365374                     0.0577707
6     12     0.06          145.2             0.0141              0.21009                     0.0438068
6     12     0.06          145.2             0.0147              0.0182687                     0.0129179
6     12     0.06          145.2             0.0153              0                     0
6     12     0.06          145.2             0.0159              0                     0
6     12     0.06          145.2             0.0165              0                     0
6     12     0.06          145.2             0.0171              0                     0
6     12     0.06          145.2             0.0177              0.675942                     0.0785767
6     12     0.06          145.2             0.0183              3.89123                     0.188531
6     12     0.06          145.2             0.0189              6.55847                     0.24476
6     12     0.06          145.2             0.0195              10.7785                     0.313775
6     12     0.06          145.2             0.0201              13.8385                     0.355536
6     12     0.06          145.2             0.0207              17.9399                     0.404807
6     12     0.06          145.2             0.0213              19.7667                     0.424919
6     12     0.06          145.2             0.0219              22.1782                     0.450093
6     12     0.06          145.2             0.0225              23.2469                     0.46081
6     12     0.06          145.2             0.0231              24.7176                     0.475162
6     12     0.06          145.2             0.0237              25.631                     0.483862
6     12     0.06          145.2             0.0243              27.0925                     0.497466
6     12     0.06          145.2             0.0249              28.1247                     0.506854
6     12     0.06          145.2             0.0255              29.0929                     0.515505
6     12     0.06          145.2             0.0261              29.6684                     0.520578
6     12     0.06          145.2             0.0267              30.801                     0.530422
6     12     0.06          145.2             0.0273              32.3995                     0.544012
6     12     0.06          145.2             0.0279              33.8154                     0.555771
6     12     0.06          145.2             0.0285              33.6692                     0.554569
6     12     0.06          145.2             0.0291              35.9711                     0.573212
6     12     0.06          145.2             0.0297              37.0398                     0.581665
6     12     0.06          145.2             0.0303              37.46                     0.584955
6     12     0.06          145.2             0.0309              37.935                     0.588652
6     12     0.06          145.2             0.0315              39.6157                     0.601551
6     12     0.06          145.2             0.0321              40.045                     0.604802
6     12     0.06          145.2             0.0327              40.9676                     0.611729
6     12     0.06          145.2             0.0333              43.2146                     0.628281
6     12     0.06          145.2             0.0339              44.466                     0.637313
6     12     0.06          145.2             0.0345              46.4208                     0.651171
6     12     0.06          145.2             0.0351              47.1424                     0.656213
6     12     0.06          145.2             0.0357              48.9784                     0.668869
6     12     0.06          145.2             0.0363              49.837                     0.674707
6     12     0.06          145.2             0.0369              53.2624                     0.697508
6     12     0.06          145.2             0.0375              54.797                     0.707485
6     12     0.06          145.2             0.0381              57.8844                     0.727143
6     12     0.06          145.2             0.0387              60.0036                     0.740334
6     12     0.06          145.2             0.0393              61.3829                     0.748794
6     12     0.06          145.2             0.0399              63.7578                     0.763142
6     12     0.06          145.2             0.0405              67.101                     0.782895
6     12     0.06          145.2             0.0411              70.3802                     0.801796
6     12     0.06          145.2             0.0417              73.1205                     0.817257
6     12     0.06          145.2             0.0423              77.0665                     0.839019
6     12     0.06          145.2             0.0429              81.1587                     0.861007
6     12     0.06          145.2             0.0435              84.4836                     0.878466
6     12     0.06          145.2             0.0441              88.9229                     0.901251
6     12     0.06          145.2             0.0447              94.6136                     0.929642
6     12     0.06          145.2             0.0453              98.2948                     0.947554
6     12     0.06          145.2             0.0459              107.941                     0.992959
6     12     0.06          145.2             0.0465              114.061                     1.02072
6     12     0.06          145.2             0.0471              119.386                     1.04428
6     12     0.06          145.2             0.0477              131.37                     1.09544
6     12     0.06          145.2             0.0483              140.066                     1.13111
6     12     0.06          145.2             0.0489              153.512                     1.18416
6     12     0.06          145.2             0.0495              168.364                     1.24012
6     12     0.06          145.2             0.0501              188.149                     1.31096
6     12     0.06          145.2             0.0507              206.098                     1.37207
6     12     0.06          145.2             0.0513              234.397                     1.46324
6     12     0.06          145.2             0.0519              273.528                     1.58067
6     12     0.06          145.2             0.0525              323.146                     1.71806
6     12     0.06          145.2             0.0531              394.184                     1.89753
6     12     0.06          145.2             0.0537              512.382                     2.1634
6     12     0.06          145.2             0.0543              729.086                     2.58064
6     12     0.06          145.2             0.0549              1341.72                     3.50082
6     12     0.06          145.2             0.0555              1282.11                     3.42217
6     12     0.06          145.2             0.0561              0                     0
6     12     0.06          145.2             0.0567              0                     0
6     12     0.06          145.2             0.0573              0                     0
6     12     0.06          145.2             0.0579              0                     0
6     12     0.06          145.2             0.0585              0                     0
6     12     0.06          145.2             0.0591              0                     0
*******************************************************************************************************
 Average angle 145.733 +- 0.15129 deg 
 Average E' 0.0111517 +- 1.15769e-05 GeV 
