*******************************************************************************************************
Z     A     E(GeV)     Theta(deg)     Energy Loss(GeV)     Sigma(nb/sr/GeV)     ERROR     Citation     
*******************************************************************************************************
6     12     0.2          90.4             0.001              0                     0
6     12     0.2          90.4             0.003              0                     0
6     12     0.2          90.4             0.005              0                     0
6     12     0.2          90.4             0.007              0                     0
6     12     0.2          90.4             0.009              0                     0
6     12     0.2          90.4             0.011              0                     0
6     12     0.2          90.4             0.013              0                     0
6     12     0.2          90.4             0.015              0                     0
6     12     0.2          90.4             0.017              0                     0
6     12     0.2          90.4             0.019              0                     0
6     12     0.2          90.4             0.021              0                     0
6     12     0.2          90.4             0.023              0                     0
6     12     0.2          90.4             0.025              0.00241982                     0.00241982
6     12     0.2          90.4             0.027              0.0677549                     0.0128045
6     12     0.2          90.4             0.029              0.602535                     0.0381841
6     12     0.2          90.4             0.031              1.62612                     0.0627289
6     12     0.2          90.4             0.033              2.85297                     0.0830883
6     12     0.2          90.4             0.035              4.13305                     0.100006
6     12     0.2          90.4             0.037              6.02293                     0.120724
6     12     0.2          90.4             0.039              7.32479                     0.133134
6     12     0.2          90.4             0.041              8.82024                     0.146094
6     12     0.2          90.4             0.043              10.5698                     0.159928
6     12     0.2          90.4             0.045              12.1765                     0.171654
6     12     0.2          90.4             0.047              13.4252                     0.18024
6     12     0.2          90.4             0.049              15.1335                     0.191365
6     12     0.2          90.4             0.051              15.8619                     0.195916
6     12     0.2          90.4             0.053              16.6822                     0.200918
6     12     0.2          90.4             0.055              17.3041                     0.204629
6     12     0.2          90.4             0.057              17.9163                     0.208217
6     12     0.2          90.4             0.059              17.6114                     0.206438
6     12     0.2          90.4             0.061              16.9847                     0.202731
6     12     0.2          90.4             0.063              16.4717                     0.199646
6     12     0.2          90.4             0.065              15.8474                     0.195826
6     12     0.2          90.4             0.067              15.3271                     0.192585
6     12     0.2          90.4             0.069              14.7706                     0.189056
6     12     0.2          90.4             0.071              14.3882                     0.186593
6     12     0.2          90.4             0.073              13.7325                     0.182291
6     12     0.2          90.4             0.075              12.9678                     0.177143
6     12     0.2          90.4             0.077              12.6218                     0.174764
6     12     0.2          90.4             0.079              11.9781                     0.170249
6     12     0.2          90.4             0.081              11.6127                     0.167633
6     12     0.2          90.4             0.083              10.5577                     0.159836
6     12     0.2          90.4             0.085              10.0398                     0.155867
6     12     0.2          90.4             0.087              9.3284                     0.150243
6     12     0.2          90.4             0.089              8.64359                     0.144623
6     12     0.2          90.4             0.091              8.50808                     0.143485
6     12     0.2          90.4             0.093              7.71438                     0.136629
6     12     0.2          90.4             0.095              7.09491                     0.131028
6     12     0.2          90.4             0.097              6.58917                     0.126272
6     12     0.2          90.4             0.099              5.99631                     0.120457
6     12     0.2          90.4             0.101              5.67448                     0.11718
6     12     0.2          90.4             0.103              5.08646                     0.110943
6     12     0.2          90.4             0.105              4.73317                     0.107021
6     12     0.2          90.4             0.107              4.35325                     0.102636
6     12     0.2          90.4             0.109              3.86929                     0.0967625
6     12     0.2          90.4             0.111              3.4676                     0.0916022
6     12     0.2          90.4             0.113              2.92556                     0.0841387
6     12     0.2          90.4             0.115              2.72956                     0.0812713
6     12     0.2          90.4             0.117              2.33513                     0.0751703
6     12     0.2          90.4             0.119              1.93586                     0.0684428
6     12     0.2          90.4             0.121              1.6358                     0.0629153
6     12     0.2          90.4             0.123              1.52207                     0.0606887
6     12     0.2          90.4             0.125              1.26557                     0.0553393
6     12     0.2          90.4             0.127              1.16393                     0.0530708
6     12     0.2          90.4             0.129              1.01148                     0.0494733
6     12     0.2          90.4             0.131              0.92921                     0.0474186
6     12     0.2          90.4             0.133              0.822738                     0.0446193
6     12     0.2          90.4             0.135              0.883234                     0.0462306
6     12     0.2          90.4             0.137              0.897753                     0.046609
6     12     0.2          90.4             0.139              0.963088                     0.0482752
6     12     0.2          90.4             0.141              0.977607                     0.0486378
6     12     0.2          90.4             0.143              0.972767                     0.0485172
6     12     0.2          90.4             0.145              1.14457                     0.0526276
6     12     0.2          90.4             0.147              1.14699                     0.0526832
6     12     0.2          90.4             0.149              1.10344                     0.0516732
6     12     0.2          90.4             0.151              1.0986                     0.0515597
6     12     0.2          90.4             0.153              1.14457                     0.0526276
6     12     0.2          90.4             0.155              1.22927                     0.0545399
6     12     0.2          90.4             0.157              1.14941                     0.0527387
6     12     0.2          90.4             0.159              1.06956                     0.0508738
6     12     0.2          90.4             0.161              1.01874                     0.0496505
6     12     0.2          90.4             0.163              1.026                     0.0498271
6     12     0.2          90.4             0.165              1.25105                     0.055021
6     12     0.2          90.4             0.167              1.01632                     0.0495915
6     12     0.2          90.4             0.169              0.955828                     0.0480929
6     12     0.2          90.4             0.171              0.909852                     0.046922
6     12     0.2          90.4             0.173              0.950989                     0.047971
6     12     0.2          90.4             0.175              0.624313                     0.038868
6     12     0.2          90.4             0.177              0.026618                     0.00802563
6     12     0.2          90.4             0.179              0.0193586                     0.00684428
6     12     0.2          90.4             0.181              0.0193586                     0.00684428
6     12     0.2          90.4             0.183              0.0169387                     0.00640224
6     12     0.2          90.4             0.185              0.0338775                     0.00905413
6     12     0.2          90.4             0.187              0.0411369                     0.00997717
6     12     0.2          90.4             0.189              0.026618                     0.00802563
6     12     0.2          90.4             0.191              0.0604955                     0.0120991
6     12     0.2          90.4             0.193              0.0677549                     0.0128045
6     12     0.2          90.4             0.195              0.0919531                     0.0149168
6     12     0.2          90.4             0.197              0.0556558                     0.011605
*******************************************************************************************************
 Average angle 90.9735 +- 0.207137 deg 
 Average E' 0.126168 +- 0.000287271 GeV 
