*******************************************************************************************************
Z     A     E(GeV)     Theta(deg)     Energy Loss(GeV)     Sigma(nb/sr/GeV)     ERROR     Citation     
*******************************************************************************************************
6     12     0.08          34.3             0.0004              0                     0
6     12     0.08          34.3             0.0012              0                     0
6     12     0.08          34.3             0.002              0                     0
6     12     0.08          34.3             0.0028              0                     0
6     12     0.08          34.3             0.0036              0                     0
6     12     0.08          34.3             0.0044              0                     0
6     12     0.08          34.3             0.0052              0                     0
6     12     0.08          34.3             0.006              0                     0
6     12     0.08          34.3             0.0068              0                     0
6     12     0.08          34.3             0.0076              0                     0
6     12     0.08          34.3             0.0084              0                     0
6     12     0.08          34.3             0.0092              0                     0
6     12     0.08          34.3             0.01              0                     0
6     12     0.08          34.3             0.0108              0                     0
6     12     0.08          34.3             0.0116              0                     0
6     12     0.08          34.3             0.0124              0                     0
6     12     0.08          34.3             0.0132              0                     0
6     12     0.08          34.3             0.014              0                     0
6     12     0.08          34.3             0.0148              0                     0
6     12     0.08          34.3             0.0156              0                     0
6     12     0.08          34.3             0.0164              257.413                     1.22885
6     12     0.08          34.3             0.0172              1304.56                     2.76639
6     12     0.08          34.3             0.018              1643.72                     3.10525
6     12     0.08          34.3             0.0188              1734.47                     3.18981
6     12     0.08          34.3             0.0196              1785.4                     3.23631
6     12     0.08          34.3             0.0204              1827.82                     3.27452
6     12     0.08          34.3             0.0212              1849.25                     3.29367
6     12     0.08          34.3             0.022              1868.96                     3.31117
6     12     0.08          34.3             0.0228              1890.26                     3.32999
6     12     0.08          34.3             0.0236              1906.17                     3.34398
6     12     0.08          34.3             0.0244              1924.3                     3.35984
6     12     0.08          34.3             0.0252              1948.36                     3.38078
6     12     0.08          34.3             0.026              1962.64                     3.39315
6     12     0.08          34.3             0.0268              1989.88                     3.41661
6     12     0.08          34.3             0.0276              2009                     3.43299
6     12     0.08          34.3             0.0284              2037.16                     3.45696
6     12     0.08          34.3             0.0292              2065.54                     3.48096
6     12     0.08          34.3             0.03              2090.17                     3.50165
6     12     0.08          34.3             0.0308              2120.16                     3.52668
6     12     0.08          34.3             0.0316              2154.27                     3.55494
6     12     0.08          34.3             0.0324              2184.66                     3.57992
6     12     0.08          34.3             0.0332              2227.27                     3.61467
6     12     0.08          34.3             0.034              2259.15                     3.64044
6     12     0.08          34.3             0.0348              2299.53                     3.67284
6     12     0.08          34.3             0.0356              2338.72                     3.704
6     12     0.08          34.3             0.0364              2388.12                     3.74292
6     12     0.08          34.3             0.0372              2433.33                     3.77818
6     12     0.08          34.3             0.038              2470.17                     3.80667
6     12     0.08          34.3             0.0388              2528.8                     3.85159
6     12     0.08          34.3             0.0396              2591.3                     3.89889
6     12     0.08          34.3             0.0404              2654.65                     3.94626
6     12     0.08          34.3             0.0412              2713.73                     3.98993
6     12     0.08          34.3             0.042              2626.09                     3.92497
6     12     0.08          34.3             0.0428              2329.69                     3.69684
6     12     0.08          34.3             0.0436              2011.81                     3.43538
6     12     0.08          34.3             0.0444              1661.81                     3.12228
6     12     0.08          34.3             0.0452              1311.77                     2.77403
6     12     0.08          34.3             0.046              929.967                     2.33569
6     12     0.08          34.3             0.0468              525.456                     1.7557
6     12     0.08          34.3             0.0476              113.912                     0.81746
6     12     0.08          34.3             0.0484              0                     0
6     12     0.08          34.3             0.0492              0                     0
6     12     0.08          34.3             0.05              0                     0
6     12     0.08          34.3             0.0508              0                     0
6     12     0.08          34.3             0.0516              0                     0
6     12     0.08          34.3             0.0524              0                     0
6     12     0.08          34.3             0.0532              0                     0
6     12     0.08          34.3             0.054              0                     0
6     12     0.08          34.3             0.0548              0                     0
6     12     0.08          34.3             0.0556              0                     0
6     12     0.08          34.3             0.0564              0                     0
6     12     0.08          34.3             0.0572              0                     0
6     12     0.08          34.3             0.058              0                     0
6     12     0.08          34.3             0.0588              0                     0
6     12     0.08          34.3             0.0596              0                     0
6     12     0.08          34.3             0.0604              0                     0
6     12     0.08          34.3             0.0612              0                     0
6     12     0.08          34.3             0.062              0                     0
6     12     0.08          34.3             0.0628              0                     0
6     12     0.08          34.3             0.0636              0                     0
6     12     0.08          34.3             0.0644              0                     0
6     12     0.08          34.3             0.0652              0                     0
6     12     0.08          34.3             0.066              0                     0
6     12     0.08          34.3             0.0668              0                     0
6     12     0.08          34.3             0.0676              0                     0
6     12     0.08          34.3             0.0684              0                     0
6     12     0.08          34.3             0.0692              0                     0
6     12     0.08          34.3             0.07              0                     0
6     12     0.08          34.3             0.0708              0                     0
6     12     0.08          34.3             0.0716              0                     0
6     12     0.08          34.3             0.0724              0                     0
6     12     0.08          34.3             0.0732              0                     0
6     12     0.08          34.3             0.074              0                     0
6     12     0.08          34.3             0.0748              0                     0
6     12     0.08          34.3             0.0756              0                     0
6     12     0.08          34.3             0.0764              0                     0
6     12     0.08          34.3             0.0772              0                     0
6     12     0.08          34.3             0.078              0                     0
6     12     0.08          34.3             0.0788              0                     0
*******************************************************************************************************
 Average angle 34.7655 +- 0.00959781 deg 
 Average E' 0.0477904 +- 1.31936e-05 GeV 
