*******************************************************************************************************
Z     A     E(GeV)     Theta(deg)     Energy Loss(GeV)     Sigma(nb/sr/GeV)     ERROR     Citation     
*******************************************************************************************************
6     12     0.24          84.8             0.0012              0                     0
6     12     0.24          84.8             0.0036              0                     0
6     12     0.24          84.8             0.006              0                     0
6     12     0.24          84.8             0.0084              0                     0
6     12     0.24          84.8             0.0108              0                     0
6     12     0.24          84.8             0.0132              0                     0
6     12     0.24          84.8             0.0156              0                     0
6     12     0.24          84.8             0.018              0                     0
6     12     0.24          84.8             0.0204              0                     0
6     12     0.24          84.8             0.0228              0                     0
6     12     0.24          84.8             0.0252              0                     0
6     12     0.24          84.8             0.0276              0                     0
6     12     0.24          84.8             0.03              0.0303755                     0.00811818
6     12     0.24          84.8             0.0324              0.33413                     0.026925
6     12     0.24          84.8             0.0348              1.15644                     0.0500909
6     12     0.24          84.8             0.0372              2.20005                     0.0690898
6     12     0.24          84.8             0.0396              3.33479                     0.0850613
6     12     0.24          84.8             0.042              4.37407                     0.0974182
6     12     0.24          84.8             0.0444              6.30725                     0.116982
6     12     0.24          84.8             0.0468              7.33784                     0.126177
6     12     0.24          84.8             0.0492              8.85228                     0.138588
6     12     0.24          84.8             0.0516              10.2821                     0.149361
6     12     0.24          84.8             0.054              11.7076                     0.159379
6     12     0.24          84.8             0.0564              13.3001                     0.169873
6     12     0.24          84.8             0.0588              13.4086                     0.170565
6     12     0.24          84.8             0.0612              13.7362                     0.172636
6     12     0.24          84.8             0.0636              13.9966                     0.174264
6     12     0.24          84.8             0.066              13.5019                     0.171157
6     12     0.24          84.8             0.0684              13.2719                     0.169693
6     12     0.24          84.8             0.0708              12.8705                     0.167107
6     12     0.24          84.8             0.0732              12.5082                     0.164738
6     12     0.24          84.8             0.0756              11.8573                     0.160395
6     12     0.24          84.8             0.078              11.5275                     0.158148
6     12     0.24          84.8             0.0804              10.6922                     0.152311
6     12     0.24          84.8             0.0828              10.2192                     0.148904
6     12     0.24          84.8             0.0852              9.93061                     0.146786
6     12     0.24          84.8             0.0876              9.28187                     0.141911
6     12     0.24          84.8             0.09              8.99982                     0.139738
6     12     0.24          84.8             0.0924              8.02129                     0.131923
6     12     0.24          84.8             0.0948              7.94752                     0.131315
6     12     0.24          84.8             0.0972              7.46152                     0.127236
6     12     0.24          84.8             0.0996              6.76505                     0.121153
6     12     0.24          84.8             0.102              6.33545                     0.117243
6     12     0.24          84.8             0.1044              5.90369                     0.113177
6     12     0.24          84.8             0.1068              5.56956                     0.109928
6     12     0.24          84.8             0.1092              4.9729                     0.103873
6     12     0.24          84.8             0.1116              4.45217                     0.0982842
6     12     0.24          84.8             0.114              4.06597                     0.0939247
6     12     0.24          84.8             0.1164              3.83599                     0.0912296
6     12     0.24          84.8             0.1188              3.43026                     0.0862702
6     12     0.24          84.8             0.1212              2.99849                     0.0806583
6     12     0.24          84.8             0.1236              2.74247                     0.077138
6     12     0.24          84.8             0.126              2.41702                     0.0724165
6     12     0.24          84.8             0.1284              2.04383                     0.0665917
6     12     0.24          84.8             0.1308              1.79432                     0.0623947
6     12     0.24          84.8             0.1332              1.50142                     0.0570753
6     12     0.24          84.8             0.1356              1.14125                     0.0497608
6     12     0.24          84.8             0.138              1.01758                     0.0469874
6     12     0.24          84.8             0.1404              0.896076                     0.044093
6     12     0.24          84.8             0.1428              0.676939                     0.0383241
6     12     0.24          84.8             0.1452              0.574964                     0.0353198
6     12     0.24          84.8             0.1476              0.475159                     0.0321083
6     12     0.24          84.8             0.15              0.423087                     0.0302979
6     12     0.24          84.8             0.1524              0.407899                     0.0297491
6     12     0.24          84.8             0.1548              0.472989                     0.0320349
6     12     0.24          84.8             0.1572              0.529401                     0.0338914
6     12     0.24          84.8             0.1596              0.553267                     0.0346469
6     12     0.24          84.8             0.162              0.653072                     0.0376425
6     12     0.24          84.8             0.1644              0.720332                     0.0395334
6     12     0.24          84.8             0.1668              0.811459                     0.0419595
6     12     0.24          84.8             0.1692              0.778914                     0.0411095
6     12     0.24          84.8             0.1716              0.987202                     0.0462808
6     12     0.24          84.8             0.174              0.922112                     0.044729
6     12     0.24          84.8             0.1764              1.10653                     0.0489982
6     12     0.24          84.8             0.1788              1.19766                     0.0509758
6     12     0.24          84.8             0.1812              1.202                     0.0510681
6     12     0.24          84.8             0.1836              1.33001                     0.0537186
6     12     0.24          84.8             0.186              1.41897                     0.055486
6     12     0.24          84.8             0.1884              1.48189                     0.0567029
6     12     0.24          84.8             0.1908              1.54915                     0.0579754
6     12     0.24          84.8             0.1932              1.52311                     0.0574862
6     12     0.24          84.8             0.1956              1.62726                     0.059419
6     12     0.24          84.8             0.198              1.57735                     0.0585008
6     12     0.24          84.8             0.2004              1.56217                     0.0582185
6     12     0.24          84.8             0.2028              1.53396                     0.0576905
6     12     0.24          84.8             0.2052              1.43199                     0.05574
6     12     0.24          84.8             0.2076              1.33869                     0.0538936
6     12     0.24          84.8             0.21              1.35171                     0.054155
6     12     0.24          84.8             0.2124              1.27143                     0.0525223
6     12     0.24          84.8             0.2148              1.21285                     0.051298
6     12     0.24          84.8             0.2172              0.646563                     0.0374544
6     12     0.24          84.8             0.2196              0.0954657                     0.014392
6     12     0.24          84.8             0.222              0.073769                     0.0126513
6     12     0.24          84.8             0.2244              0.0846174                     0.0135496
6     12     0.24          84.8             0.2268              0.108484                     0.0153419
6     12     0.24          84.8             0.2292              0.112823                     0.0156458
6     12     0.24          84.8             0.2316              0.130181                     0.0168062
6     12     0.24          84.8             0.234              0.112823                     0.0156458
6     12     0.24          84.8             0.2364              0.149708                     0.0180227
*******************************************************************************************************
 Average angle 85.3776 +- 0.211199 deg 
 Average E' 0.152003 +- 0.000376011 GeV 
