*******************************************************************************************************
Z     A     E(GeV)     Theta(deg)     Energy Loss(GeV)     Sigma(nb/sr/GeV)     ERROR     Citation     
*******************************************************************************************************
6     12     0.16          172             0.0008              0                     0
6     12     0.16          172             0.0024              0                     0
6     12     0.16          172             0.004              0                     0
6     12     0.16          172             0.0056              0                     0
6     12     0.16          172             0.0072              0                     0
6     12     0.16          172             0.0088              0                     0
6     12     0.16          172             0.0104              0                     0
6     12     0.16          172             0.012              0                     0
6     12     0.16          172             0.0136              0                     0
6     12     0.16          172             0.0152              0                     0
6     12     0.16          172             0.0168              0                     0
6     12     0.16          172             0.0184              0                     0
6     12     0.16          172             0.02              0                     0
6     12     0.16          172             0.0216              0                     0
6     12     0.16          172             0.0232              0                     0
6     12     0.16          172             0.0248              0                     0
6     12     0.16          172             0.0264              0                     0
6     12     0.16          172             0.028              0.0218888                     0.0218888
6     12     0.16          172             0.0296              0.0218888                     0.0218888
6     12     0.16          172             0.0312              0.131333                     0.0536163
6     12     0.16          172             0.0328              0.262665                     0.0758249
6     12     0.16          172             0.0344              0.328331                     0.0847748
6     12     0.16          172             0.036              0.415886                     0.0954109
6     12     0.16          172             0.0376              0.372109                     0.0902497
6     12     0.16          172             0.0392              0.897439                     0.140156
6     12     0.16          172             0.0408              1.11633                     0.156317
6     12     0.16          172             0.0424              0.897439                     0.140156
6     12     0.16          172             0.044              1.26955                     0.1667
6     12     0.16          172             0.0456              1.48844                     0.180499
6     12     0.16          172             0.0472              1.96999                     0.207655
6     12     0.16          172             0.0488              1.81677                     0.199416
6     12     0.16          172             0.0504              1.86054                     0.201804
6     12     0.16          172             0.052              2.38587                     0.228525
6     12     0.16          172             0.0536              2.60476                     0.238778
6     12     0.16          172             0.0552              2.25454                     0.222147
6     12     0.16          172             0.0568              2.27643                     0.223222
6     12     0.16          172             0.0584              2.67043                     0.241769
6     12     0.16          172             0.06              2.64854                     0.240776
6     12     0.16          172             0.0616              2.62665                     0.239779
6     12     0.16          172             0.0632              2.5391                     0.235749
6     12     0.16          172             0.0648              2.86743                     0.250528
6     12     0.16          172             0.0664              2.45154                     0.231649
6     12     0.16          172             0.068              2.62665                     0.239779
6     12     0.16          172             0.0696              2.3421                     0.226419
6     12     0.16          172             0.0712              2.25454                     0.222147
6     12     0.16          172             0.0728              2.07943                     0.213345
6     12     0.16          172             0.0744              1.99188                     0.208805
6     12     0.16          172             0.076              2.23265                     0.221066
6     12     0.16          172             0.0776              2.5391                     0.235749
6     12     0.16          172             0.0792              2.05754                     0.212219
6     12     0.16          172             0.0808              1.99188                     0.208805
6     12     0.16          172             0.0824              1.77299                     0.196999
6     12     0.16          172             0.084              1.9481                     0.206498
6     12     0.16          172             0.0856              1.99188                     0.208805
6     12     0.16          172             0.0872              1.53221                     0.183134
6     12     0.16          172             0.0888              1.59788                     0.187018
6     12     0.16          172             0.0904              1.57599                     0.185732
6     12     0.16          172             0.092              1.5541                     0.184438
6     12     0.16          172             0.0936              1.37899                     0.173737
6     12     0.16          172             0.0952              1.48844                     0.180499
6     12     0.16          172             0.0968              1.09444                     0.154777
6     12     0.16          172             0.0984              1.05066                     0.15165
6     12     0.16          172             0.1              1.61977                     0.188294
6     12     0.16          172             0.1016              0.963105                     0.145194
6     12     0.16          172             0.1032              1.18199                     0.160849
6     12     0.16          172             0.1048              1.22577                     0.1638
6     12     0.16          172             0.1064              0.766107                     0.129496
6     12     0.16          172             0.108              0.897439                     0.140156
6     12     0.16          172             0.1096              0.831773                     0.134931
6     12     0.16          172             0.1112              0.809884                     0.133144
6     12     0.16          172             0.1128              0.831773                     0.134931
6     12     0.16          172             0.1144              0.766107                     0.129496
6     12     0.16          172             0.116              0.634774                     0.117875
6     12     0.16          172             0.1176              0.590996                     0.113737
6     12     0.16          172             0.1192              0.547219                     0.109444
6     12     0.16          172             0.1208              0.569108                     0.111611
6     12     0.16          172             0.1224              0.590996                     0.113737
6     12     0.16          172             0.124              0.415886                     0.0954109
6     12     0.16          172             0.1256              0.393998                     0.0928661
6     12     0.16          172             0.1272              0.393998                     0.0928661
6     12     0.16          172             0.1288              0.481553                     0.102667
6     12     0.16          172             0.1304              0.35022                     0.087555
6     12     0.16          172             0.132              0.569108                     0.111611
6     12     0.16          172             0.1336              0.590996                     0.113737
6     12     0.16          172             0.1352              0.240776                     0.0725968
6     12     0.16          172             0.1368              0.35022                     0.087555
6     12     0.16          172             0.1384              0.328331                     0.0847748
6     12     0.16          172             0.14              0.262665                     0.0758249
6     12     0.16          172             0.1416              0.196999                     0.0656663
6     12     0.16          172             0.1432              0.262665                     0.0758249
6     12     0.16          172             0.1448              0.0437775                     0.0309554
6     12     0.16          172             0.1464              0                     0
6     12     0.16          172             0.148              0                     0
6     12     0.16          172             0.1496              0                     0
6     12     0.16          172             0.1512              0                     0
6     12     0.16          172             0.1528              0                     0
6     12     0.16          172             0.1544              0                     0
6     12     0.16          172             0.156              0                     0
6     12     0.16          172             0.1576              0                     0
*******************************************************************************************************
 Average angle 173.17 +- 2.65662 deg 
 Average E' 0.0832549 +- 0.00127722 GeV 
