*******************************************************************************************************
Z     A     E(GeV)     Theta(deg)     Energy Loss(GeV)     Sigma(nb/sr/GeV)     ERROR     Citation     
*******************************************************************************************************
6     12     0.1          136.8             0.0005              0                     0
6     12     0.1          136.8             0.0015              0                     0
6     12     0.1          136.8             0.0025              0                     0
6     12     0.1          136.8             0.0035              0.0107075                     0.00757137
6     12     0.1          136.8             0.0045              0                     0
6     12     0.1          136.8             0.0055              0.0107075                     0.00757137
6     12     0.1          136.8             0.0065              0                     0
6     12     0.1          136.8             0.0075              0.00535377                     0.00535377
6     12     0.1          136.8             0.0085              0.0107075                     0.00757137
6     12     0.1          136.8             0.0095              0.00535377                     0.00535377
6     12     0.1          136.8             0.0105              0.0107075                     0.00757137
6     12     0.1          136.8             0.0115              0.0107075                     0.00757137
6     12     0.1          136.8             0.0125              0                     0
6     12     0.1          136.8             0.0135              0.0107075                     0.00757137
6     12     0.1          136.8             0.0145              0.0107075                     0.00757137
6     12     0.1          136.8             0.0155              0.0214151                     0.0107075
6     12     0.1          136.8             0.0165              0.0160613                     0.009273
6     12     0.1          136.8             0.0175              0.0160613                     0.009273
6     12     0.1          136.8             0.0185              0.0214151                     0.0107075
6     12     0.1          136.8             0.0195              0.0107075                     0.00757137
6     12     0.1          136.8             0.0205              0.0910141                     0.0220742
6     12     0.1          136.8             0.0215              0.251627                     0.0367036
6     12     0.1          136.8             0.0225              0.599622                     0.056659
6     12     0.1          136.8             0.0235              1.03328                     0.0743769
6     12     0.1          136.8             0.0245              1.55259                     0.0911714
6     12     0.1          136.8             0.0255              2.12545                     0.106673
6     12     0.1          136.8             0.0265              2.78931                     0.122202
6     12     0.1          136.8             0.0275              3.45318                     0.135969
6     12     0.1          136.8             0.0285              3.80653                     0.142756
6     12     0.1          136.8             0.0295              4.0528                     0.147302
6     12     0.1          136.8             0.0305              4.65243                     0.157823
6     12     0.1          136.8             0.0315              4.90405                     0.162034
6     12     0.1          136.8             0.0325              5.49832                     0.171571
6     12     0.1          136.8             0.0335              5.38589                     0.169808
6     12     0.1          136.8             0.0345              5.86238                     0.17716
6     12     0.1          136.8             0.0355              5.86238                     0.17716
6     12     0.1          136.8             0.0365              6.41382                     0.185305
6     12     0.1          136.8             0.0375              6.07653                     0.180367
6     12     0.1          136.8             0.0385              6.49412                     0.186462
6     12     0.1          136.8             0.0395              6.45129                     0.185846
6     12     0.1          136.8             0.0405              6.7511                     0.190115
6     12     0.1          136.8             0.0415              7.12587                     0.195321
6     12     0.1          136.8             0.0425              6.35492                     0.184453
6     12     0.1          136.8             0.0435              6.93848                     0.192736
6     12     0.1          136.8             0.0445              7.3882                     0.198884
6     12     0.1          136.8             0.0455              7.52205                     0.200677
6     12     0.1          136.8             0.0465              7.41497                     0.199244
6     12     0.1          136.8             0.0475              7.81115                     0.204497
6     12     0.1          136.8             0.0485              8.33046                     0.211186
6     12     0.1          136.8             0.0495              8.384                     0.211863
6     12     0.1          136.8             0.0505              8.5232                     0.213615
6     12     0.1          136.8             0.0515              8.95686                     0.218982
6     12     0.1          136.8             0.0525              8.97827                     0.219243
6     12     0.1          136.8             0.0535              10.0008                     0.231392
6     12     0.1          136.8             0.0545              9.98478                     0.231206
6     12     0.1          136.8             0.0555              10.3007                     0.234835
6     12     0.1          136.8             0.0565              10.3435                     0.235322
6     12     0.1          136.8             0.0575              10.4773                     0.23684
6     12     0.1          136.8             0.0585              10.5255                     0.237384
6     12     0.1          136.8             0.0595              10.5202                     0.237324
6     12     0.1          136.8             0.0605              10.0704                     0.232196
6     12     0.1          136.8             0.0615              9.77598                     0.228776
6     12     0.1          136.8             0.0625              9.08535                     0.220547
6     12     0.1          136.8             0.0635              9.29414                     0.223067
6     12     0.1          136.8             0.0645              9.04787                     0.220091
6     12     0.1          136.8             0.0655              8.90332                     0.218326
6     12     0.1          136.8             0.0665              8.10025                     0.208247
6     12     0.1          136.8             0.0675              8.5232                     0.213615
6     12     0.1          136.8             0.0685              8.25551                     0.210233
6     12     0.1          136.8             0.0695              7.90752                     0.205755
6     12     0.1          136.8             0.0705              7.70407                     0.203091
6     12     0.1          136.8             0.0715              7.14728                     0.195614
6     12     0.1          136.8             0.0725              6.64403                     0.188602
6     12     0.1          136.8             0.0735              6.3228                     0.183986
6     12     0.1          136.8             0.0745              6.00158                     0.179251
6     12     0.1          136.8             0.0755              5.84096                     0.176837
6     12     0.1          136.8             0.0765              5.46084                     0.170986
6     12     0.1          136.8             0.0775              5.3966                     0.169977
6     12     0.1          136.8             0.0785              4.60424                     0.157003
6     12     0.1          136.8             0.0795              4.52929                     0.15572
6     12     0.1          136.8             0.0805              4.23483                     0.150573
6     12     0.1          136.8             0.0815              3.63521                     0.139507
6     12     0.1          136.8             0.0825              3.24438                     0.131794
6     12     0.1          136.8             0.0835              3.20691                     0.131031
6     12     0.1          136.8             0.0845              2.3503                     0.112174
6     12     0.1          136.8             0.0855              2.24323                     0.109589
6     12     0.1          136.8             0.0865              1.64896                     0.0939583
6     12     0.1          136.8             0.0875              1.26349                     0.0822462
6     12     0.1          136.8             0.0885              0.872664                     0.0683523
6     12     0.1          136.8             0.0895              0.728113                     0.0624351
6     12     0.1          136.8             0.0905              0.262335                     0.0374764
6     12     0.1          136.8             0.0915              0.0535377                     0.0169301
6     12     0.1          136.8             0.0925              0                     0
6     12     0.1          136.8             0.0935              0                     0
6     12     0.1          136.8             0.0945              0                     0
6     12     0.1          136.8             0.0955              0                     0
6     12     0.1          136.8             0.0965              0                     0
6     12     0.1          136.8             0.0975              0                     0
6     12     0.1          136.8             0.0985              0                     0
*******************************************************************************************************
 Average angle 138.194 +- 0.491907 deg 
 Average E' 0.0442527 +- 0.000157519 GeV 
