*******************************************************************************************************
Z     A     E(GeV)     Theta(deg)     Energy Loss(GeV)     Sigma(nb/sr/GeV)     ERROR     Citation     
*******************************************************************************************************
6     12     0.24          82             0.0012              0                     0
6     12     0.24          82             0.0036              0                     0
6     12     0.24          82             0.006              0                     0
6     12     0.24          82             0.0084              0                     0
6     12     0.24          82             0.0108              0                     0
6     12     0.24          82             0.0132              0                     0
6     12     0.24          82             0.0156              0                     0
6     12     0.24          82             0.018              0                     0
6     12     0.24          82             0.0204              0                     0
6     12     0.24          82             0.0228              0                     0
6     12     0.24          82             0.0252              0                     0
6     12     0.24          82             0.0276              0                     0
6     12     0.24          82             0.03              0.104735                     0.0151172
6     12     0.24          82             0.0324              0.600045                     0.0361841
6     12     0.24          82             0.0348              1.72813                     0.0614064
6     12     0.24          82             0.0372              3.05696                     0.0816714
6     12     0.24          82             0.0396              4.39451                     0.0979221
6     12     0.24          82             0.042              6.01136                     0.114528
6     12     0.24          82             0.0444              7.51911                     0.128088
6     12     0.24          82             0.0468              9.2996                     0.142448
6     12     0.24          82             0.0492              10.995                     0.15489
6     12     0.24          82             0.0516              12.6162                     0.165917
6     12     0.24          82             0.054              13.8119                     0.173601
6     12     0.24          82             0.0564              15.4288                     0.183481
6     12     0.24          82             0.0588              15.7866                     0.185597
6     12     0.24          82             0.0612              15.6404                     0.184735
6     12     0.24          82             0.0636              15.9481                     0.186543
6     12     0.24          82             0.066              15.3721                     0.183143
6     12     0.24          82             0.0684              14.8484                     0.179997
6     12     0.24          82             0.0708              14.3203                     0.176767
6     12     0.24          82             0.0732              13.7967                     0.173505
6     12     0.24          82             0.0756              13.3908                     0.170934
6     12     0.24          82             0.078              12.7079                     0.166518
6     12     0.24          82             0.0804              12.1231                     0.162642
6     12     0.24          82             0.0828              11.7194                     0.159911
6     12     0.24          82             0.0852              10.8226                     0.153671
6     12     0.24          82             0.0876              10.3055                     0.149955
6     12     0.24          82             0.09              9.68581                     0.145376
6     12     0.24          82             0.0924              9.31488                     0.142565
6     12     0.24          82             0.0948              8.46609                     0.135915
6     12     0.24          82             0.0972              8.01878                     0.132276
6     12     0.24          82             0.0996              7.47983                     0.127753
6     12     0.24          82             0.102              6.84706                     0.12223
6     12     0.24          82             0.1044              6.37357                     0.117928
6     12     0.24          82             0.1068              5.85644                     0.113043
6     12     0.24          82             0.1092              5.55532                     0.110098
6     12     0.24          82             0.1116              4.87236                     0.103109
6     12     0.24          82             0.114              4.30941                     0.0969694
6     12     0.24          82             0.1164              3.90356                     0.0922903
6     12     0.24          82             0.1188              3.57409                     0.0883096
6     12     0.24          82             0.1212              2.93913                     0.080082
6     12     0.24          82             0.1236              2.72966                     0.0771755
6     12     0.24          82             0.126              2.37181                     0.0719392
6     12     0.24          82             0.1284              1.97469                     0.065641
6     12     0.24          82             0.1308              1.79577                     0.0625966
6     12     0.24          82             0.1332              1.35937                     0.0544622
6     12     0.24          82             0.1356              1.19791                     0.0511255
6     12     0.24          82             0.138              0.981892                     0.0462868
6     12     0.24          82             0.1404              0.774603                     0.0411117
6     12     0.24          82             0.1428              0.621865                     0.0368361
6     12     0.24          82             0.1452              0.493128                     0.0328024
6     12     0.24          82             0.1476              0.436396                     0.0308579
6     12     0.24          82             0.15              0.434214                     0.0307806
6     12     0.24          82             0.1524              0.45167                     0.0313932
6     12     0.24          82             0.1548              0.521493                     0.0337326
6     12     0.24          82             0.1572              0.519312                     0.033662
6     12     0.24          82             0.1596              0.593499                     0.0359862
6     12     0.24          82             0.162              0.685142                     0.0386648
6     12     0.24          82             0.1644              0.724418                     0.0397576
6     12     0.24          82             0.1668              0.785513                     0.0414002
6     12     0.24          82             0.1692              0.894612                     0.0441818
6     12     0.24          82             0.1716              0.920796                     0.0448237
6     12     0.24          82             0.174              1.11281                     0.0492761
6     12     0.24          82             0.1764              1.13681                     0.0498046
6     12     0.24          82             0.1788              1.22846                     0.0517732
6     12     0.24          82             0.1812              1.28955                     0.053045
6     12     0.24          82             0.1836              1.29828                     0.0532242
6     12     0.24          82             0.186              1.47502                     0.0567315
6     12     0.24          82             0.1884              1.42483                     0.0557581
6     12     0.24          82             0.1908              1.55793                     0.0583042
6     12     0.24          82             0.1932              1.55793                     0.0583042
6     12     0.24          82             0.1956              1.61685                     0.0593964
6     12     0.24          82             0.198              1.59285                     0.0589539
6     12     0.24          82             0.2004              1.41611                     0.055587
6     12     0.24          82             0.2028              1.47284                     0.0566895
6     12     0.24          82             0.2052              1.45538                     0.0563526
6     12     0.24          82             0.2076              1.38774                     0.0550275
6     12     0.24          82             0.21              1.31792                     0.0536253
6     12     0.24          82             0.2124              1.29173                     0.0530899
6     12     0.24          82             0.2148              1.09099                     0.0487906
6     12     0.24          82             0.2172              0.218198                     0.0218198
6     12     0.24          82             0.2196              0.0829153                     0.0134506
6     12     0.24          82             0.222              0.0763693                     0.0129088
6     12     0.24          82             0.2244              0.0894612                     0.0139715
6     12     0.24          82             0.2268              0.0894612                     0.0139715
6     12     0.24          82             0.2292              0.104735                     0.0151172
6     12     0.24          82             0.2316              0.115645                     0.0158851
6     12     0.24          82             0.234              0.126555                     0.0166175
6     12     0.24          82             0.2364              0.139647                     0.0174558
*******************************************************************************************************
 Average angle 82.5756 +- 0.193691 deg 
 Average E' 0.154514 +- 0.000362432 GeV 
