*******************************************************************************************************
Z     A     E(GeV)     Theta(deg)     Energy Loss(GeV)     Sigma(nb/sr/GeV)     ERROR     Citation     
*******************************************************************************************************
6     12     0.16          140             0.0008              0                     0
6     12     0.16          140             0.0024              0                     0
6     12     0.16          140             0.004              0                     0
6     12     0.16          140             0.0056              0.00473924                     0.00473924
6     12     0.16          140             0.0072              0                     0
6     12     0.16          140             0.0088              0                     0
6     12     0.16          140             0.0104              0                     0
6     12     0.16          140             0.012              0                     0
6     12     0.16          140             0.0136              0                     0
6     12     0.16          140             0.0152              0                     0
6     12     0.16          140             0.0168              0                     0
6     12     0.16          140             0.0184              0                     0
6     12     0.16          140             0.02              0                     0
6     12     0.16          140             0.0216              0                     0
6     12     0.16          140             0.0232              0                     0
6     12     0.16          140             0.0248              0                     0
6     12     0.16          140             0.0264              0                     0
6     12     0.16          140             0.028              0.0236962                     0.0105973
6     12     0.16          140             0.0296              0.0758279                     0.018957
6     12     0.16          140             0.0312              0.255919                     0.0348262
6     12     0.16          140             0.0328              0.369661                     0.0418559
6     12     0.16          140             0.0344              0.635059                     0.0548607
6     12     0.16          140             0.036              0.881499                     0.0646347
6     12     0.16          140             0.0376              1.20377                     0.0755311
6     12     0.16          140             0.0392              1.46917                     0.083443
6     12     0.16          140             0.0408              1.95257                     0.0961961
6     12     0.16          140             0.0424              2.03314                     0.0981607
6     12     0.16          140             0.044              2.39332                     0.106501
6     12     0.16          140             0.0456              2.6445                     0.111951
6     12     0.16          140             0.0472              2.8862                     0.116955
6     12     0.16          140             0.0488              3.13264                     0.121846
6     12     0.16          140             0.0504              3.20373                     0.12322
6     12     0.16          140             0.052              3.744                     0.133206
6     12     0.16          140             0.0536              3.68239                     0.132105
6     12     0.16          140             0.0552              4.01414                     0.137927
6     12     0.16          140             0.0568              3.98096                     0.137356
6     12     0.16          140             0.0584              3.96201                     0.137029
6     12     0.16          140             0.06              4.12314                     0.139788
6     12     0.16          140             0.0616              3.83879                     0.134881
6     12     0.16          140             0.0632              4.08049                     0.139063
6     12     0.16          140             0.0648              3.79139                     0.134046
6     12     0.16          140             0.0664              3.90514                     0.136042
6     12     0.16          140             0.068              3.35064                     0.126014
6     12     0.16          140             0.0696              3.48334                     0.128485
6     12     0.16          140             0.0712              3.56865                     0.130049
6     12     0.16          140             0.0728              3.34591                     0.125925
6     12     0.16          140             0.0744              3.22269                     0.123584
6     12     0.16          140             0.076              2.97624                     0.118765
6     12     0.16          140             0.0776              3.32695                     0.125568
6     12     0.16          140             0.0792              2.96677                     0.118576
6     12     0.16          140             0.0808              2.81985                     0.115603
6     12     0.16          140             0.0824              2.73928                     0.113939
6     12     0.16          140             0.084              2.68715                     0.11285
6     12     0.16          140             0.0856              2.52128                     0.109311
6     12     0.16          140             0.0872              2.53076                     0.109517
6     12     0.16          140             0.0888              2.12318                     0.100311
6     12     0.16          140             0.0904              2.27484                     0.103832
6     12     0.16          140             0.092              2.03314                     0.0981607
6     12     0.16          140             0.0936              1.90518                     0.0950215
6     12     0.16          140             0.0952              1.83883                     0.0933523
6     12     0.16          140             0.0968              1.73456                     0.0906671
6     12     0.16          140             0.0984              1.654                     0.0885364
6     12     0.16          140             0.1              1.74404                     0.0909144
6     12     0.16          140             0.1016              1.57817                     0.0864831
6     12     0.16          140             0.1032              1.44073                     0.0826315
6     12     0.16          140             0.1048              1.20851                     0.0756796
6     12     0.16          140             0.1064              1.2322                     0.076418
6     12     0.16          140             0.108              1.1232                     0.0729597
6     12     0.16          140             0.1096              1.06633                     0.0710886
6     12     0.16          140             0.1112              1.03315                     0.0699741
6     12     0.16          140             0.1128              0.947849                     0.067023
6     12     0.16          140             0.1144              0.87676                     0.0644607
6     12     0.16          140             0.116              0.691929                     0.0572645
6     12     0.16          140             0.1176              0.658755                     0.0558748
6     12     0.16          140             0.1192              0.606623                     0.0536184
6     12     0.16          140             0.1208              0.611362                     0.0538274
6     12     0.16          140             0.1224              0.516577                     0.0494791
6     12     0.16          140             0.124              0.431271                     0.0452095
6     12     0.16          140             0.1256              0.492881                     0.048331
6     12     0.16          140             0.1272              0.49762                     0.0485628
6     12     0.16          140             0.1288              0.469185                     0.0471549
6     12     0.16          140             0.1304              0.402836                     0.0436937
6     12     0.16          140             0.132              0.44075                     0.0457036
6     12     0.16          140             0.1336              0.464446                     0.0469161
6     12     0.16          140             0.1352              0.407575                     0.0439499
6     12     0.16          140             0.1368              0.402836                     0.0436937
6     12     0.16          140             0.1384              0.3744                     0.0421233
6     12     0.16          140             0.14              0.279615                     0.0364028
6     12     0.16          140             0.1416              0.289094                     0.0370147
6     12     0.16          140             0.1432              0.00473924                     0.00473924
6     12     0.16          140             0.1448              0                     0
6     12     0.16          140             0.1464              0                     0
6     12     0.16          140             0.148              0                     0
6     12     0.16          140             0.1496              0                     0
6     12     0.16          140             0.1512              0                     0
6     12     0.16          140             0.1528              0                     0
6     12     0.16          140             0.1544              0                     0
6     12     0.16          140             0.156              0                     0
6     12     0.16          140             0.1576              0                     0
*******************************************************************************************************
 Average angle 141.194 +- 0.834462 deg 
 Average E' 0.0865132 +- 0.000511295 GeV 
