*******************************************************************************************************
Z     A     E(GeV)     Theta(deg)     Energy Loss(GeV)     Sigma(nb/sr/GeV)     ERROR     Citation     
*******************************************************************************************************
6     12     0.2          73.6             0.001              0                     0
6     12     0.2          73.6             0.003              0                     0
6     12     0.2          73.6             0.005              0                     0
6     12     0.2          73.6             0.007              0                     0
6     12     0.2          73.6             0.009              0                     0
6     12     0.2          73.6             0.011              0                     0
6     12     0.2          73.6             0.013              0                     0
6     12     0.2          73.6             0.015              0                     0
6     12     0.2          73.6             0.017              0                     0
6     12     0.2          73.6             0.019              0                     0
6     12     0.2          73.6             0.021              0                     0
6     12     0.2          73.6             0.023              0.00504477                     0.00356719
6     12     0.2          73.6             0.025              0.756716                     0.043689
6     12     0.2          73.6             0.027              3.20847                     0.0899612
6     12     0.2          73.6             0.029              6.66162                     0.129627
6     12     0.2          73.6             0.031              10.2812                     0.161038
6     12     0.2          73.6             0.033              14.2036                     0.18928
6     12     0.2          73.6             0.035              18.484                     0.215926
6     12     0.2          73.6             0.037              22.2348                     0.236822
6     12     0.2          73.6             0.039              26.3892                     0.257999
6     12     0.2          73.6             0.041              29.4312                     0.272464
6     12     0.2          73.6             0.043              31.3079                     0.281017
6     12     0.2          73.6             0.045              33.0458                     0.288711
6     12     0.2          73.6             0.047              34.6677                     0.295711
6     12     0.2          73.6             0.049              34.6954                     0.29583
6     12     0.2          73.6             0.051              35.9036                     0.300937
6     12     0.2          73.6             0.053              37.8812                     0.309113
6     12     0.2          73.6             0.055              38.6429                     0.312206
6     12     0.2          73.6             0.057              38.8145                     0.312898
6     12     0.2          73.6             0.059              36.9656                     0.305355
6     12     0.2          73.6             0.061              35.9062                     0.300947
6     12     0.2          73.6             0.063              34.2111                     0.293758
6     12     0.2          73.6             0.065              32.3874                     0.285821
6     12     0.2          73.6             0.067              30.2812                     0.276371
6     12     0.2          73.6             0.069              29.1008                     0.270931
6     12     0.2          73.6             0.071              27.0829                     0.261368
6     12     0.2          73.6             0.073              26.1925                     0.257036
6     12     0.2          73.6             0.075              24.0383                     0.24624
6     12     0.2          73.6             0.077              22.6308                     0.238922
6     12     0.2          73.6             0.079              21.3646                     0.232142
6     12     0.2          73.6             0.081              19.8814                     0.223939
6     12     0.2          73.6             0.083              18.6303                     0.216778
6     12     0.2          73.6             0.085              17.2708                     0.208719
6     12     0.2          73.6             0.087              15.6035                     0.198388
6     12     0.2          73.6             0.089              14.6904                     0.192496
6     12     0.2          73.6             0.091              13.0407                     0.181366
6     12     0.2          73.6             0.093              12.2588                     0.175845
6     12     0.2          73.6             0.095              10.6445                     0.163858
6     12     0.2          73.6             0.097              9.75407                     0.156855
6     12     0.2          73.6             0.099              9.02005                     0.150838
6     12     0.2          73.6             0.101              7.77399                     0.140032
6     12     0.2          73.6             0.103              7.06772                     0.13352
6     12     0.2          73.6             0.105              5.81914                     0.121153
6     12     0.2          73.6             0.107              5.07756                     0.113171
6     12     0.2          73.6             0.109              4.45706                     0.10603
6     12     0.2          73.6             0.111              3.71547                     0.0968084
6     12     0.2          73.6             0.113              2.93858                     0.0860943
6     12     0.2          73.6             0.115              2.50221                     0.0794451
6     12     0.2          73.6             0.117              1.82873                     0.0679173
6     12     0.2          73.6             0.119              1.49577                     0.0614241
6     12     0.2          73.6             0.121              1.20822                     0.0552051
6     12     0.2          73.6             0.123              0.988775                     0.0499407
6     12     0.2          73.6             0.125              0.76176                     0.0438344
6     12     0.2          73.6             0.127              0.794552                     0.0447679
6     12     0.2          73.6             0.129              0.797074                     0.0448389
6     12     0.2          73.6             0.131              0.885357                     0.0472569
6     12     0.2          73.6             0.133              0.94085                     0.0487154
6     12     0.2          73.6             0.135              1.05183                     0.0515086
6     12     0.2          73.6             0.137              1.09219                     0.0524874
6     12     0.2          73.6             0.139              1.21075                     0.0552627
6     12     0.2          73.6             0.141              1.16534                     0.0542166
6     12     0.2          73.6             0.143              1.22083                     0.0554925
6     12     0.2          73.6             0.145              1.29146                     0.0570751
6     12     0.2          73.6             0.147              1.2057                     0.0551475
6     12     0.2          73.6             0.149              1.21579                     0.0553777
6     12     0.2          73.6             0.151              1.183                     0.0546258
6     12     0.2          73.6             0.153              1.17291                     0.0543924
6     12     0.2          73.6             0.155              1.2511                     0.0561762
6     12     0.2          73.6             0.157              1.22083                     0.0554925
6     12     0.2          73.6             0.159              1.25363                     0.0562328
6     12     0.2          73.6             0.161              1.06192                     0.051755
6     12     0.2          73.6             0.163              1.16786                     0.0542753
6     12     0.2          73.6             0.165              0.875268                     0.0469868
6     12     0.2          73.6             0.167              0.0454029                     0.0107016
6     12     0.2          73.6             0.169              0.0100895                     0.00504477
6     12     0.2          73.6             0.171              0.0227015                     0.00756716
6     12     0.2          73.6             0.173              0.0151343                     0.00617856
6     12     0.2          73.6             0.175              0.0252239                     0.00797648
6     12     0.2          73.6             0.177              0.0227015                     0.00756716
6     12     0.2          73.6             0.179              0.0353134                     0.0094379
6     12     0.2          73.6             0.181              0.032791                     0.00909459
6     12     0.2          73.6             0.183              0.0378358                     0.00976916
6     12     0.2          73.6             0.185              0.0353134                     0.0094379
6     12     0.2          73.6             0.187              0.0554925                     0.011831
6     12     0.2          73.6             0.189              0.0756716                     0.0138157
6     12     0.2          73.6             0.191              0.0706268                     0.0133472
6     12     0.2          73.6             0.193              0.0807163                     0.0142688
6     12     0.2          73.6             0.195              0.123597                     0.0176567
6     12     0.2          73.6             0.197              0.0353134                     0.0094379
*******************************************************************************************************
 Average angle 74.1731 +- 0.121118 deg 
 Average E' 0.134833 +- 0.000220171 GeV 
