*******************************************************************************************************
Z     A     E(GeV)     Theta(deg)     Energy Loss(GeV)     Sigma(nb/sr/GeV)     ERROR     Citation     
*******************************************************************************************************
6     12     0.16          162.4             0.0008              0                     0
6     12     0.16          162.4             0.0024              0                     0
6     12     0.16          162.4             0.004              0                     0
6     12     0.16          162.4             0.0056              0                     0
6     12     0.16          162.4             0.0072              0                     0
6     12     0.16          162.4             0.0088              0                     0
6     12     0.16          162.4             0.0104              0                     0
6     12     0.16          162.4             0.012              0                     0
6     12     0.16          162.4             0.0136              0                     0
6     12     0.16          162.4             0.0152              0                     0
6     12     0.16          162.4             0.0168              0                     0
6     12     0.16          162.4             0.0184              0                     0
6     12     0.16          162.4             0.02              0                     0
6     12     0.16          162.4             0.0216              0                     0
6     12     0.16          162.4             0.0232              0                     0
6     12     0.16          162.4             0.0248              0                     0
6     12     0.16          162.4             0.0264              0                     0
6     12     0.16          162.4             0.028              0                     0
6     12     0.16          162.4             0.0296              0.0201497                     0.014248
6     12     0.16          162.4             0.0312              0.100748                     0.0318594
6     12     0.16          162.4             0.0328              0.211572                     0.0461687
6     12     0.16          162.4             0.0344              0.29217                     0.0542546
6     12     0.16          162.4             0.036              0.554116                     0.074717
6     12     0.16          162.4             0.0376              0.705238                     0.0842921
6     12     0.16          162.4             0.0392              0.987334                     0.0997358
6     12     0.16          162.4             0.0408              1.22913                     0.11128
6     12     0.16          162.4             0.0424              1.46085                     0.121317
6     12     0.16          162.4             0.044              1.2795                     0.113538
6     12     0.16          162.4             0.0456              1.71272                     0.13136
6     12     0.16          162.4             0.0472              1.87392                     0.137402
6     12     0.16          162.4             0.0488              2.10564                     0.14565
6     12     0.16          162.4             0.0504              2.27691                     0.151458
6     12     0.16          162.4             0.052              2.56908                     0.160882
6     12     0.16          162.4             0.0536              2.7605                     0.166768
6     12     0.16          162.4             0.0552              2.90155                     0.170976
6     12     0.16          162.4             0.0568              3.0023                     0.173919
6     12     0.16          162.4             0.0584              3.0426                     0.175082
6     12     0.16          162.4             0.06              3.03253                     0.174792
6     12     0.16          162.4             0.0616              3.0426                     0.175082
6     12     0.16          162.4             0.0632              3.0023                     0.173919
6     12     0.16          162.4             0.0648              2.64968                     0.163386
6     12     0.16          162.4             0.0664              2.71013                     0.16524
6     12     0.16          162.4             0.068              2.57916                     0.161197
6     12     0.16          162.4             0.0696              2.75043                     0.166464
6     12     0.16          162.4             0.0712              2.53886                     0.159933
6     12     0.16          162.4             0.0728              2.47841                     0.158018
6     12     0.16          162.4             0.0744              2.43811                     0.156728
6     12     0.16          162.4             0.076              2.62953                     0.162764
6     12     0.16          162.4             0.0776              2.38774                     0.1551
6     12     0.16          162.4             0.0792              1.95452                     0.140326
6     12     0.16          162.4             0.0808              2.07542                     0.144601
6     12     0.16          162.4             0.0824              2.11572                     0.145998
6     12     0.16          162.4             0.084              2.10564                     0.14565
6     12     0.16          162.4             0.0856              1.90414                     0.138506
6     12     0.16          162.4             0.0872              1.84369                     0.13629
6     12     0.16          162.4             0.0888              1.81347                     0.135168
6     12     0.16          162.4             0.0904              1.63212                     0.128232
6     12     0.16          162.4             0.092              1.82354                     0.135543
6     12     0.16          162.4             0.0936              1.65227                     0.129021
6     12     0.16          162.4             0.0952              1.51123                     0.123391
6     12     0.16          162.4             0.0968              1.53137                     0.124211
6     12     0.16          162.4             0.0984              1.4407                     0.120477
6     12     0.16          162.4             0.1              1.481                     0.122151
6     12     0.16          162.4             0.1016              1.51123                     0.123391
6     12     0.16          162.4             0.1032              1.20898                     0.110364
6     12     0.16          162.4             0.1048              1.20898                     0.110364
6     12     0.16          162.4             0.1064              1.09816                     0.105184
6     12     0.16          162.4             0.108              0.997409                     0.100243
6     12     0.16          162.4             0.1096              1.04778                     0.102744
6     12     0.16          162.4             0.1112              0.866436                     0.0934302
6     12     0.16          162.4             0.1128              0.886585                     0.0945103
6     12     0.16          162.4             0.1144              0.795912                     0.0895471
6     12     0.16          162.4             0.116              0.685089                     0.0830792
6     12     0.16          162.4             0.1176              0.856361                     0.0928854
6     12     0.16          162.4             0.1192              0.554116                     0.074717
6     12     0.16          162.4             0.1208              0.594415                     0.0773863
6     12     0.16          162.4             0.1224              0.433218                     0.0660651
6     12     0.16          162.4             0.124              0.483592                     0.0698005
6     12     0.16          162.4             0.1256              0.352619                     0.0596035
6     12     0.16          162.4             0.1272              0.533966                     0.0733459
6     12     0.16          162.4             0.1288              0.413068                     0.0645104
6     12     0.16          162.4             0.1304              0.443293                     0.0668289
6     12     0.16          162.4             0.132              0.352619                     0.0596035
6     12     0.16          162.4             0.1336              0.31232                     0.0560943
6     12     0.16          162.4             0.1352              0.352619                     0.0596035
6     12     0.16          162.4             0.1368              0.423143                     0.0652924
6     12     0.16          162.4             0.1384              0.322395                     0.0569919
6     12     0.16          162.4             0.14              0.302245                     0.0551821
6     12     0.16          162.4             0.1416              0.251871                     0.0503742
6     12     0.16          162.4             0.1432              0.29217                     0.0542546
6     12     0.16          162.4             0.1448              0                     0
6     12     0.16          162.4             0.1464              0                     0
6     12     0.16          162.4             0.148              0                     0
6     12     0.16          162.4             0.1496              0                     0
6     12     0.16          162.4             0.1512              0                     0
6     12     0.16          162.4             0.1528              0                     0
6     12     0.16          162.4             0.1544              0                     0
6     12     0.16          162.4             0.156              0                     0
6     12     0.16          162.4             0.1576              0                     0
*******************************************************************************************************
 Average angle 163.589 +- 1.61173 deg 
 Average E' 0.0838027 +- 0.000825653 GeV 
