*******************************************************************************************************
Z     A     E(GeV)     Theta(deg)     Energy Loss(GeV)     Sigma(nb/sr/GeV)     ERROR     Citation     
*******************************************************************************************************
6     12     0.24          118.4             0.0012              0                     0
6     12     0.24          118.4             0.0036              0                     0
6     12     0.24          118.4             0.006              0                     0
6     12     0.24          118.4             0.0084              0                     0
6     12     0.24          118.4             0.0108              0                     0
6     12     0.24          118.4             0.0132              0                     0
6     12     0.24          118.4             0.0156              0                     0
6     12     0.24          118.4             0.018              0                     0
6     12     0.24          118.4             0.0204              0                     0
6     12     0.24          118.4             0.0228              0                     0
6     12     0.24          118.4             0.0252              0                     0
6     12     0.24          118.4             0.0276              0                     0
6     12     0.24          118.4             0.03              0                     0
6     12     0.24          118.4             0.0324              0                     0
6     12     0.24          118.4             0.0348              0.00245637                     0.00245637
6     12     0.24          118.4             0.0372              0                     0
6     12     0.24          118.4             0.0396              0.0564966                     0.0117804
6     12     0.24          118.4             0.042              0.211248                     0.0227795
6     12     0.24          118.4             0.0444              0.390564                     0.0309737
6     12     0.24          118.4             0.0468              0.58953                     0.038054
6     12     0.24          118.4             0.0492              0.859731                     0.0459546
6     12     0.24          118.4             0.0516              1.25521                     0.0555271
6     12     0.24          118.4             0.054              1.77105                     0.0659572
6     12     0.24          118.4             0.0564              1.97738                     0.0696935
6     12     0.24          118.4             0.0588              2.46129                     0.077755
6     12     0.24          118.4             0.0612              2.45146                     0.0775997
6     12     0.24          118.4             0.0636              2.69464                     0.0813576
6     12     0.24          118.4             0.066              3.0459                     0.0864979
6     12     0.24          118.4             0.0684              3.09012                     0.0871234
6     12     0.24          118.4             0.0708              3.29645                     0.0899851
6     12     0.24          118.4             0.0732              3.55683                     0.0934714
6     12     0.24          118.4             0.0756              3.76317                     0.0961444
6     12     0.24          118.4             0.078              3.63789                     0.0945305
6     12     0.24          118.4             0.0804              3.87616                     0.0975771
6     12     0.24          118.4             0.0828              3.6428                     0.0945943
6     12     0.24          118.4             0.0852              3.77053                     0.0962385
6     12     0.24          118.4             0.0876              3.7558                     0.0960502
6     12     0.24          118.4             0.09              3.55437                     0.0934391
6     12     0.24          118.4             0.0924              3.45121                     0.0920731
6     12     0.24          118.4             0.0948              3.37751                     0.0910848
6     12     0.24          118.4             0.0972              3.28909                     0.0898845
6     12     0.24          118.4             0.0996              3.05327                     0.0866024
6     12     0.24          118.4             0.102              3.04099                     0.0864281
6     12     0.24          118.4             0.1044              2.8715                     0.083985
6     12     0.24          118.4             0.1068              2.64552                     0.0806125
6     12     0.24          118.4             0.1092              2.67254                     0.0810231
6     12     0.24          118.4             0.1116              2.38268                     0.0765033
6     12     0.24          118.4             0.114              2.39251                     0.0766609
6     12     0.24          118.4             0.1164              2.12231                     0.0722024
6     12     0.24          118.4             0.1188              2.01914                     0.0704256
6     12     0.24          118.4             0.1212              1.96019                     0.0693899
6     12     0.24          118.4             0.1236              1.94299                     0.0690848
6     12     0.24          118.4             0.126              1.57208                     0.0621419
6     12     0.24          118.4             0.1284              1.43698                     0.0594118
6     12     0.24          118.4             0.1308              1.43698                     0.0594118
6     12     0.24          118.4             0.1332              1.35838                     0.057764
6     12     0.24          118.4             0.1356              1.23064                     0.0549811
6     12     0.24          118.4             0.138              1.11519                     0.0523386
6     12     0.24          118.4             0.1404              0.960442                     0.0485717
6     12     0.24          118.4             0.1428              0.935879                     0.0479465
6     12     0.24          118.4             0.1452              0.778671                     0.0437345
6     12     0.24          118.4             0.1476              0.682872                     0.0409559
6     12     0.24          118.4             0.15              0.594443                     0.0382122
6     12     0.24          118.4             0.1524              0.611637                     0.0387609
6     12     0.24          118.4             0.1548              0.574792                     0.0375753
6     12     0.24          118.4             0.1572              0.560053                     0.0370904
6     12     0.24          118.4             0.1596              0.471624                     0.0340365
6     12     0.24          118.4             0.162              0.506013                     0.0352556
6     12     0.24          118.4             0.1644              0.459342                     0.0335904
6     12     0.24          118.4             0.1668              0.503557                     0.0351699
6     12     0.24          118.4             0.1692              0.530577                     0.0361012
6     12     0.24          118.4             0.1716              0.552684                     0.0368456
6     12     0.24          118.4             0.174              0.609181                     0.038683
6     12     0.24          118.4             0.1764              0.746738                     0.0428284
6     12     0.24          118.4             0.1788              0.822885                     0.044959
6     12     0.24          118.4             0.1812              0.820429                     0.0448919
6     12     0.24          118.4             0.1836              0.854818                     0.0458231
6     12     0.24          118.4             0.186              1.00957                     0.0497984
6     12     0.24          118.4             0.1884              1.11519                     0.0523386
6     12     0.24          118.4             0.1908              1.0808                     0.0515253
6     12     0.24          118.4             0.1932              1.21345                     0.0545957
6     12     0.24          118.4             0.1956              1.23064                     0.0549811
6     12     0.24          118.4             0.198              1.2896                     0.0562826
6     12     0.24          118.4             0.2004              1.21345                     0.0545957
6     12     0.24          118.4             0.2028              1.31662                     0.0568692
6     12     0.24          118.4             0.2052              1.23064                     0.0549811
6     12     0.24          118.4             0.2076              1.26995                     0.0558521
6     12     0.24          118.4             0.21              1.39276                     0.0584906
6     12     0.24          118.4             0.2124              1.21099                     0.0545404
6     12     0.24          118.4             0.2148              1.0194                     0.0500402
6     12     0.24          118.4             0.2172              0.945704                     0.0481975
6     12     0.24          118.4             0.2196              0.899033                     0.0469932
6     12     0.24          118.4             0.222              0.847449                     0.0456251
6     12     0.24          118.4             0.2244              0.754107                     0.0430392
6     12     0.24          118.4             0.2268              0.154752                     0.0194969
6     12     0.24          118.4             0.2292              0.0540402                     0.0115214
6     12     0.24          118.4             0.2316              0.0859731                     0.0145321
6     12     0.24          118.4             0.234              0.0908859                     0.0149415
6     12     0.24          118.4             0.2364              0.0761476                     0.0136765
*******************************************************************************************************
 Average angle 118.979 +- 0.51484 deg 
 Average E' 0.126007 +- 0.000545252 GeV 
