*******************************************************************************************************
Z     A     E(GeV)     Theta(deg)     Energy Loss(GeV)     Sigma(nb/sr/GeV)     ERROR     Citation     
*******************************************************************************************************
6     12     0.16          138.4             0.0008              0                     0
6     12     0.16          138.4             0.0024              0                     0
6     12     0.16          138.4             0.004              0                     0
6     12     0.16          138.4             0.0056              0                     0
6     12     0.16          138.4             0.0072              0                     0
6     12     0.16          138.4             0.0088              0                     0
6     12     0.16          138.4             0.0104              0                     0
6     12     0.16          138.4             0.012              0                     0
6     12     0.16          138.4             0.0136              0                     0
6     12     0.16          138.4             0.0152              0                     0
6     12     0.16          138.4             0.0168              0                     0
6     12     0.16          138.4             0.0184              0                     0
6     12     0.16          138.4             0.02              0                     0
6     12     0.16          138.4             0.0216              0                     0
6     12     0.16          138.4             0.0232              0                     0
6     12     0.16          138.4             0.0248              0                     0
6     12     0.16          138.4             0.0264              0                     0
6     12     0.16          138.4             0.028              0.0275301                     0.0112391
6     12     0.16          138.4             0.0296              0.123885                     0.0238418
6     12     0.16          138.4             0.0312              0.289066                     0.0364189
6     12     0.16          138.4             0.0328              0.36248                     0.0407822
6     12     0.16          138.4             0.0344              0.747901                     0.0585801
6     12     0.16          138.4             0.036              0.899317                     0.0642369
6     12     0.16          138.4             0.0376              1.29391                     0.0770515
6     12     0.16          138.4             0.0392              1.45451                     0.0816933
6     12     0.16          138.4             0.0408              1.79863                     0.0908447
6     12     0.16          138.4             0.0424              2.14276                     0.0991551
6     12     0.16          138.4             0.044              2.50524                     0.107214
6     12     0.16          138.4             0.0456              2.72089                     0.111734
6     12     0.16          138.4             0.0472              3.05584                     0.118411
6     12     0.16          138.4             0.0488              3.34491                     0.123885
6     12     0.16          138.4             0.0504              3.35408                     0.124055
6     12     0.16          138.4             0.052              3.69362                     0.130183
6     12     0.16          138.4             0.0536              3.95057                     0.134635
6     12     0.16          138.4             0.0552              4.18458                     0.138565
6     12     0.16          138.4             0.0568              4.21211                     0.13902
6     12     0.16          138.4             0.0584              4.20293                     0.138869
6     12     0.16          138.4             0.06              4.15246                     0.138032
6     12     0.16          138.4             0.0616              4.00563                     0.13557
6     12     0.16          138.4             0.0632              3.69362                     0.130183
6     12     0.16          138.4             0.0648              3.80374                     0.132109
6     12     0.16          138.4             0.0664              3.63856                     0.129209
6     12     0.16          138.4             0.068              3.62021                     0.128883
6     12     0.16          138.4             0.0696              3.3862                     0.124648
6     12     0.16          138.4             0.0712              3.28526                     0.122776
6     12     0.16          138.4             0.0728              3.20726                     0.12131
6     12     0.16          138.4             0.0744              3.1889                     0.120962
6     12     0.16          138.4             0.076              3.20726                     0.12131
6     12     0.16          138.4             0.0776              3.10173                     0.119297
6     12     0.16          138.4             0.0792              3.00537                     0.11743
6     12     0.16          138.4             0.0808              3.06502                     0.118589
6     12     0.16          138.4             0.0824              2.62913                     0.109833
6     12     0.16          138.4             0.084              2.441                     0.105831
6     12     0.16          138.4             0.0856              2.50065                     0.107116
6     12     0.16          138.4             0.0872              2.45018                     0.10603
6     12     0.16          138.4             0.0888              2.25288                     0.101671
6     12     0.16          138.4             0.0904              2.285                     0.102393
6     12     0.16          138.4             0.092              2.207                     0.10063
6     12     0.16          138.4             0.0936              2.12441                     0.0987295
6     12     0.16          138.4             0.0952              1.94546                     0.0944799
6     12     0.16          138.4             0.0968              1.87205                     0.0926801
6     12     0.16          138.4             0.0984              1.68392                     0.0879002
6     12     0.16          138.4             0.1              1.64263                     0.0868157
6     12     0.16          138.4             0.1016              1.62886                     0.0864512
6     12     0.16          138.4             0.1032              1.48204                     0.0824628
6     12     0.16          138.4             0.1048              1.41321                     0.0805252
6     12     0.16          138.4             0.1064              1.30309                     0.0773243
6     12     0.16          138.4             0.108              1.21591                     0.0746929
6     12     0.16          138.4             0.1096              1.22509                     0.0749743
6     12     0.16          138.4             0.1112              1.07826                     0.0703381
6     12     0.16          138.4             0.1128              0.958965                     0.066333
6     12     0.16          138.4             0.1144              0.839668                     0.0620701
6     12     0.16          138.4             0.116              0.830492                     0.0617299
6     12     0.16          138.4             0.1176              0.624016                     0.0535089
6     12     0.16          138.4             0.1192              0.697429                     0.056569
6     12     0.16          138.4             0.1208              0.477188                     0.0467922
6     12     0.16          138.4             0.1224              0.50013                     0.0479038
6     12     0.16          138.4             0.124              0.50013                     0.0479038
6     12     0.16          138.4             0.1256              0.440482                     0.0449565
6     12     0.16          138.4             0.1272              0.486365                     0.04724
6     12     0.16          138.4             0.1288              0.394598                     0.0425506
6     12     0.16          138.4             0.1304              0.385421                     0.0420529
6     12     0.16          138.4             0.132              0.412952                     0.0435289
6     12     0.16          138.4             0.1336              0.380833                     0.0418019
6     12     0.16          138.4             0.1352              0.348715                     0.0400003
6     12     0.16          138.4             0.1368              0.36248                     0.0407822
6     12     0.16          138.4             0.1384              0.399187                     0.0427973
6     12     0.16          138.4             0.14              0.325773                     0.0386621
6     12     0.16          138.4             0.1416              0.261536                     0.0346413
6     12     0.16          138.4             0.1432              0                     0
6     12     0.16          138.4             0.1448              0                     0
6     12     0.16          138.4             0.1464              0                     0
6     12     0.16          138.4             0.148              0                     0
6     12     0.16          138.4             0.1496              0                     0
6     12     0.16          138.4             0.1512              0                     0
6     12     0.16          138.4             0.1528              0                     0
6     12     0.16          138.4             0.1544              0                     0
6     12     0.16          138.4             0.156              0                     0
6     12     0.16          138.4             0.1576              0                     0
*******************************************************************************************************
 Average angle 139.594 +- 0.805703 deg 
 Average E' 0.0866784 +- 0.000500288 GeV 
