*******************************************************************************************************
Z     A     E(GeV)     Theta(deg)     Energy Loss(GeV)     Sigma(nb/sr/GeV)     ERROR     Citation     
*******************************************************************************************************
6     12     0.16          104.8             0.0008              0                     0
6     12     0.16          104.8             0.0024              0                     0
6     12     0.16          104.8             0.004              0                     0
6     12     0.16          104.8             0.0056              0                     0
6     12     0.16          104.8             0.0072              0                     0
6     12     0.16          104.8             0.0088              0                     0
6     12     0.16          104.8             0.0104              0                     0
6     12     0.16          104.8             0.012              0.00315086                     0.00315086
6     12     0.16          104.8             0.0136              0                     0
6     12     0.16          104.8             0.0152              0                     0
6     12     0.16          104.8             0.0168              0                     0
6     12     0.16          104.8             0.0184              0                     0
6     12     0.16          104.8             0.02              0                     0
6     12     0.16          104.8             0.0216              0                     0
6     12     0.16          104.8             0.0232              0                     0
6     12     0.16          104.8             0.0248              0.0504138                     0.0126034
6     12     0.16          104.8             0.0264              0.337142                     0.0325928
6     12     0.16          104.8             0.028              0.847582                     0.051678
6     12     0.16          104.8             0.0296              1.38323                     0.0660179
6     12     0.16          104.8             0.0312              2.06066                     0.0805783
6     12     0.16          104.8             0.0328              2.81372                     0.0941575
6     12     0.16          104.8             0.0344              3.72432                     0.108327
6     12     0.16          104.8             0.036              4.3797                     0.117473
6     12     0.16          104.8             0.0376              5.4951                     0.131584
6     12     0.16          104.8             0.0392              5.95198                     0.136945
6     12     0.16          104.8             0.0408              6.65147                     0.144768
6     12     0.16          104.8             0.0424              7.18081                     0.150419
6     12     0.16          104.8             0.044              7.51796                     0.153909
6     12     0.16          104.8             0.0456              7.90236                     0.157795
6     12     0.16          104.8             0.0472              8.30882                     0.161802
6     12     0.16          104.8             0.0488              8.42225                     0.162903
6     12     0.16          104.8             0.0504              8.80036                     0.166519
6     12     0.16          104.8             0.052              9.03037                     0.168681
6     12     0.16          104.8             0.0536              9.25408                     0.170758
6     12     0.16          104.8             0.0552              9.50615                     0.173068
6     12     0.16          104.8             0.0568              9.93152                     0.176898
6     12     0.16          104.8             0.0584              9.3423                     0.17157
6     12     0.16          104.8             0.06              9.39587                     0.172061
6     12     0.16          104.8             0.0616              9.16901                     0.169971
6     12     0.16          104.8             0.0632              8.36869                     0.162384
6     12     0.16          104.8             0.0648              8.38759                     0.162567
6     12     0.16          104.8             0.0664              8.07881                     0.159547
6     12     0.16          104.8             0.068              7.81414                     0.156912
6     12     0.16          104.8             0.0696              7.59673                     0.154713
6     12     0.16          104.8             0.0712              7.30055                     0.151667
6     12     0.16          104.8             0.0728              7.05793                     0.149126
6     12     0.16          104.8             0.0744              6.5979                     0.144184
6     12     0.16          104.8             0.076              6.17254                     0.139459
6     12     0.16          104.8             0.0776              5.78183                     0.134973
6     12     0.16          104.8             0.0792              5.82279                     0.13545
6     12     0.16          104.8             0.0808              5.35962                     0.129952
6     12     0.16          104.8             0.0824              4.88384                     0.12405
6     12     0.16          104.8             0.084              5.00672                     0.1256
6     12     0.16          104.8             0.0856              4.45532                     0.118482
6     12     0.16          104.8             0.0872              4.26942                     0.115984
6     12     0.16          104.8             0.0888              3.97009                     0.111844
6     12     0.16          104.8             0.0904              3.65815                     0.107361
6     12     0.16          104.8             0.092              3.45965                     0.104407
6     12     0.16          104.8             0.0936              3.33361                     0.102488
6     12     0.16          104.8             0.0952              3.09099                     0.0986879
6     12     0.16          104.8             0.0968              2.78221                     0.0936288
6     12     0.16          104.8             0.0984              2.44507                     0.0877728
6     12     0.16          104.8             0.1              2.25287                     0.0842524
6     12     0.16          104.8             0.1016              2.30958                     0.0853063
6     12     0.16          104.8             0.1032              2.05121                     0.0803933
6     12     0.16          104.8             0.1048              1.55337                     0.0699605
6     12     0.16          104.8             0.1064              1.39898                     0.0663928
6     12     0.16          104.8             0.108              1.34857                     0.0651855
6     12     0.16          104.8             0.1096              1.12486                     0.0595338
6     12     0.16          104.8             0.1112              0.942108                     0.0544835
6     12     0.16          104.8             0.1128              0.822375                     0.0509037
6     12     0.16          104.8             0.1144              0.718396                     0.047577
6     12     0.16          104.8             0.116              0.623871                     0.0443365
6     12     0.16          104.8             0.1176              0.526194                     0.0407181
6     12     0.16          104.8             0.1192              0.453724                     0.0378103
6     12     0.16          104.8             0.1208              0.497836                     0.0396057
6     12     0.16          104.8             0.1224              0.47578                     0.0387184
6     12     0.16          104.8             0.124              0.516741                     0.0403507
6     12     0.16          104.8             0.1256              0.500987                     0.0397309
6     12     0.16          104.8             0.1272              0.469478                     0.0384612
6     12     0.16          104.8             0.1288              0.466327                     0.0383319
6     12     0.16          104.8             0.1304              0.500987                     0.0397309
6     12     0.16          104.8             0.132              0.441121                     0.0372815
6     12     0.16          104.8             0.1336              0.444271                     0.0374144
6     12     0.16          104.8             0.1352              0.245767                     0.0278277
6     12     0.16          104.8             0.1368              0                     0
6     12     0.16          104.8             0.1384              0                     0
6     12     0.16          104.8             0.14              0                     0
6     12     0.16          104.8             0.1416              0                     0
6     12     0.16          104.8             0.1432              0                     0
6     12     0.16          104.8             0.1448              0                     0
6     12     0.16          104.8             0.1464              0                     0
6     12     0.16          104.8             0.148              0                     0
6     12     0.16          104.8             0.1496              0                     0
6     12     0.16          104.8             0.1512              0                     0
6     12     0.16          104.8             0.1528              0                     0
6     12     0.16          104.8             0.1544              0                     0
6     12     0.16          104.8             0.156              0                     0
6     12     0.16          104.8             0.1576              0                     0
*******************************************************************************************************
 Average angle 105.993 +- 0.347084 deg 
 Average E' 0.0946538 +- 0.000309954 GeV 
