*******************************************************************************************************
Z     A     E(GeV)     Theta(deg)     Energy Loss(GeV)     Sigma(nb/sr/GeV)     ERROR     Citation     
*******************************************************************************************************
6     12     0.08          133.5             0.0004              0.236984                     0.0328638
6     12     0.08          133.5             0.0012              0.264328                     0.034708
6     12     0.08          133.5             0.002              0.246099                     0.0334898
6     12     0.08          133.5             0.0028              0.309902                     0.0375812
6     12     0.08          133.5             0.0036              0.332689                     0.0389383
6     12     0.08          133.5             0.0044              0.364591                     0.0407625
6     12     0.08          133.5             0.0052              0.346361                     0.0397304
6     12     0.08          133.5             0.006              0.387378                     0.042017
6     12     0.08          133.5             0.0068              0.410165                     0.0432352
6     12     0.08          133.5             0.0076              0.350919                     0.0399909
6     12     0.08          133.5             0.0084              0.391935                     0.0422635
6     12     0.08          133.5             0.0092              0.455739                     0.0455739
6     12     0.08          133.5             0.01              0.350919                     0.0399909
6     12     0.08          133.5             0.0108              0.405607                     0.0429943
6     12     0.08          133.5             0.0116              0.496755                     0.0475805
6     12     0.08          133.5             0.0124              0.432952                     0.0444199
6     12     0.08          133.5             0.0132              0.501313                     0.0477983
6     12     0.08          133.5             0.014              0.496755                     0.0475805
6     12     0.08          133.5             0.0148              0.428394                     0.0441855
6     12     0.08          133.5             0.0156              0.464854                     0.0460274
6     12     0.08          133.5             0.0164              0.601575                     0.0523604
6     12     0.08          133.5             0.0172              0.656264                     0.0546887
6     12     0.08          133.5             0.018              0.669936                     0.0552554
6     12     0.08          133.5             0.0188              0.824887                     0.0613134
6     12     0.08          133.5             0.0196              2.0645                     0.0969985
6     12     0.08          133.5             0.0204              4.13811                     0.137328
6     12     0.08          133.5             0.0212              6.12513                     0.167077
6     12     0.08          133.5             0.022              8.8231                     0.200525
6     12     0.08          133.5             0.0228              10.9468                     0.223358
6     12     0.08          133.5             0.0236              13.0797                     0.24415
6     12     0.08          133.5             0.0244              15.1898                     0.263108
6     12     0.08          133.5             0.0252              16.1878                     0.271614
6     12     0.08          133.5             0.026              16.9717                     0.278113
6     12     0.08          133.5             0.0268              18.7354                     0.292206
6     12     0.08          133.5             0.0276              18.9086                     0.293554
6     12     0.08          133.5             0.0284              20.5082                     0.305719
6     12     0.08          133.5             0.0292              20.1983                     0.3034
6     12     0.08          133.5             0.03              20.6723                     0.306939
6     12     0.08          133.5             0.0308              21.921                     0.316074
6     12     0.08          133.5             0.0316              21.7342                     0.314724
6     12     0.08          133.5             0.0324              22.0167                     0.316763
6     12     0.08          133.5             0.0332              23.3703                     0.326355
6     12     0.08          133.5             0.034              24.1268                     0.331595
6     12     0.08          133.5             0.0348              24.1769                     0.331939
6     12     0.08          133.5             0.0356              25.3938                     0.34019
6     12     0.08          133.5             0.0364              25.6626                     0.341986
6     12     0.08          133.5             0.0372              26.2642                     0.345971
6     12     0.08          133.5             0.038              26.9934                     0.350741
6     12     0.08          133.5             0.0388              27.4355                     0.353602
6     12     0.08          133.5             0.0396              28.7753                     0.362133
6     12     0.08          133.5             0.0404              29.4726                     0.366494
6     12     0.08          133.5             0.0412              29.9147                     0.369233
6     12     0.08          133.5             0.042              31.25                     0.377384
6     12     0.08          133.5             0.0428              31.7969                     0.380671
6     12     0.08          133.5             0.0436              32.1478                     0.382766
6     12     0.08          133.5             0.0444              32.6582                     0.385793
6     12     0.08          133.5             0.0452              34.3126                     0.395444
6     12     0.08          133.5             0.046              35.0554                     0.399701
6     12     0.08          133.5             0.0468              36.8602                     0.409861
6     12     0.08          133.5             0.0476              37.5802                     0.413845
6     12     0.08          133.5             0.0484              39.1343                     0.422315
6     12     0.08          133.5             0.0492              39.5764                     0.424694
6     12     0.08          133.5             0.05              41.2444                     0.433551
6     12     0.08          133.5             0.0508              43.1676                     0.443544
6     12     0.08          133.5             0.0516              44.6077                     0.450882
6     12     0.08          133.5             0.0524              46.8864                     0.462255
6     12     0.08          133.5             0.0532              48.4131                     0.469721
6     12     0.08          133.5             0.054              50.0902                     0.477787
6     12     0.08          133.5             0.0548              52.5011                     0.48915
6     12     0.08          133.5             0.0556              54.7388                     0.499466
6     12     0.08          133.5             0.0564              59.7519                     0.521836
6     12     0.08          133.5             0.0572              61.1738                     0.528008
6     12     0.08          133.5             0.058              60.2122                     0.523842
6     12     0.08          133.5             0.0588              59.524                     0.52084
6     12     0.08          133.5             0.0596              59.0045                     0.518562
6     12     0.08          133.5             0.0604              58.6855                     0.517158
6     12     0.08          133.5             0.0612              57.5826                     0.512275
6     12     0.08          133.5             0.062              57.2818                     0.510936
6     12     0.08          133.5             0.0628              56.6301                     0.508021
6     12     0.08          133.5             0.0636              56.5617                     0.507714
6     12     0.08          133.5             0.0644              55.8234                     0.50439
6     12     0.08          133.5             0.0652              55.4816                     0.502843
6     12     0.08          133.5             0.066              53.7863                     0.495101
6     12     0.08          133.5             0.0668              54.5747                     0.498716
6     12     0.08          133.5             0.0676              52.729                     0.490211
6     12     0.08          133.5             0.0684              52.7973                     0.490528
6     12     0.08          133.5             0.0692              52.9341                     0.491163
6     12     0.08          133.5             0.07              53.2895                     0.492809
6     12     0.08          133.5             0.0708              54.1144                     0.496609
6     12     0.08          133.5             0.0716              53.8182                     0.495248
6     12     0.08          133.5             0.0724              57.022                     0.509776
6     12     0.08          133.5             0.0732              60.5631                     0.525366
6     12     0.08          133.5             0.074              65.9089                     0.548063
6     12     0.08          133.5             0.0748              79.8135                     0.60311
6     12     0.08          133.5             0.0756              118.333                     0.734362
6     12     0.08          133.5             0.0764              83.2361                     0.615905
6     12     0.08          133.5             0.0772              0                     0
6     12     0.08          133.5             0.078              0                     0
6     12     0.08          133.5             0.0788              0                     0
*******************************************************************************************************
 Average angle 133.924 +- 0.168334 deg 
 Average E' 0.0242192 +- 3.04418e-05 GeV 
