*******************************************************************************************************
Z     A     E(GeV)     Theta(deg)     Energy Loss(GeV)     Sigma(nb/sr/GeV)     ERROR     Citation     
*******************************************************************************************************
6     12     0.1          126             0.0005              0                     0
6     12     0.1          126             0.0015              0.00453007                     0.00453007
6     12     0.1          126             0.0025              0.00453007                     0.00453007
6     12     0.1          126             0.0035              0.00453007                     0.00453007
6     12     0.1          126             0.0045              0.00453007                     0.00453007
6     12     0.1          126             0.0055              0.00453007                     0.00453007
6     12     0.1          126             0.0065              0.00906015                     0.00640649
6     12     0.1          126             0.0075              0.00453007                     0.00453007
6     12     0.1          126             0.0085              0.00906015                     0.00640649
6     12     0.1          126             0.0095              0.00453007                     0.00453007
6     12     0.1          126             0.0105              0.00453007                     0.00453007
6     12     0.1          126             0.0115              0.00906015                     0.00640649
6     12     0.1          126             0.0125              0.0135902                     0.00784632
6     12     0.1          126             0.0135              0                     0
6     12     0.1          126             0.0145              0.00453007                     0.00453007
6     12     0.1          126             0.0155              0.0135902                     0.00784632
6     12     0.1          126             0.0165              0.0135902                     0.00784632
6     12     0.1          126             0.0175              0.0135902                     0.00784632
6     12     0.1          126             0.0185              0.0317105                     0.0119854
6     12     0.1          126             0.0195              0.0181203                     0.00906015
6     12     0.1          126             0.0205              0.163083                     0.0271804
6     12     0.1          126             0.0215              0.58891                     0.0516508
6     12     0.1          126             0.0225              1.23671                     0.0748491
6     12     0.1          126             0.0235              1.86639                     0.0919505
6     12     0.1          126             0.0245              2.5459                     0.107392
6     12     0.1          126             0.0255              3.25259                     0.121386
6     12     0.1          126             0.0265              3.86415                     0.132306
6     12     0.1          126             0.0275              4.69316                     0.145809
6     12     0.1          126             0.0285              5.33643                     0.155481
6     12     0.1          126             0.0295              5.8438                     0.162705
6     12     0.1          126             0.0305              6.25603                     0.168346
6     12     0.1          126             0.0315              6.57314                     0.17256
6     12     0.1          126             0.0325              6.69092                     0.174099
6     12     0.1          126             0.0335              6.95366                     0.177484
6     12     0.1          126             0.0345              6.97178                     0.177715
6     12     0.1          126             0.0355              7.6513                     0.186174
6     12     0.1          126             0.0365              7.6966                     0.186725
6     12     0.1          126             0.0375              7.64224                     0.186064
6     12     0.1          126             0.0385              7.90498                     0.189236
6     12     0.1          126             0.0395              8.44859                     0.195634
6     12     0.1          126             0.0405              8.13601                     0.191981
6     12     0.1          126             0.0415              8.62073                     0.197617
6     12     0.1          126             0.0425              8.91519                     0.200964
6     12     0.1          126             0.0435              8.9016                     0.200811
6     12     0.1          126             0.0445              9.16434                     0.203753
6     12     0.1          126             0.0455              9.49504                     0.207396
6     12     0.1          126             0.0465              9.72607                     0.209904
6     12     0.1          126             0.0475              9.70342                     0.20966
6     12     0.1          126             0.0485              9.56299                     0.208137
6     12     0.1          126             0.0495              10.4056                     0.217113
6     12     0.1          126             0.0505              10.6185                     0.219323
6     12     0.1          126             0.0515              10.7091                     0.220257
6     12     0.1          126             0.0525              11.1666                     0.224913
6     12     0.1          126             0.0535              11.7601                     0.230812
6     12     0.1          126             0.0545              12.0591                     0.233727
6     12     0.1          126             0.0555              12.6072                     0.23898
6     12     0.1          126             0.0565              13.1055                     0.243657
6     12     0.1          126             0.0575              13.1372                     0.243952
6     12     0.1          126             0.0585              13.0829                     0.243447
6     12     0.1          126             0.0595              12.2448                     0.23552
6     12     0.1          126             0.0605              11.9956                     0.233112
6     12     0.1          126             0.0615              11.9322                     0.232495
6     12     0.1          126             0.0625              11.7284                     0.2305
6     12     0.1          126             0.0635              11.221                     0.225459
6     12     0.1          126             0.0645              11.1349                     0.224593
6     12     0.1          126             0.0655              10.2244                     0.215214
6     12     0.1          126             0.0665              10.6276                     0.219417
6     12     0.1          126             0.0675              9.89821                     0.211754
6     12     0.1          126             0.0685              9.64453                     0.209023
6     12     0.1          126             0.0695              9.04656                     0.202439
6     12     0.1          126             0.0705              8.58449                     0.197201
6     12     0.1          126             0.0715              8.5256                     0.196524
6     12     0.1          126             0.0725              8.14507                     0.192088
6     12     0.1          126             0.0735              7.16658                     0.180181
6     12     0.1          126             0.0745              6.99896                     0.178061
6     12     0.1          126             0.0755              6.54143                     0.172143
6     12     0.1          126             0.0765              6.19261                     0.16749
6     12     0.1          126             0.0775              5.55387                     0.158617
6     12     0.1          126             0.0785              5.5131                     0.158034
6     12     0.1          126             0.0795              5.27301                     0.154555
6     12     0.1          126             0.0805              4.62974                     0.144821
6     12     0.1          126             0.0815              4.12237                     0.136655
6     12     0.1          126             0.0825              3.8415                     0.131918
6     12     0.1          126             0.0835              3.32054                     0.122647
6     12     0.1          126             0.0845              2.60932                     0.108722
6     12     0.1          126             0.0855              2.58667                     0.108249
6     12     0.1          126             0.0865              1.92528                     0.0933899
6     12     0.1          126             0.0875              1.3409                     0.0779383
6     12     0.1          126             0.0885              0.878834                     0.0630966
6     12     0.1          126             0.0895              0.475658                     0.0464194
6     12     0.1          126             0.0905              0.249154                     0.0335959
6     12     0.1          126             0.0915              0.0226504                     0.0101296
6     12     0.1          126             0.0925              0                     0
6     12     0.1          126             0.0935              0                     0
6     12     0.1          126             0.0945              0                     0
6     12     0.1          126             0.0955              0                     0
6     12     0.1          126             0.0965              0                     0
6     12     0.1          126             0.0975              0                     0
6     12     0.1          126             0.0985              0                     0
*******************************************************************************************************
 Average angle 127.397 +- 0.376944 deg 
 Average E' 0.045064 +- 0.000133337 GeV 
