*******************************************************************************************************
Z     A     E(GeV)     Theta(deg)     Energy Loss(GeV)     Sigma(nb/sr/GeV)     ERROR     Citation     
*******************************************************************************************************
6     12     0.2          98.8             0.001              0                     0
6     12     0.2          98.8             0.003              0                     0
6     12     0.2          98.8             0.005              0                     0
6     12     0.2          98.8             0.007              0                     0
6     12     0.2          98.8             0.009              0                     0
6     12     0.2          98.8             0.011              0                     0
6     12     0.2          98.8             0.013              0                     0
6     12     0.2          98.8             0.015              0                     0
6     12     0.2          98.8             0.017              0                     0
6     12     0.2          98.8             0.019              0                     0
6     12     0.2          98.8             0.021              0                     0
6     12     0.2          98.8             0.023              0                     0
6     12     0.2          98.8             0.025              0                     0
6     12     0.2          98.8             0.027              0.00244858                     0.00244858
6     12     0.2          98.8             0.029              0.142018                     0.0186479
6     12     0.2          98.8             0.031              0.460334                     0.0335733
6     12     0.2          98.8             0.033              1.31979                     0.0568472
6     12     0.2          98.8             0.035              2.03722                     0.070628
6     12     0.2          98.8             0.037              2.95789                     0.0851037
6     12     0.2          98.8             0.039              3.91284                     0.0978821
6     12     0.2          98.8             0.041              5.09795                     0.111726
6     12     0.2          98.8             0.043              6.31735                     0.124373
6     12     0.2          98.8             0.045              7.38738                     0.134494
6     12     0.2          98.8             0.047              8.3815                     0.143258
6     12     0.2          98.8             0.049              9.37073                     0.151476
6     12     0.2          98.8             0.051              10.5852                     0.160993
6     12     0.2          98.8             0.053              11.5353                     0.168063
6     12     0.2          98.8             0.055              12.0887                     0.172047
6     12     0.2          98.8             0.057              12.669                     0.176128
6     12     0.2          98.8             0.059              12.5931                     0.175599
6     12     0.2          98.8             0.061              12.3433                     0.173849
6     12     0.2          98.8             0.063              12.3923                     0.174194
6     12     0.2          98.8             0.065              12.0446                     0.171733
6     12     0.2          98.8             0.067              11.8267                     0.170172
6     12     0.2          98.8             0.069              11.097                     0.164839
6     12     0.2          98.8             0.071              10.7615                     0.162328
6     12     0.2          98.8             0.073              10.2547                     0.15846
6     12     0.2          98.8             0.075              9.84331                     0.155249
6     12     0.2          98.8             0.077              9.33645                     0.151199
6     12     0.2          98.8             0.079              9.18953                     0.150004
6     12     0.2          98.8             0.081              8.76348                     0.146486
6     12     0.2          98.8             0.083              8.24928                     0.142123
6     12     0.2          98.8             0.085              7.96279                     0.139634
6     12     0.2          98.8             0.087              7.6004                     0.136419
6     12     0.2          98.8             0.089              7.15966                     0.132405
6     12     0.2          98.8             0.091              6.61607                     0.127279
6     12     0.2          98.8             0.093              6.08963                     0.12211
6     12     0.2          98.8             0.095              5.88395                     0.120031
6     12     0.2          98.8             0.097              5.51666                     0.116224
6     12     0.2          98.8             0.099              4.97062                     0.110322
6     12     0.2          98.8             0.101              4.90451                     0.109586
6     12     0.2          98.8             0.103              4.51764                     0.105175
6     12     0.2          98.8             0.105              4.06465                     0.0997629
6     12     0.2          98.8             0.107              3.50637                     0.0926588
6     12     0.2          98.8             0.109              3.43047                     0.0916503
6     12     0.2          98.8             0.111              3.1195                     0.0873976
6     12     0.2          98.8             0.113              2.98482                     0.0854903
6     12     0.2          98.8             0.115              2.58081                     0.0794942
6     12     0.2          98.8             0.117              2.27229                     0.0745914
6     12     0.2          98.8             0.119              1.96866                     0.0694293
6     12     0.2          98.8             0.121              1.76053                     0.0656568
6     12     0.2          98.8             0.123              1.56709                     0.0619448
6     12     0.2          98.8             0.125              1.40794                     0.058715
6     12     0.2          98.8             0.127              1.27081                     0.0557826
6     12     0.2          98.8             0.129              1.21939                     0.0546424
6     12     0.2          98.8             0.131              0.994125                     0.0493376
6     12     0.2          98.8             0.133              0.89863                     0.0469081
6     12     0.2          98.8             0.135              0.937808                     0.0479197
6     12     0.2          98.8             0.137              0.781098                     0.0437331
6     12     0.2          98.8             0.139              0.93291                     0.0477944
6     12     0.2          98.8             0.141              0.879042                     0.046394
6     12     0.2          98.8             0.143              1.04799                     0.0506567
6     12     0.2          98.8             0.145              1.00882                     0.0497008
6     12     0.2          98.8             0.147              1.06513                     0.0510693
6     12     0.2          98.8             0.149              1.08962                     0.0516529
6     12     0.2          98.8             0.151              1.15818                     0.0532532
6     12     0.2          98.8             0.153              1.12145                     0.052402
6     12     0.2          98.8             0.155              1.14594                     0.052971
6     12     0.2          98.8             0.157              1.1239                     0.0524592
6     12     0.2          98.8             0.159              1.08962                     0.0516529
6     12     0.2          98.8             0.161              1.05044                     0.0507158
6     12     0.2          98.8             0.163              1.17287                     0.0535899
6     12     0.2          98.8             0.165              1.01861                     0.0499415
6     12     0.2          98.8             0.167              1.13369                     0.0526872
6     12     0.2          98.8             0.169              0.93291                     0.0477944
6     12     0.2          98.8             0.171              0.883939                     0.0465231
6     12     0.2          98.8             0.173              0.925565                     0.0476059
6     12     0.2          98.8             0.175              0.89863                     0.0469081
6     12     0.2          98.8             0.177              0.825173                     0.04495
6     12     0.2          98.8             0.179              0.261998                     0.0253283
6     12     0.2          98.8             0.181              0.00979433                     0.00489717
6     12     0.2          98.8             0.183              0.0171401                     0.00647834
6     12     0.2          98.8             0.185              0.0244858                     0.0077431
6     12     0.2          98.8             0.187              0.0342802                     0.00916176
6     12     0.2          98.8             0.189              0.0367288                     0.00948332
6     12     0.2          98.8             0.191              0.0342802                     0.00916176
6     12     0.2          98.8             0.193              0.0661118                     0.0127232
6     12     0.2          98.8             0.195              0.0734575                     0.0134114
6     12     0.2          98.8             0.197              0.0710089                     0.013186
*******************************************************************************************************
 Average angle 99.3764 +- 0.262819 deg 
 Average E' 0.121769 +- 0.00032204 GeV 
