*******************************************************************************************************
Z     A     E(GeV)     Theta(deg)     Energy Loss(GeV)     Sigma(nb/sr/GeV)     ERROR     Citation     
*******************************************************************************************************
6     12     0.2          82             0.001              0                     0
6     12     0.2          82             0.003              0                     0
6     12     0.2          82             0.005              0                     0
6     12     0.2          82             0.007              0                     0
6     12     0.2          82             0.009              0                     0
6     12     0.2          82             0.011              0                     0
6     12     0.2          82             0.013              0                     0
6     12     0.2          82             0.015              0                     0
6     12     0.2          82             0.017              0                     0
6     12     0.2          82             0.019              0                     0
6     12     0.2          82             0.021              0                     0
6     12     0.2          82             0.023              0                     0
6     12     0.2          82             0.025              0.0513143                     0.0111977
6     12     0.2          82             0.027              0.715957                     0.0418267
6     12     0.2          82             0.029              2.18697                     0.0731023
6     12     0.2          82             0.031              4.0465                     0.0994374
6     12     0.2          82             0.033              6.52425                     0.126263
6     12     0.2          82             0.035              9.03621                     0.148595
6     12     0.2          82             0.037              11.2794                     0.166017
6     12     0.2          82             0.039              13.7742                     0.183461
6     12     0.2          82             0.041              16.2007                     0.198965
6     12     0.2          82             0.043              18.4585                     0.212377
6     12     0.2          82             0.045              20.4427                     0.2235
6     12     0.2          82             0.047              21.315                     0.228219
6     12     0.2          82             0.049              22.764                     0.235849
6     12     0.2          82             0.051              24.1935                     0.243141
6     12     0.2          82             0.053              24.3987                     0.244171
6     12     0.2          82             0.055              25.6254                     0.250233
6     12     0.2          82             0.057              26.0335                     0.252218
6     12     0.2          82             0.059              25.122                     0.247763
6     12     0.2          82             0.061              23.8001                     0.241157
6     12     0.2          82             0.063              23.0157                     0.237149
6     12     0.2          82             0.065              22.3877                     0.233892
6     12     0.2          82             0.067              21.403                     0.22869
6     12     0.2          82             0.069              20.6235                     0.224487
6     12     0.2          82             0.071              19.3015                     0.217173
6     12     0.2          82             0.073              18.6344                     0.213387
6     12     0.2          82             0.075              17.4371                     0.206418
6     12     0.2          82             0.077              16.8922                     0.203167
6     12     0.2          82             0.079              15.6826                     0.195758
6     12     0.2          82             0.081              14.693                     0.189481
6     12     0.2          82             0.083              13.6081                     0.182351
6     12     0.2          82             0.085              12.9532                     0.177909
6     12     0.2          82             0.087              12.3961                     0.174041
6     12     0.2          82             0.089              11.3698                     0.166681
6     12     0.2          82             0.091              10.4901                     0.160103
6     12     0.2          82             0.093              9.49315                     0.152305
6     12     0.2          82             0.095              8.84317                     0.146999
6     12     0.2          82             0.097              8.10034                     0.140689
6     12     0.2          82             0.099              7.19867                     0.132628
6     12     0.2          82             0.101              6.6782                     0.127744
6     12     0.2          82             0.103              5.79119                     0.118958
6     12     0.2          82             0.105              5.51507                     0.116087
6     12     0.2          82             0.107              4.99704                     0.110501
6     12     0.2          82             0.109              4.17601                     0.101016
6     12     0.2          82             0.111              3.75572                     0.095798
6     12     0.2          82             0.113              3.13751                     0.0875592
6     12     0.2          82             0.115              2.65368                     0.0805257
6     12     0.2          82             0.117              2.20407                     0.0733876
6     12     0.2          82             0.119              1.9304                     0.0686804
6     12     0.2          82             0.121              1.55409                     0.0616237
6     12     0.2          82             0.123              1.28775                     0.0560951
6     12     0.2          82             0.125              1.05805                     0.0508468
6     12     0.2          82             0.127              0.90411                     0.0470024
6     12     0.2          82             0.129              0.887005                     0.0465557
6     12     0.2          82             0.131              0.767272                     0.0432996
6     12     0.2          82             0.133              0.808812                     0.0444563
6     12     0.2          82             0.135              0.965198                     0.0485644
6     12     0.2          82             0.137              0.98719                     0.0491146
6     12     0.2          82             0.139              1.09471                     0.05172
6     12     0.2          82             0.141              1.09959                     0.0518353
6     12     0.2          82             0.143              1.10448                     0.0519504
6     12     0.2          82             0.145              1.20955                     0.0543653
6     12     0.2          82             0.147              1.23154                     0.0548573
6     12     0.2          82             0.149              1.18756                     0.0538688
6     12     0.2          82             0.151              1.2682                     0.0556677
6     12     0.2          82             0.153              1.18267                     0.0537579
6     12     0.2          82             0.155              1.13136                     0.0525787
6     12     0.2          82             0.157              1.24621                     0.0551829
6     12     0.2          82             0.159              1.15824                     0.0531996
6     12     0.2          82             0.161              1.16068                     0.0532557
6     12     0.2          82             0.163              1.06783                     0.0510811
6     12     0.2          82             0.165              1.08738                     0.0515465
6     12     0.2          82             0.167              1.08493                     0.0514886
6     12     0.2          82             0.169              0.994521                     0.0492966
6     12     0.2          82             0.171              0.608442                     0.0385584
6     12     0.2          82             0.173              0.0195483                     0.00691138
6     12     0.2          82             0.175              0.0146612                     0.00598543
6     12     0.2          82             0.177              0.0171048                     0.006465
6     12     0.2          82             0.179              0.031766                     0.00881031
6     12     0.2          82             0.181              0.031766                     0.00881031
6     12     0.2          82             0.183              0.031766                     0.00881031
6     12     0.2          82             0.185              0.0268789                     0.00810431
6     12     0.2          82             0.187              0.0415402                     0.010075
6     12     0.2          82             0.189              0.0562014                     0.0117188
6     12     0.2          82             0.191              0.0464273                     0.0106511
6     12     0.2          82             0.193              0.0684191                     0.01293
6     12     0.2          82             0.195              0.102629                     0.015836
6     12     0.2          82             0.197              0.0537579                     0.0114612
*******************************************************************************************************
 Average angle 82.5733 +- 0.160099 deg 
 Average E' 0.130493 +- 0.000253009 GeV 
