*******************************************************************************************************
Z     A     E(GeV)     Theta(deg)     Energy Loss(GeV)     Sigma(nb/sr/GeV)     ERROR     Citation     
*******************************************************************************************************
6     12     0.06          142.3             0.0003              0.196069                     0.0408831
6     12     0.06          142.3             0.0009              0.281316                     0.0489708
6     12     0.06          142.3             0.0015              0.179019                     0.0390652
6     12     0.06          142.3             0.0021              0.179019                     0.0390652
6     12     0.06          142.3             0.0027              0.255742                     0.0466918
6     12     0.06          142.3             0.0033              0.196069                     0.0408831
6     12     0.06          142.3             0.0039              0.221643                     0.0434677
6     12     0.06          142.3             0.0045              0.179019                     0.0390652
6     12     0.06          142.3             0.0051              0.238692                     0.0451086
6     12     0.06          142.3             0.0057              0.281316                     0.0489708
6     12     0.06          142.3             0.0063              0.238692                     0.0451086
6     12     0.06          142.3             0.0069              0.187544                     0.0399845
6     12     0.06          142.3             0.0075              0.230168                     0.0442958
6     12     0.06          142.3             0.0081              0.213118                     0.0426236
6     12     0.06          142.3             0.0087              0.315415                     0.0518539
6     12     0.06          142.3             0.0093              0.204593                     0.0417624
6     12     0.06          142.3             0.0099              0.221643                     0.0434677
6     12     0.06          142.3             0.0105              0.255742                     0.0466918
6     12     0.06          142.3             0.0111              0.238692                     0.0451086
6     12     0.06          142.3             0.0117              0.289841                     0.0497073
6     12     0.06          142.3             0.0123              0.32394                     0.0525499
6     12     0.06          142.3             0.0129              0.32394                     0.0525499
6     12     0.06          142.3             0.0135              0.119346                     0.0318966
6     12     0.06          142.3             0.0141              0                     0
6     12     0.06          142.3             0.0147              0                     0
6     12     0.06          142.3             0.0153              0                     0
6     12     0.06          142.3             0.0159              0                     0
6     12     0.06          142.3             0.0165              0                     0
6     12     0.06          142.3             0.0171              0                     0
6     12     0.06          142.3             0.0177              0.835423                     0.0843905
6     12     0.06          142.3             0.0183              3.61448                     0.175535
6     12     0.06          142.3             0.0189              7.59553                     0.25446
6     12     0.06          142.3             0.0195              11.6789                     0.31553
6     12     0.06          142.3             0.0201              15.5576                     0.364176
6     12     0.06          142.3             0.0207              18.8567                     0.400934
6     12     0.06          142.3             0.0213              21.2436                     0.425554
6     12     0.06          142.3             0.0219              23.264                     0.44533
6     12     0.06          142.3             0.0225              24.9774                     0.461439
6     12     0.06          142.3             0.0231              26.3584                     0.474024
6     12     0.06          142.3             0.0237              26.6057                     0.476241
6     12     0.06          142.3             0.0243              28.7027                     0.494654
6     12     0.06          142.3             0.0249              29.8792                     0.50469
6     12     0.06          142.3             0.0255              30.0923                     0.506486
6     12     0.06          142.3             0.0261              30.9788                     0.513893
6     12     0.06          142.3             0.0267              33.0504                     0.530797
6     12     0.06          142.3             0.0273              33.4681                     0.53414
6     12     0.06          142.3             0.0279              33.8602                     0.537261
6     12     0.06          142.3             0.0285              35.4629                     0.549828
6     12     0.06          142.3             0.0291              36.5711                     0.558353
6     12     0.06          142.3             0.0297              37.4917                     0.565338
6     12     0.06          142.3             0.0303              39.0006                     0.576602
6     12     0.06          142.3             0.0309              40.0065                     0.58399
6     12     0.06          142.3             0.0315              41.3023                     0.593372
6     12     0.06          142.3             0.0321              43.5358                     0.609205
6     12     0.06          142.3             0.0327              44.4564                     0.615613
6     12     0.06          142.3             0.0333              45.5135                     0.622888
6     12     0.06          142.3             0.0339              46.3063                     0.62829
6     12     0.06          142.3             0.0345              48.8722                     0.645463
6     12     0.06          142.3             0.0351              49.7418                     0.65118
6     12     0.06          142.3             0.0357              52.1884                     0.667002
6     12     0.06          142.3             0.0363              54.1661                     0.679523
6     12     0.06          142.3             0.0369              55.3425                     0.686862
6     12     0.06          142.3             0.0375              57.8403                     0.702191
6     12     0.06          142.3             0.0381              59.6304                     0.712975
6     12     0.06          142.3             0.0387              61.0626                     0.721486
6     12     0.06          142.3             0.0393              64.4725                     0.741357
6     12     0.06          142.3             0.0399              67.2004                     0.756878
6     12     0.06          142.3             0.0405              70.2267                     0.773733
6     12     0.06          142.3             0.0411              71.5395                     0.780932
6     12     0.06          142.3             0.0417              75.0858                     0.800053
6     12     0.06          142.3             0.0423              79.3822                     0.822625
6     12     0.06          142.3             0.0429              82.758                     0.839934
6     12     0.06          142.3             0.0435              86.5941                     0.859181
6     12     0.06          142.3             0.0441              91.8709                     0.884971
6     12     0.06          142.3             0.0447              97.8383                     0.91326
6     12     0.06          142.3             0.0453              103.166                     0.937797
6     12     0.06          142.3             0.0459              108.997                     0.963935
6     12     0.06          142.3             0.0465              117.454                     1.00063
6     12     0.06          142.3             0.0471              122.713                     1.02279
6     12     0.06          142.3             0.0477              135.927                     1.07645
6     12     0.06          142.3             0.0483              143.838                     1.10733
6     12     0.06          142.3             0.0489              155.082                     1.1498
6     12     0.06          142.3             0.0495              172.668                     1.21324
6     12     0.06          142.3             0.0501              190.391                     1.27398
6     12     0.06          142.3             0.0507              215.582                     1.35565
6     12     0.06          142.3             0.0513              244.37                     1.44332
6     12     0.06          142.3             0.0519              281.572                     1.5493
6     12     0.06          142.3             0.0525              336.778                     1.69438
6     12     0.06          142.3             0.0531              413.432                     1.87734
6     12     0.06          142.3             0.0537              538.183                     2.14193
6     12     0.06          142.3             0.0543              774.36                     2.56928
6     12     0.06          142.3             0.0549              1470.46                     3.54051
6     12     0.06          142.3             0.0555              851.27                     2.69385
6     12     0.06          142.3             0.0561              0                     0
6     12     0.06          142.3             0.0567              0                     0
6     12     0.06          142.3             0.0573              0                     0
6     12     0.06          142.3             0.0579              0                     0
6     12     0.06          142.3             0.0585              0                     0
6     12     0.06          142.3             0.0591              0                     0
*******************************************************************************************************
 Average angle 142.835 +- 0.143723 deg 
 Average E' 0.0114862 +- 1.15576e-05 GeV 
