*******************************************************************************************************
Z     A     E(GeV)     Theta(deg)     Energy Loss(GeV)     Sigma(nb/sr/GeV)     ERROR     Citation     
*******************************************************************************************************
6     12     0.4          108.7             0.002              0                     0
6     12     0.4          108.7             0.006              0                     0
6     12     0.4          108.7             0.01              0                     0
6     12     0.4          108.7             0.014              0                     0
6     12     0.4          108.7             0.018              0                     0
6     12     0.4          108.7             0.022              0                     0
6     12     0.4          108.7             0.026              0                     0
6     12     0.4          108.7             0.03              0                     0
6     12     0.4          108.7             0.034              0                     0
6     12     0.4          108.7             0.038              0                     0
6     12     0.4          108.7             0.042              0                     0
6     12     0.4          108.7             0.046              0                     0
6     12     0.4          108.7             0.05              0                     0
6     12     0.4          108.7             0.054              0                     0
6     12     0.4          108.7             0.058              0                     0
6     12     0.4          108.7             0.062              0                     0
6     12     0.4          108.7             0.066              0                     0
6     12     0.4          108.7             0.07              0                     0
6     12     0.4          108.7             0.074              0                     0
6     12     0.4          108.7             0.078              0.00468063                     0.00270237
6     12     0.4          108.7             0.082              0.0234032                     0.00604267
6     12     0.4          108.7             0.086              0.0468063                     0.00854563
6     12     0.4          108.7             0.09              0.0826912                     0.0113585
6     12     0.4          108.7             0.094              0.0904923                     0.0118822
6     12     0.4          108.7             0.098              0.14978                     0.0152869
6     12     0.4          108.7             0.102              0.205948                     0.0179255
6     12     0.4          108.7             0.106              0.243393                     0.019487
6     12     0.4          108.7             0.11              0.340126                     0.0230362
6     12     0.4          108.7             0.114              0.37133                     0.0240698
6     12     0.4          108.7             0.118              0.463383                     0.0268882
6     12     0.4          108.7             0.122              0.539833                     0.0290216
6     12     0.4          108.7             0.126              0.617844                     0.0310478
6     12     0.4          108.7             0.13              0.645928                     0.0317456
6     12     0.4          108.7             0.134              0.700535                     0.0330603
6     12     0.4          108.7             0.138              0.848755                     0.0363901
6     12     0.4          108.7             0.142              0.850315                     0.0364235
6     12     0.4          108.7             0.146              1.00946                     0.0396858
6     12     0.4          108.7             0.15              1.11243                     0.0416609
6     12     0.4          108.7             0.154              1.18108                     0.0429271
6     12     0.4          108.7             0.158              1.13115                     0.04201
6     12     0.4          108.7             0.162              1.12179                     0.0418358
6     12     0.4          108.7             0.166              1.20448                     0.0433503
6     12     0.4          108.7             0.17              1.17016                     0.0427282
6     12     0.4          108.7             0.174              1.15144                     0.042385
6     12     0.4          108.7             0.178              1.08279                     0.041102
6     12     0.4          108.7             0.182              0.951729                     0.0385344
6     12     0.4          108.7             0.186              1.0157                     0.0398083
6     12     0.4          108.7             0.19              0.953289                     0.038566
6     12     0.4          108.7             0.194              0.900242                     0.0374776
6     12     0.4          108.7             0.198              0.844074                     0.0362896
6     12     0.4          108.7             0.202              0.798828                     0.0353036
6     12     0.4          108.7             0.206              0.766064                     0.034572
6     12     0.4          108.7             0.21              0.770745                     0.0346774
6     12     0.4          108.7             0.214              0.716137                     0.0334264
6     12     0.4          108.7             0.218              0.672451                     0.0323908
6     12     0.4          108.7             0.222              0.630325                     0.0313599
6     12     0.4          108.7             0.226              0.599121                     0.0305738
6     12     0.4          108.7             0.23              0.58976                     0.030334
6     12     0.4          108.7             0.234              0.642807                     0.0316688
6     12     0.4          108.7             0.238              0.645928                     0.0317456
6     12     0.4          108.7             0.242              0.624085                     0.0312042
6     12     0.4          108.7             0.246              0.617844                     0.0310478
6     12     0.4          108.7             0.25              0.630325                     0.0313599
6     12     0.4          108.7             0.254              0.655289                     0.0319748
6     12     0.4          108.7             0.258              0.753582                     0.0342892
6     12     0.4          108.7             0.262              0.80819                     0.0355098
6     12     0.4          108.7             0.266              0.73954                     0.0339682
6     12     0.4          108.7             0.27              0.879959                     0.037053
6     12     0.4          108.7             0.274              1.0235                     0.0399609
6     12     0.4          108.7             0.278              1.14207                     0.0422123
6     12     0.4          108.7             0.282              1.20136                     0.0432941
6     12     0.4          108.7             0.286              1.26689                     0.0444592
6     12     0.4          108.7             0.29              1.49156                     0.0482406
6     12     0.4          108.7             0.294              1.39327                     0.046624
6     12     0.4          108.7             0.298              1.53057                     0.0488673
6     12     0.4          108.7             0.302              1.66787                     0.051012
6     12     0.4          108.7             0.306              1.72871                     0.0519342
6     12     0.4          108.7             0.31              1.82545                     0.0533674
6     12     0.4          108.7             0.314              1.9253                     0.0548076
6     12     0.4          108.7             0.318              1.95963                     0.055294
6     12     0.4          108.7             0.322              2.13125                     0.0576645
6     12     0.4          108.7             0.326              2.11097                     0.0573895
6     12     0.4          108.7             0.33              2.19366                     0.0585027
6     12     0.4          108.7             0.334              2.29039                     0.0597787
6     12     0.4          108.7             0.338              2.27011                     0.0595134
6     12     0.4          108.7             0.342              2.37776                     0.0609082
6     12     0.4          108.7             0.346              2.3762                     0.0608882
6     12     0.4          108.7             0.35              2.54939                     0.0630681
6     12     0.4          108.7             0.354              2.3918                     0.0610878
6     12     0.4          108.7             0.358              2.27011                     0.0595134
6     12     0.4          108.7             0.362              2.34344                     0.060467
6     12     0.4          108.7             0.366              2.22798                     0.0589587
6     12     0.4          108.7             0.37              2.22174                     0.058876
6     12     0.4          108.7             0.374              2.15621                     0.0580013
6     12     0.4          108.7             0.378              2.08912                     0.0570918
6     12     0.4          108.7             0.382              2.02828                     0.0562542
6     12     0.4          108.7             0.386              1.87537                     0.0540923
6     12     0.4          108.7             0.39              1.78176                     0.052725
6     12     0.4          108.7             0.394              1.65382                     0.0507968
*******************************************************************************************************
 Average angle 109.126 +- 0.443752 deg 
 Average E' 0.114421 +- 0.000465285 GeV 
