*******************************************************************************************************
Z     A     E(GeV)     Theta(deg)     Energy Loss(GeV)     Sigma(nb/sr/GeV)     ERROR     Citation     
*******************************************************************************************************
6     12     0.32          153             0.0016              0                     0
6     12     0.32          153             0.0048              0                     0
6     12     0.32          153             0.008              0                     0
6     12     0.32          153             0.0112              0                     0
6     12     0.32          153             0.0144              0                     0
6     12     0.32          153             0.0176              0                     0
6     12     0.32          153             0.0208              0                     0
6     12     0.32          153             0.024              0                     0
6     12     0.32          153             0.0272              0                     0
6     12     0.32          153             0.0304              0                     0
6     12     0.32          153             0.0336              0                     0
6     12     0.32          153             0.0368              0                     0
6     12     0.32          153             0.04              0                     0
6     12     0.32          153             0.0432              0                     0
6     12     0.32          153             0.0464              0                     0
6     12     0.32          153             0.0496              0                     0
6     12     0.32          153             0.0528              0                     0
6     12     0.32          153             0.056              0                     0
6     12     0.32          153             0.0592              0                     0
6     12     0.32          153             0.0624              0                     0
6     12     0.32          153             0.0656              0.00334809                     0.00334809
6     12     0.32          153             0.0688              0.00669618                     0.00473492
6     12     0.32          153             0.072              0.0200885                     0.00820112
6     12     0.32          153             0.0752              0.0301328                     0.0100443
6     12     0.32          153             0.0784              0.0468733                     0.0125274
6     12     0.32          153             0.0816              0.103791                     0.0186414
6     12     0.32          153             0.0848              0.14062                     0.0216981
6     12     0.32          153             0.088              0.154012                     0.0227079
6     12     0.32          153             0.0912              0.217626                     0.0269932
6     12     0.32          153             0.0944              0.311373                     0.0322878
6     12     0.32          153             0.0976              0.29798                     0.0315858
6     12     0.32          153             0.1008              0.324765                     0.0329749
6     12     0.32          153             0.104              0.371638                     0.0352743
6     12     0.32          153             0.1072              0.411815                     0.0371321
6     12     0.32          153             0.1104              0.485473                     0.0403164
6     12     0.32          153             0.1136              0.555783                     0.0431371
6     12     0.32          153             0.1168              0.64953                     0.0466335
6     12     0.32          153             0.12              0.672966                     0.0474674
6     12     0.32          153             0.1232              0.780105                     0.0511064
6     12     0.32          153             0.1264              0.800194                     0.0517602
6     12     0.32          153             0.1296              0.810238                     0.0520841
6     12     0.32          153             0.1328              0.900637                     0.0549128
6     12     0.32          153             0.136              1.00108                     0.0578939
6     12     0.32          153             0.1392              0.967598                     0.0569176
6     12     0.32          153             0.1424              0.837023                     0.052938
6     12     0.32          153             0.1456              0.8772                     0.0541936
6     12     0.32          153             0.1488              0.823631                     0.0525128
6     12     0.32          153             0.152              0.800194                     0.0517602
6     12     0.32          153             0.1552              0.857111                     0.0535695
6     12     0.32          153             0.1584              0.837023                     0.052938
6     12     0.32          153             0.1616              0.813586                     0.0521916
6     12     0.32          153             0.1648              0.800194                     0.0517602
6     12     0.32          153             0.168              0.763365                     0.0505551
6     12     0.32          153             0.1712              0.696403                     0.0482869
6     12     0.32          153             0.1744              0.706447                     0.0486338
6     12     0.32          153             0.1776              0.575872                     0.0439098
6     12     0.32          153             0.1808              0.639485                     0.0462715
6     12     0.32          153             0.184              0.539043                     0.0424825
6     12     0.32          153             0.1872              0.552435                     0.043007
6     12     0.32          153             0.1904              0.475429                     0.0398971
6     12     0.32          153             0.1936              0.45534                     0.0390451
6     12     0.32          153             0.1968              0.448644                     0.038757
6     12     0.32          153             0.2              0.361594                     0.0347944
6     12     0.32          153             0.2032              0.408467                     0.0369809
6     12     0.32          153             0.2064              0.42186                     0.0375822
6     12     0.32          153             0.2096              0.408467                     0.0369809
6     12     0.32          153             0.2128              0.418511                     0.0374328
6     12     0.32          153             0.216              0.348202                     0.034144
6     12     0.32          153             0.2192              0.415163                     0.0372828
6     12     0.32          153             0.2224              0.451992                     0.0389013
6     12     0.32          153             0.2256              0.415163                     0.0372828
6     12     0.32          153             0.2288              0.535695                     0.0423504
6     12     0.32          153             0.232              0.45534                     0.0390451
6     12     0.32          153             0.2352              0.562479                     0.0433962
6     12     0.32          153             0.2384              0.606005                     0.045044
6     12     0.32          153             0.2416              0.71984                     0.0490927
6     12     0.32          153             0.2448              0.749973                     0.0501096
6     12     0.32          153             0.248              0.847067                     0.0532547
6     12     0.32          153             0.2512              0.837023                     0.052938
6     12     0.32          153             0.2544              0.960902                     0.0567203
6     12     0.32          153             0.2576              0.997731                     0.057797
6     12     0.32          153             0.2608              1.20531                     0.0635256
6     12     0.32          153             0.264              1.17183                     0.0626371
6     12     0.32          153             0.2672              1.18188                     0.0629049
6     12     0.32          153             0.2704              1.34258                     0.0670455
6     12     0.32          153             0.2736              1.36602                     0.0676281
6     12     0.32          153             0.2768              1.47651                     0.0703099
6     12     0.32          153             0.28              1.42964                     0.0691849
6     12     0.32          153             0.2832              1.45307                     0.0697497
6     12     0.32          153             0.2864              1.61713                     0.0735819
6     12     0.32          153             0.2896              1.54347                     0.0718866
6     12     0.32          153             0.2928              1.41289                     0.0687786
6     12     0.32          153             0.296              1.56356                     0.0723529
6     12     0.32          153             0.2992              1.43968                     0.0694275
6     12     0.32          153             0.3024              1.57695                     0.0726621
6     12     0.32          153             0.3056              1.46981                     0.0701503
6     12     0.32          153             0.3088              1.38946                     0.0682058
6     12     0.32          153             0.312              1.04126                     0.0590442
6     12     0.32          153             0.3152              0.96425                     0.056819
*******************************************************************************************************
 Average angle 153.481 +- 1.15717 deg 
 Average E' 0.0961454 +- 0.000724888 GeV 
