*******************************************************************************************************
Z     A     E(GeV)     Theta(deg)     Energy Loss(GeV)     Sigma(nb/sr/GeV)     ERROR     Citation     
*******************************************************************************************************
6     12     0.16          176.8             0.0008              0                     0
6     12     0.16          176.8             0.0024              0                     0
6     12     0.16          176.8             0.004              0                     0
6     12     0.16          176.8             0.0056              0                     0
6     12     0.16          176.8             0.0072              0                     0
6     12     0.16          176.8             0.0088              0                     0
6     12     0.16          176.8             0.0104              0                     0
6     12     0.16          176.8             0.012              0                     0
6     12     0.16          176.8             0.0136              0                     0
6     12     0.16          176.8             0.0152              0                     0
6     12     0.16          176.8             0.0168              0                     0
6     12     0.16          176.8             0.0184              0                     0
6     12     0.16          176.8             0.02              0                     0
6     12     0.16          176.8             0.0216              0                     0
6     12     0.16          176.8             0.0232              0                     0
6     12     0.16          176.8             0.0248              0                     0
6     12     0.16          176.8             0.0264              0                     0
6     12     0.16          176.8             0.028              0                     0
6     12     0.16          176.8             0.0296              0                     0
6     12     0.16          176.8             0.0312              0.0545726                     0.0545726
6     12     0.16          176.8             0.0328              0.109145                     0.0771774
6     12     0.16          176.8             0.0344              0.163718                     0.0945226
6     12     0.16          176.8             0.036              0.163718                     0.0945226
6     12     0.16          176.8             0.0376              0.436581                     0.154355
6     12     0.16          176.8             0.0392              0.545726                     0.172574
6     12     0.16          176.8             0.0408              0.873162                     0.218291
6     12     0.16          176.8             0.0424              0.654872                     0.189045
6     12     0.16          176.8             0.044              0.709444                     0.196764
6     12     0.16          176.8             0.0456              1.25517                     0.261721
6     12     0.16          176.8             0.0472              0.600299                     0.180997
6     12     0.16          176.8             0.0488              1.2006                     0.255968
6     12     0.16          176.8             0.0504              1.52803                     0.288771
6     12     0.16          176.8             0.052              1.85547                     0.31821
6     12     0.16          176.8             0.0536              1.91004                     0.322856
6     12     0.16          176.8             0.0552              1.91004                     0.322856
6     12     0.16          176.8             0.0568              1.30974                     0.26735
6     12     0.16          176.8             0.0584              1.14603                     0.250083
6     12     0.16          176.8             0.06              2.12833                     0.340806
6     12     0.16          176.8             0.0616              1.14603                     0.250083
6     12     0.16          176.8             0.0632              1.85547                     0.31821
6     12     0.16          176.8             0.0648              2.07376                     0.336408
6     12     0.16          176.8             0.0664              2.12833                     0.340806
6     12     0.16          176.8             0.068              2.18291                     0.345148
6     12     0.16          176.8             0.0696              1.41889                     0.278267
6     12     0.16          176.8             0.0712              1.41889                     0.278267
6     12     0.16          176.8             0.0728              1.69175                     0.303848
6     12     0.16          176.8             0.0744              1.09145                     0.244056
6     12     0.16          176.8             0.076              1.36432                     0.272863
6     12     0.16          176.8             0.0776              1.41889                     0.278267
6     12     0.16          176.8             0.0792              1.09145                     0.244056
6     12     0.16          176.8             0.0808              1.69175                     0.303848
6     12     0.16          176.8             0.0824              1.14603                     0.250083
6     12     0.16          176.8             0.084              1.2006                     0.255968
6     12     0.16          176.8             0.0856              1.47346                     0.283568
6     12     0.16          176.8             0.0872              1.25517                     0.261721
6     12     0.16          176.8             0.0888              1.14603                     0.250083
6     12     0.16          176.8             0.0904              1.30974                     0.26735
6     12     0.16          176.8             0.092              1.14603                     0.250083
6     12     0.16          176.8             0.0936              1.25517                     0.261721
6     12     0.16          176.8             0.0952              1.09145                     0.244056
6     12     0.16          176.8             0.0968              1.36432                     0.272863
6     12     0.16          176.8             0.0984              0.927735                     0.225009
6     12     0.16          176.8             0.1              0.709444                     0.196764
6     12     0.16          176.8             0.1016              0.982307                     0.231532
6     12     0.16          176.8             0.1032              1.2006                     0.255968
6     12     0.16          176.8             0.1048              0.545726                     0.172574
6     12     0.16          176.8             0.1064              0.709444                     0.196764
6     12     0.16          176.8             0.108              0.382008                     0.144386
6     12     0.16          176.8             0.1096              0.709444                     0.196764
6     12     0.16          176.8             0.1112              0.545726                     0.172574
6     12     0.16          176.8             0.1128              0.600299                     0.180997
6     12     0.16          176.8             0.1144              0.654872                     0.189045
6     12     0.16          176.8             0.116              0.218291                     0.109145
6     12     0.16          176.8             0.1176              0.272863                     0.122028
6     12     0.16          176.8             0.1192              0.163718                     0.0945226
6     12     0.16          176.8             0.1208              0.272863                     0.122028
6     12     0.16          176.8             0.1224              0.491154                     0.163718
6     12     0.16          176.8             0.124              0.600299                     0.180997
6     12     0.16          176.8             0.1256              0.327436                     0.133675
6     12     0.16          176.8             0.1272              0.327436                     0.133675
6     12     0.16          176.8             0.1288              0.382008                     0.144386
6     12     0.16          176.8             0.1304              0.272863                     0.122028
6     12     0.16          176.8             0.132              0.218291                     0.109145
6     12     0.16          176.8             0.1336              0.382008                     0.144386
6     12     0.16          176.8             0.1352              0.163718                     0.0945226
6     12     0.16          176.8             0.1368              0.163718                     0.0945226
6     12     0.16          176.8             0.1384              0.163718                     0.0945226
6     12     0.16          176.8             0.14              0.218291                     0.109145
6     12     0.16          176.8             0.1416              0.327436                     0.133675
6     12     0.16          176.8             0.1432              0.0545726                     0.0545726
6     12     0.16          176.8             0.1448              0.0545726                     0.0545726
6     12     0.16          176.8             0.1464              0                     0
6     12     0.16          176.8             0.148              0                     0
6     12     0.16          176.8             0.1496              0                     0
6     12     0.16          176.8             0.1512              0                     0
6     12     0.16          176.8             0.1528              0                     0
6     12     0.16          176.8             0.1544              0                     0
6     12     0.16          176.8             0.156              0                     0
6     12     0.16          176.8             0.1576              0                     0
*******************************************************************************************************
 Average angle 177.881 +- 5.17175 deg 
 Average E' 0.0825513 +- 0.00240011 GeV 
