*******************************************************************************************************
Z     A     E(GeV)     Theta(deg)     Energy Loss(GeV)     Sigma(nb/sr/GeV)     ERROR     Citation     
*******************************************************************************************************
6     12     0.4          133.5             0.002              0                     0
6     12     0.4          133.5             0.006              0                     0
6     12     0.4          133.5             0.01              0                     0
6     12     0.4          133.5             0.014              0                     0
6     12     0.4          133.5             0.018              0                     0
6     12     0.4          133.5             0.022              0                     0
6     12     0.4          133.5             0.026              0                     0
6     12     0.4          133.5             0.03              0                     0
6     12     0.4          133.5             0.034              0                     0
6     12     0.4          133.5             0.038              0                     0
6     12     0.4          133.5             0.042              0                     0
6     12     0.4          133.5             0.046              0                     0
6     12     0.4          133.5             0.05              0                     0
6     12     0.4          133.5             0.054              0                     0
6     12     0.4          133.5             0.058              0                     0
6     12     0.4          133.5             0.062              0                     0
6     12     0.4          133.5             0.066              0                     0
6     12     0.4          133.5             0.07              0                     0
6     12     0.4          133.5             0.074              0                     0
6     12     0.4          133.5             0.078              0                     0
6     12     0.4          133.5             0.082              0                     0
6     12     0.4          133.5             0.086              0                     0
6     12     0.4          133.5             0.09              0                     0
6     12     0.4          133.5             0.094              0                     0
6     12     0.4          133.5             0.098              0.00407472                     0.00288126
6     12     0.4          133.5             0.102              0.0101868                     0.00455567
6     12     0.4          133.5             0.106              0.0203736                     0.0064427
6     12     0.4          133.5             0.11              0.028523                     0.0076231
6     12     0.4          133.5             0.114              0.050934                     0.0101868
6     12     0.4          133.5             0.118              0.0590834                     0.0109715
6     12     0.4          133.5             0.122              0.0957559                     0.0139674
6     12     0.4          133.5             0.126              0.140578                     0.0169236
6     12     0.4          133.5             0.13              0.158914                     0.0179935
6     12     0.4          133.5             0.134              0.162989                     0.0182227
6     12     0.4          133.5             0.138              0.187437                     0.0195417
6     12     0.4          133.5             0.142              0.244483                     0.0223182
6     12     0.4          133.5             0.146              0.342276                     0.0264072
6     12     0.4          133.5             0.15              0.346351                     0.0265639
6     12     0.4          133.5             0.154              0.399322                     0.028523
6     12     0.4          133.5             0.158              0.399322                     0.028523
6     12     0.4          133.5             0.162              0.521564                     0.0325978
6     12     0.4          133.5             0.166              0.505265                     0.0320844
6     12     0.4          133.5             0.17              0.627507                     0.0357555
6     12     0.4          133.5             0.174              0.609171                     0.0352292
6     12     0.4          133.5             0.178              0.702889                     0.0378423
6     12     0.4          133.5             0.182              0.603058                     0.0350521
6     12     0.4          133.5             0.186              0.637694                     0.0360446
6     12     0.4          133.5             0.19              0.65603                     0.0365591
6     12     0.4          133.5             0.194              0.649918                     0.0363884
6     12     0.4          133.5             0.198              0.61732                     0.0354641
6     12     0.4          133.5             0.202              0.570461                     0.0340915
6     12     0.4          133.5             0.206              0.580647                     0.0343946
6     12     0.4          133.5             0.21              0.58676                     0.0345751
6     12     0.4          133.5             0.214              0.529713                     0.0328514
6     12     0.4          133.5             0.218              0.525639                     0.0327248
6     12     0.4          133.5             0.222              0.458406                     0.0305604
6     12     0.4          133.5             0.226              0.484892                     0.0314309
6     12     0.4          133.5             0.23              0.462481                     0.0306959
6     12     0.4          133.5             0.234              0.472667                     0.0310321
6     12     0.4          133.5             0.238              0.417659                     0.0291706
6     12     0.4          133.5             0.242              0.415621                     0.0290993
6     12     0.4          133.5             0.246              0.380986                     0.0278605
6     12     0.4          133.5             0.25              0.44007                     0.0299429
6     12     0.4          133.5             0.254              0.438032                     0.0298736
6     12     0.4          133.5             0.258              0.448219                     0.0302189
6     12     0.4          133.5             0.262              0.50119                     0.0319547
6     12     0.4          133.5             0.266              0.493041                     0.0316939
6     12     0.4          133.5             0.27              0.535826                     0.0330404
6     12     0.4          133.5             0.274              0.529713                     0.0328514
6     12     0.4          133.5             0.278              0.58676                     0.0345751
6     12     0.4          133.5             0.282              0.568423                     0.0340306
6     12     0.4          133.5             0.286              0.715113                     0.0381699
6     12     0.4          133.5             0.29              0.84143                     0.041404
6     12     0.4          133.5             0.294              0.819019                     0.0408489
6     12     0.4          133.5             0.298              0.959596                     0.0442159
6     12     0.4          133.5             0.302              1.02479                     0.0456932
6     12     0.4          133.5             0.306              1.05535                     0.0463695
6     12     0.4          133.5             0.31              1.18167                     0.0490661
6     12     0.4          133.5             0.314              1.25298                     0.0505249
6     12     0.4          133.5             0.318              1.23871                     0.0502365
6     12     0.4          133.5             0.322              1.41596                     0.0537106
6     12     0.4          133.5             0.326              1.45875                     0.054516
6     12     0.4          133.5             0.33              1.5158                     0.0555718
6     12     0.4          133.5             0.334              1.49135                     0.0551218
6     12     0.4          133.5             0.338              1.57692                     0.0566811
6     12     0.4          133.5             0.342              1.7725                     0.0600935
6     12     0.4          133.5             0.346              1.70934                     0.0590131
6     12     0.4          133.5             0.35              1.71138                     0.0590483
6     12     0.4          133.5             0.354              1.88659                     0.0619974
6     12     0.4          133.5             0.358              1.80103                     0.0605751
6     12     0.4          133.5             0.362              1.82751                     0.0610188
6     12     0.4          133.5             0.366              1.81325                     0.0607803
6     12     0.4          133.5             0.37              1.75213                     0.0597471
6     12     0.4          133.5             0.374              1.74602                     0.0596428
6     12     0.4          133.5             0.378              1.67471                     0.0584122
6     12     0.4          133.5             0.382              1.69508                     0.0587664
6     12     0.4          133.5             0.386              1.49135                     0.0551218
6     12     0.4          133.5             0.39              1.48931                     0.0550841
6     12     0.4          133.5             0.394              1.21427                     0.0497383
*******************************************************************************************************
 Average angle 133.92 +- 0.778434 deg 
 Average E' 0.0970996 +- 0.000564408 GeV 
