*******************************************************************************************************
Z     A     E(GeV)     Theta(deg)     Energy Loss(GeV)     Sigma(nb/sr/GeV)     ERROR     Citation     
*******************************************************************************************************
6     12     0.24          129.6             0.0012              0                     0
6     12     0.24          129.6             0.0036              0                     0
6     12     0.24          129.6             0.006              0                     0
6     12     0.24          129.6             0.0084              0                     0
6     12     0.24          129.6             0.0108              0                     0
6     12     0.24          129.6             0.0132              0                     0
6     12     0.24          129.6             0.0156              0                     0
6     12     0.24          129.6             0.018              0                     0
6     12     0.24          129.6             0.0204              0                     0
6     12     0.24          129.6             0.0228              0                     0
6     12     0.24          129.6             0.0252              0                     0
6     12     0.24          129.6             0.0276              0                     0
6     12     0.24          129.6             0.03              0                     0
6     12     0.24          129.6             0.0324              0                     0
6     12     0.24          129.6             0.0348              0                     0
6     12     0.24          129.6             0.0372              0                     0
6     12     0.24          129.6             0.0396              0.00841288                     0.00485718
6     12     0.24          129.6             0.042              0.0420644                     0.010861
6     12     0.24          129.6             0.0444              0.128998                     0.0190197
6     12     0.24          129.6             0.0468              0.291647                     0.0285983
6     12     0.24          129.6             0.0492              0.513186                     0.0379358
6     12     0.24          129.6             0.0516              0.698269                     0.044251
6     12     0.24          129.6             0.054              0.945047                     0.05148
6     12     0.24          129.6             0.0564              1.25072                     0.0592231
6     12     0.24          129.6             0.0588              1.48908                     0.0646206
6     12     0.24          129.6             0.0612              1.66856                     0.0684041
6     12     0.24          129.6             0.0636              1.75829                     0.0702195
6     12     0.24          129.6             0.066              1.85083                     0.0720436
6     12     0.24          129.6             0.0684              2.16211                     0.0778665
6     12     0.24          129.6             0.0708              2.221                     0.0789199
6     12     0.24          129.6             0.0732              2.50704                     0.0838479
6     12     0.24          129.6             0.0756              2.42571                     0.0824768
6     12     0.24          129.6             0.078              2.71736                     0.0872942
6     12     0.24          129.6             0.0804              2.88842                     0.09
6     12     0.24          129.6             0.0828              2.75382                     0.0878778
6     12     0.24          129.6             0.0852              2.86318                     0.0896059
6     12     0.24          129.6             0.0876              3.0006                     0.0917309
6     12     0.24          129.6             0.09              2.79869                     0.0885909
6     12     0.24          129.6             0.0924              2.84916                     0.0893862
6     12     0.24          129.6             0.0948              2.77064                     0.0881459
6     12     0.24          129.6             0.0972              2.66688                     0.0864796
6     12     0.24          129.6             0.0996              2.47058                     0.0832361
6     12     0.24          129.6             0.102              2.50424                     0.083801
6     12     0.24          129.6             0.1044              2.38645                     0.0818066
6     12     0.24          129.6             0.1068              2.31915                     0.0806448
6     12     0.24          129.6             0.1092              2.17613                     0.0781186
6     12     0.24          129.6             0.1116              2.1565                     0.0777655
6     12     0.24          129.6             0.114              1.92935                     0.073556
6     12     0.24          129.6             0.1164              1.84523                     0.0719344
6     12     0.24          129.6             0.1188              1.78634                     0.0707772
6     12     0.24          129.6             0.1212              1.7611                     0.0702754
6     12     0.24          129.6             0.1236              1.60125                     0.0670103
6     12     0.24          129.6             0.126              1.41336                     0.0629563
6     12     0.24          129.6             0.1284              1.33484                     0.0611825
6     12     0.24          129.6             0.1308              1.40495                     0.0627686
6     12     0.24          129.6             0.1332              1.18622                     0.0576758
6     12     0.24          129.6             0.1356              1.09087                     0.0553093
6     12     0.24          129.6             0.138              1.14696                     0.0567134
6     12     0.24          129.6             0.1404              0.981503                     0.0524636
6     12     0.24          129.6             0.1428              0.956265                     0.0517846
6     12     0.24          129.6             0.1452              0.740334                     0.0455644
6     12     0.24          129.6             0.1476              0.771181                     0.046504
6     12     0.24          129.6             0.15              0.619749                     0.0416888
6     12     0.24          129.6             0.1524              0.541229                     0.0389585
6     12     0.24          129.6             0.1548              0.625358                     0.0418771
6     12     0.24          129.6             0.1572              0.51599                     0.0380393
6     12     0.24          129.6             0.1596              0.471122                     0.0363478
6     12     0.24          129.6             0.162              0.47673                     0.0365635
6     12     0.24          129.6             0.1644              0.412231                     0.0340003
6     12     0.24          129.6             0.1668              0.47673                     0.0365635
6     12     0.24          129.6             0.1692              0.487947                     0.0369912
6     12     0.24          129.6             0.1716              0.443079                     0.0352494
6     12     0.24          129.6             0.174              0.530012                     0.0385527
6     12     0.24          129.6             0.1764              0.546837                     0.0391598
6     12     0.24          129.6             0.1788              0.804833                     0.0475078
6     12     0.24          129.6             0.1812              0.771181                     0.046504
6     12     0.24          129.6             0.1836              0.880549                     0.0496922
6     12     0.24          129.6             0.186              0.79642                     0.0472588
6     12     0.24          129.6             0.1884              1.00955                     0.0532078
6     12     0.24          129.6             0.1908              1.14135                     0.0565745
6     12     0.24          129.6             0.1932              1.09928                     0.0555222
6     12     0.24          129.6             0.1956              1.27035                     0.059686
6     12     0.24          129.6             0.198              1.12452                     0.056156
6     12     0.24          129.6             0.2004              1.2423                     0.0590236
6     12     0.24          129.6             0.2028              1.21987                     0.0584882
6     12     0.24          129.6             0.2052              1.12733                     0.0562259
6     12     0.24          129.6             0.2076              1.20865                     0.0582187
6     12     0.24          129.6             0.21              1.175                     0.0574025
6     12     0.24          129.6             0.2124              1.19183                     0.057812
6     12     0.24          129.6             0.2148              1.09648                     0.0554513
6     12     0.24          129.6             0.2172              0.975895                     0.0523134
6     12     0.24          129.6             0.2196              0.858114                     0.0490551
6     12     0.24          129.6             0.222              0.79642                     0.0472588
6     12     0.24          129.6             0.2244              0.771181                     0.046504
6     12     0.24          129.6             0.2268              0.47673                     0.0365635
6     12     0.24          129.6             0.2292              0.0588902                     0.0128509
6     12     0.24          129.6             0.2316              0.0644988                     0.0134489
6     12     0.24          129.6             0.234              0.0392601                     0.0104927
6     12     0.24          129.6             0.2364              0.0841288                     0.0153598
*******************************************************************************************************
 Average angle 130.185 +- 0.667387 deg 
 Average E' 0.119393 +- 0.000612063 GeV 
