0.000e+00 0.00000e+00 0.00000e+00
1.000e+00 0.00000e+00 0.00000e+00
2.000e+00 0.00000e+00 0.00000e+00
3.000e+00 0.00000e+00 0.00000e+00
4.000e+00 0.00000e+00 0.00000e+00
5.000e+00 0.00000e+00 0.00000e+00
6.000e+00 0.00000e+00 0.00000e+00
7.000e+00 0.00000e+00 0.00000e+00
8.000e+00 0.00000e+00 0.00000e+00
9.000e+00 0.00000e+00 0.00000e+00
1.000e+01 0.00000e+00 0.00000e+00
1.100e+01 0.00000e+00 0.00000e+00
1.200e+01 0.00000e+00 0.00000e+00
1.300e+01 0.00000e+00 0.00000e+00
1.400e+01 0.00000e+00 0.00000e+00
1.500e+01 0.00000e+00 0.00000e+00
1.600e+01 0.00000e+00 0.00000e+00
1.700e+01 0.00000e+00 0.00000e+00
1.800e+01 0.00000e+00 0.00000e+00
1.900e+01 0.00000e+00 0.00000e+00
2.000e+01 0.00000e+00 0.00000e+00
2.100e+01 0.00000e+00 0.00000e+00
2.200e+01 0.00000e+00 0.00000e+00
2.300e+01 0.00000e+00 0.00000e+00
2.400e+01 0.00000e+00 0.00000e+00
2.500e+01 0.00000e+00 0.00000e+00
2.600e+01 0.00000e+00 0.00000e+00
2.700e+01 0.00000e+00 0.00000e+00
2.800e+01 0.00000e+00 0.00000e+00
2.900e+01 0.00000e+00 0.00000e+00
3.000e+01 0.00000e+00 0.00000e+00
3.100e+01 0.00000e+00 0.00000e+00
3.200e+01 0.00000e+00 0.00000e+00
3.300e+01 0.00000e+00 0.00000e+00
3.400e+01 0.00000e+00 0.00000e+00
3.500e+01 0.00000e+00 0.00000e+00
3.600e+01 0.00000e+00 0.00000e+00
3.700e+01 0.00000e+00 0.00000e+00
3.800e+01 0.00000e+00 0.00000e+00
3.900e+01 0.00000e+00 0.00000e+00
4.000e+01 0.00000e+00 0.00000e+00
4.100e+01 0.00000e+00 0.00000e+00
4.200e+01 0.00000e+00 0.00000e+00
4.300e+01 0.00000e+00 0.00000e+00
4.400e+01 0.00000e+00 0.00000e+00
4.500e+01 0.00000e+00 0.00000e+00
4.600e+01 0.00000e+00 0.00000e+00
4.700e+01 0.00000e+00 0.00000e+00
4.800e+01 0.00000e+00 0.00000e+00
4.900e+01 0.00000e+00 0.00000e+00
5.000e+01 0.00000e+00 0.00000e+00
5.100e+01 0.00000e+00 0.00000e+00
5.200e+01 0.00000e+00 0.00000e+00
5.300e+01 0.00000e+00 0.00000e+00
5.400e+01 0.00000e+00 0.00000e+00
5.500e+01 0.00000e+00 0.00000e+00
5.600e+01 0.00000e+00 0.00000e+00
5.700e+01 0.00000e+00 0.00000e+00
5.800e+01 0.00000e+00 0.00000e+00
5.900e+01 0.00000e+00 0.00000e+00
6.000e+01 0.00000e+00 0.00000e+00
6.100e+01 0.00000e+00 0.00000e+00
6.200e+01 0.00000e+00 0.00000e+00
6.300e+01 0.00000e+00 0.00000e+00
6.400e+01 0.00000e+00 0.00000e+00
6.500e+01 0.00000e+00 0.00000e+00
6.600e+01 0.00000e+00 0.00000e+00
6.700e+01 0.00000e+00 0.00000e+00
6.800e+01 0.00000e+00 0.00000e+00
6.900e+01 0.00000e+00 0.00000e+00
7.000e+01 0.00000e+00 0.00000e+00
7.100e+01 0.00000e+00 0.00000e+00
7.200e+01 0.00000e+00 0.00000e+00
7.300e+01 0.00000e+00 0.00000e+00
7.400e+01 0.00000e+00 0.00000e+00
7.500e+01 0.00000e+00 0.00000e+00
7.600e+01 0.00000e+00 0.00000e+00
7.700e+01 0.00000e+00 0.00000e+00
7.800e+01 0.00000e+00 0.00000e+00
7.900e+01 0.00000e+00 0.00000e+00
8.000e+01 0.00000e+00 0.00000e+00
8.100e+01 0.00000e+00 0.00000e+00
8.200e+01 0.00000e+00 0.00000e+00
8.300e+01 0.00000e+00 0.00000e+00
8.400e+01 0.00000e+00 0.00000e+00
8.500e+01 0.00000e+00 0.00000e+00
8.600e+01 0.00000e+00 0.00000e+00
8.700e+01 0.00000e+00 0.00000e+00
8.800e+01 0.00000e+00 0.00000e+00
8.900e+01 0.00000e+00 0.00000e+00
9.000e+01 0.00000e+00 0.00000e+00
9.100e+01 0.00000e+00 0.00000e+00
9.200e+01 0.00000e+00 0.00000e+00
9.300e+01 0.00000e+00 0.00000e+00
9.400e+01 0.00000e+00 0.00000e+00
9.500e+01 0.00000e+00 0.00000e+00
9.600e+01 0.00000e+00 0.00000e+00
9.700e+01 0.00000e+00 0.00000e+00
9.800e+01 0.00000e+00 0.00000e+00
9.900e+01 0.00000e+00 0.00000e+00
1.000e+02 0.00000e+00 0.00000e+00
1.010e+02 0.00000e+00 0.00000e+00
1.020e+02 0.00000e+00 0.00000e+00
1.030e+02 0.00000e+00 0.00000e+00
1.040e+02 0.00000e+00 0.00000e+00
1.050e+02 0.00000e+00 0.00000e+00
1.060e+02 0.00000e+00 0.00000e+00
1.070e+02 0.00000e+00 0.00000e+00
1.080e+02 0.00000e+00 0.00000e+00
1.090e+02 0.00000e+00 0.00000e+00
1.100e+02 0.00000e+00 0.00000e+00
1.110e+02 0.00000e+00 0.00000e+00
1.120e+02 0.00000e+00 0.00000e+00
1.130e+02 0.00000e+00 0.00000e+00
1.140e+02 0.00000e+00 0.00000e+00
1.150e+02 0.00000e+00 0.00000e+00
1.160e+02 0.00000e+00 0.00000e+00
1.170e+02 0.00000e+00 0.00000e+00
1.180e+02 0.00000e+00 0.00000e+00
1.190e+02 0.00000e+00 0.00000e+00
1.200e+02 0.00000e+00 0.00000e+00
1.210e+02 0.00000e+00 0.00000e+00
1.220e+02 0.00000e+00 0.00000e+00
1.230e+02 0.00000e+00 0.00000e+00
1.240e+02 0.00000e+00 0.00000e+00
1.250e+02 0.00000e+00 0.00000e+00
1.260e+02 0.00000e+00 0.00000e+00
1.270e+02 0.00000e+00 0.00000e+00
1.280e+02 0.00000e+00 0.00000e+00
1.290e+02 0.00000e+00 0.00000e+00
1.300e+02 0.00000e+00 0.00000e+00
1.310e+02 0.00000e+00 0.00000e+00
1.320e+02 0.00000e+00 0.00000e+00
1.330e+02 0.00000e+00 0.00000e+00
1.340e+02 0.00000e+00 0.00000e+00
1.350e+02 0.00000e+00 0.00000e+00
1.360e+02 0.00000e+00 0.00000e+00
1.370e+02 0.00000e+00 0.00000e+00
1.380e+02 0.00000e+00 0.00000e+00
1.390e+02 0.00000e+00 0.00000e+00
1.400e+02 0.00000e+00 0.00000e+00
1.410e+02 0.00000e+00 0.00000e+00
1.420e+02 0.00000e+00 0.00000e+00
1.430e+02 0.00000e+00 0.00000e+00
1.440e+02 0.00000e+00 0.00000e+00
1.450e+02 0.00000e+00 0.00000e+00
1.460e+02 0.00000e+00 0.00000e+00
1.470e+02 0.00000e+00 0.00000e+00
1.480e+02 0.00000e+00 0.00000e+00
1.490e+02 0.00000e+00 0.00000e+00
1.500e+02 0.00000e+00 0.00000e+00
1.510e+02 0.00000e+00 0.00000e+00
1.520e+02 0.00000e+00 0.00000e+00
1.530e+02 0.00000e+00 0.00000e+00
1.540e+02 0.00000e+00 0.00000e+00
1.550e+02 0.00000e+00 0.00000e+00
1.560e+02 0.00000e+00 0.00000e+00
1.570e+02 0.00000e+00 0.00000e+00
1.580e+02 0.00000e+00 0.00000e+00
1.590e+02 0.00000e+00 0.00000e+00
1.600e+02 0.00000e+00 0.00000e+00
1.610e+02 0.00000e+00 0.00000e+00
1.620e+02 0.00000e+00 0.00000e+00
1.630e+02 0.00000e+00 0.00000e+00
1.640e+02 0.00000e+00 0.00000e+00
1.650e+02 0.00000e+00 0.00000e+00
1.660e+02 0.00000e+00 0.00000e+00
1.670e+02 0.00000e+00 0.00000e+00
1.680e+02 0.00000e+00 0.00000e+00
1.690e+02 0.00000e+00 0.00000e+00
1.700e+02 0.00000e+00 0.00000e+00
1.710e+02 0.00000e+00 0.00000e+00
1.720e+02 0.00000e+00 0.00000e+00
1.730e+02 0.00000e+00 0.00000e+00
1.740e+02 0.00000e+00 0.00000e+00
1.750e+02 0.00000e+00 0.00000e+00
1.760e+02 0.00000e+00 0.00000e+00
1.770e+02 0.00000e+00 0.00000e+00
1.780e+02 0.00000e+00 0.00000e+00
1.790e+02 0.00000e+00 0.00000e+00
1.800e+02 0.00000e+00 0.00000e+00
1.810e+02 0.00000e+00 0.00000e+00
1.820e+02 0.00000e+00 0.00000e+00
1.830e+02 0.00000e+00 0.00000e+00
1.840e+02 0.00000e+00 0.00000e+00
1.850e+02 0.00000e+00 0.00000e+00
1.860e+02 0.00000e+00 0.00000e+00
1.870e+02 0.00000e+00 0.00000e+00
1.880e+02 0.00000e+00 0.00000e+00
1.890e+02 0.00000e+00 0.00000e+00
1.900e+02 0.00000e+00 0.00000e+00
1.910e+02 0.00000e+00 0.00000e+00
1.920e+02 0.00000e+00 0.00000e+00
1.930e+02 0.00000e+00 0.00000e+00
1.940e+02 0.00000e+00 0.00000e+00
1.950e+02 0.00000e+00 0.00000e+00
1.960e+02 0.00000e+00 0.00000e+00
1.970e+02 0.00000e+00 0.00000e+00
1.980e+02 0.00000e+00 0.00000e+00
1.990e+02 0.00000e+00 0.00000e+00
2.000e+02 0.00000e+00 0.00000e+00
2.010e+02 0.00000e+00 0.00000e+00
2.020e+02 0.00000e+00 0.00000e+00
2.030e+02 0.00000e+00 0.00000e+00
2.040e+02 0.00000e+00 0.00000e+00
2.050e+02 0.00000e+00 0.00000e+00
2.060e+02 0.00000e+00 0.00000e+00
2.070e+02 0.00000e+00 0.00000e+00
2.080e+02 0.00000e+00 0.00000e+00
2.090e+02 0.00000e+00 0.00000e+00
2.100e+02 0.00000e+00 0.00000e+00
2.110e+02 0.00000e+00 0.00000e+00
2.120e+02 0.00000e+00 0.00000e+00
2.130e+02 0.00000e+00 0.00000e+00
2.140e+02 0.00000e+00 0.00000e+00
2.150e+02 0.00000e+00 0.00000e+00
2.160e+02 0.00000e+00 0.00000e+00
2.170e+02 0.00000e+00 0.00000e+00
2.180e+02 0.00000e+00 0.00000e+00
2.190e+02 0.00000e+00 0.00000e+00
2.200e+02 0.00000e+00 0.00000e+00
2.210e+02 0.00000e+00 0.00000e+00
2.220e+02 0.00000e+00 0.00000e+00
2.230e+02 0.00000e+00 0.00000e+00
2.240e+02 0.00000e+00 0.00000e+00
2.250e+02 0.00000e+00 0.00000e+00
2.260e+02 0.00000e+00 0.00000e+00
2.270e+02 0.00000e+00 0.00000e+00
2.280e+02 0.00000e+00 0.00000e+00
2.290e+02 0.00000e+00 0.00000e+00
2.300e+02 0.00000e+00 0.00000e+00
2.310e+02 0.00000e+00 0.00000e+00
2.320e+02 0.00000e+00 0.00000e+00
2.330e+02 0.00000e+00 0.00000e+00
2.340e+02 0.00000e+00 0.00000e+00
2.350e+02 0.00000e+00 0.00000e+00
2.360e+02 0.00000e+00 0.00000e+00
2.370e+02 0.00000e+00 0.00000e+00
2.380e+02 0.00000e+00 0.00000e+00
2.390e+02 0.00000e+00 0.00000e+00
2.400e+02 0.00000e+00 0.00000e+00
2.410e+02 0.00000e+00 0.00000e+00
2.420e+02 0.00000e+00 0.00000e+00
2.430e+02 0.00000e+00 0.00000e+00
2.440e+02 0.00000e+00 0.00000e+00
2.450e+02 0.00000e+00 0.00000e+00
2.460e+02 0.00000e+00 0.00000e+00
2.470e+02 0.00000e+00 0.00000e+00
2.480e+02 0.00000e+00 0.00000e+00
2.490e+02 0.00000e+00 0.00000e+00
2.500e+02 0.00000e+00 0.00000e+00
2.510e+02 0.00000e+00 0.00000e+00
2.520e+02 0.00000e+00 0.00000e+00
2.530e+02 0.00000e+00 0.00000e+00
2.540e+02 0.00000e+00 0.00000e+00
2.550e+02 0.00000e+00 0.00000e+00
2.560e+02 0.00000e+00 0.00000e+00
2.570e+02 0.00000e+00 0.00000e+00
2.580e+02 0.00000e+00 0.00000e+00
2.590e+02 0.00000e+00 0.00000e+00
2.600e+02 0.00000e+00 0.00000e+00
2.610e+02 0.00000e+00 0.00000e+00
2.620e+02 0.00000e+00 0.00000e+00
2.630e+02 0.00000e+00 0.00000e+00
2.640e+02 0.00000e+00 0.00000e+00
2.650e+02 0.00000e+00 0.00000e+00
2.660e+02 0.00000e+00 0.00000e+00
2.670e+02 0.00000e+00 0.00000e+00
2.680e+02 0.00000e+00 0.00000e+00
2.690e+02 0.00000e+00 0.00000e+00
2.700e+02 0.00000e+00 0.00000e+00
2.710e+02 0.00000e+00 0.00000e+00
2.720e+02 0.00000e+00 0.00000e+00
2.730e+02 0.00000e+00 0.00000e+00
2.740e+02 0.00000e+00 0.00000e+00
2.750e+02 0.00000e+00 0.00000e+00
2.760e+02 0.00000e+00 0.00000e+00
2.770e+02 0.00000e+00 0.00000e+00
2.780e+02 0.00000e+00 0.00000e+00
2.790e+02 0.00000e+00 0.00000e+00
2.800e+02 0.00000e+00 0.00000e+00
2.810e+02 0.00000e+00 0.00000e+00
2.820e+02 0.00000e+00 0.00000e+00
2.830e+02 0.00000e+00 0.00000e+00
2.840e+02 0.00000e+00 0.00000e+00
2.850e+02 0.00000e+00 0.00000e+00
2.860e+02 0.00000e+00 0.00000e+00
2.870e+02 0.00000e+00 0.00000e+00
2.880e+02 0.00000e+00 0.00000e+00
2.890e+02 0.00000e+00 0.00000e+00
2.900e+02 0.00000e+00 0.00000e+00
2.910e+02 0.00000e+00 0.00000e+00
2.920e+02 0.00000e+00 0.00000e+00
2.930e+02 0.00000e+00 0.00000e+00
2.940e+02 0.00000e+00 0.00000e+00
2.950e+02 0.00000e+00 0.00000e+00
2.960e+02 0.00000e+00 0.00000e+00
2.970e+02 0.00000e+00 0.00000e+00
2.980e+02 0.00000e+00 0.00000e+00
2.990e+02 0.00000e+00 0.00000e+00
3.000e+02 0.00000e+00 0.00000e+00
3.010e+02 0.00000e+00 0.00000e+00
3.020e+02 0.00000e+00 0.00000e+00
3.030e+02 0.00000e+00 0.00000e+00
3.040e+02 0.00000e+00 0.00000e+00
3.050e+02 0.00000e+00 0.00000e+00
3.060e+02 0.00000e+00 0.00000e+00
3.070e+02 0.00000e+00 0.00000e+00
3.080e+02 0.00000e+00 0.00000e+00
3.090e+02 0.00000e+00 0.00000e+00
3.100e+02 0.00000e+00 0.00000e+00
3.110e+02 0.00000e+00 0.00000e+00
3.120e+02 0.00000e+00 0.00000e+00
3.130e+02 0.00000e+00 0.00000e+00
3.140e+02 0.00000e+00 0.00000e+00
3.150e+02 0.00000e+00 0.00000e+00
3.160e+02 0.00000e+00 0.00000e+00
3.170e+02 0.00000e+00 0.00000e+00
3.180e+02 0.00000e+00 0.00000e+00
3.190e+02 0.00000e+00 0.00000e+00
3.200e+02 0.00000e+00 0.00000e+00
3.210e+02 0.00000e+00 0.00000e+00
3.220e+02 0.00000e+00 0.00000e+00
3.230e+02 0.00000e+00 0.00000e+00
3.240e+02 0.00000e+00 0.00000e+00
3.250e+02 0.00000e+00 0.00000e+00
3.260e+02 0.00000e+00 0.00000e+00
3.270e+02 0.00000e+00 0.00000e+00
3.280e+02 0.00000e+00 0.00000e+00
3.290e+02 0.00000e+00 0.00000e+00
3.300e+02 0.00000e+00 0.00000e+00
3.310e+02 0.00000e+00 0.00000e+00
3.320e+02 0.00000e+00 0.00000e+00
3.330e+02 0.00000e+00 0.00000e+00
3.340e+02 0.00000e+00 0.00000e+00
3.350e+02 0.00000e+00 0.00000e+00
3.360e+02 0.00000e+00 0.00000e+00
3.370e+02 0.00000e+00 0.00000e+00
3.380e+02 0.00000e+00 0.00000e+00
3.390e+02 0.00000e+00 0.00000e+00
3.400e+02 0.00000e+00 0.00000e+00
3.410e+02 0.00000e+00 0.00000e+00
3.420e+02 0.00000e+00 0.00000e+00
3.430e+02 0.00000e+00 0.00000e+00
3.440e+02 0.00000e+00 0.00000e+00
3.450e+02 0.00000e+00 0.00000e+00
3.460e+02 0.00000e+00 0.00000e+00
3.470e+02 0.00000e+00 0.00000e+00
3.480e+02 0.00000e+00 0.00000e+00
3.490e+02 0.00000e+00 0.00000e+00
3.500e+02 0.00000e+00 0.00000e+00
3.510e+02 0.00000e+00 0.00000e+00
3.520e+02 0.00000e+00 0.00000e+00
3.530e+02 0.00000e+00 0.00000e+00
3.540e+02 0.00000e+00 0.00000e+00
3.550e+02 0.00000e+00 0.00000e+00
3.560e+02 0.00000e+00 0.00000e+00
3.570e+02 0.00000e+00 0.00000e+00
3.580e+02 0.00000e+00 0.00000e+00
3.590e+02 0.00000e+00 0.00000e+00
3.600e+02 0.00000e+00 0.00000e+00
3.610e+02 0.00000e+00 0.00000e+00
3.620e+02 3.89454e-19 9.58978e-18
3.630e+02 9.80069e-18 2.39073e-16
3.640e+02 4.83026e-17 1.17066e-15
3.650e+02 1.41311e-16 3.41405e-15
3.660e+02 3.23216e-16 7.82473e-15
3.670e+02 6.31517e-16 1.53486e-14
3.680e+02 1.11601e-15 2.72322e-14
3.690e+02 1.83743e-15 4.49796e-14
3.700e+02 2.86282e-15 7.02484e-14
3.710e+02 4.26943e-15 1.04948e-13
3.720e+02 6.09613e-15 1.49977e-13
3.730e+02 8.29242e-15 2.04016e-13
3.740e+02 1.18324e-14 2.92157e-13
3.750e+02 1.59193e-14 3.93311e-13
3.760e+02 2.05629e-14 5.07568e-13
3.770e+02 2.57773e-14 6.35110e-13
3.780e+02 3.15805e-14 7.76228e-13
3.790e+02 3.79958e-14 9.31336e-13
3.800e+02 4.50501e-14 1.10095e-12
3.810e+02 5.50257e-14 1.34536e-12
3.820e+02 6.81160e-14 1.66765e-12
3.830e+02 8.30249e-14 2.03318e-12
3.840e+02 9.97997e-14 2.44266e-12
3.850e+02 1.18476e-13 2.89648e-12
3.860e+02 1.39164e-13 3.39690e-12
3.870e+02 1.61929e-13 3.94506e-12
3.880e+02 1.86803e-13 4.54115e-12
3.890e+02 2.13816e-13 5.18535e-12
3.900e+02 2.43002e-13 5.87794e-12
3.910e+02 2.74397e-13 6.61919e-12
3.920e+02 3.08039e-13 7.40951e-12
3.930e+02 3.44075e-13 8.25204e-12
3.940e+02 3.83255e-13 9.16550e-12
3.950e+02 4.25777e-13 1.01540e-11
3.960e+02 4.71709e-13 1.12183e-11
3.970e+02 5.38287e-13 1.28035e-11
3.980e+02 6.20549e-13 1.47705e-11
3.990e+02 7.12182e-13 1.69553e-11
4.000e+02 8.13359e-13 1.93595e-11
4.010e+02 9.25130e-13 2.20067e-11
4.020e+02 1.04690e-12 2.48785e-11
4.030e+02 1.17836e-12 2.79648e-11
4.040e+02 1.31958e-12 3.12645e-11
4.050e+02 1.47072e-12 3.47790e-11
4.060e+02 1.63315e-12 3.85408e-11
4.070e+02 1.80746e-12 4.25621e-11
4.080e+02 1.99388e-12 4.68450e-11
4.090e+02 2.19308e-12 5.14038e-11
4.100e+02 2.40759e-12 5.63005e-11
4.110e+02 2.63802e-12 6.15462e-11
4.120e+02 2.88443e-12 6.71386e-11
4.130e+02 3.14705e-12 7.30782e-11
4.140e+02 3.42584e-12 7.93602e-11
4.150e+02 3.72095e-12 8.59837e-11
4.160e+02 4.03242e-12 9.29461e-11
4.170e+02 4.36058e-12 1.00250e-10
4.180e+02 4.70707e-12 1.07935e-10
4.190e+02 5.07388e-12 1.16046e-10
4.200e+02 5.59790e-12 1.28095e-10
4.210e+02 6.29363e-12 1.44338e-10
4.220e+02 7.04315e-12 1.61755e-10
4.230e+02 7.84809e-12 1.80371e-10
4.240e+02 9.28007e-12 1.99132e-10
4.250e+02 7.76460e-12 2.17901e-10
4.260e+02 1.03722e-11 2.37655e-10
4.270e+02 1.12934e-11 2.58540e-10
4.280e+02 1.22904e-11 2.81063e-10
4.290e+02 1.33712e-11 3.05377e-10
4.300e+02 1.45145e-11 3.30977e-10
4.310e+02 1.57247e-11 3.57958e-10
4.320e+02 1.70321e-11 3.86768e-10
4.330e+02 1.84558e-11 4.18567e-10
4.340e+02 1.99620e-11 4.51871e-10
4.350e+02 2.51034e-11 4.80541e-10
4.360e+02 2.76387e-11 5.15809e-10
4.370e+02 2.56207e-11 5.56563e-10
4.380e+02 2.67230e-11 6.00446e-10
4.390e+02 2.88127e-11 6.46465e-10
4.400e+02 3.10246e-11 6.94857e-10
4.410e+02 3.34444e-11 7.45745e-10
4.420e+02 3.60214e-11 8.02282e-10
4.430e+02 3.91679e-11 8.61801e-10
4.440e+02 4.16500e-11 9.24711e-10
4.450e+02 4.47312e-11 9.91579e-10
4.460e+02 4.79788e-11 1.06181e-09
4.470e+02 5.14813e-11 1.13776e-09
4.480e+02 5.51633e-11 1.21732e-09
4.490e+02 5.90621e-11 1.30178e-09
4.500e+02 6.31972e-11 1.39062e-09
4.510e+02 6.76199e-11 1.48528e-09
4.520e+02 7.24304e-11 1.58548e-09
4.530e+02 7.69896e-11 1.69072e-09
4.540e+02 8.25249e-11 1.80394e-09
4.550e+02 8.79848e-11 1.92028e-09
4.560e+02 9.38435e-11 2.04483e-09
4.570e+02 9.99992e-11 2.17531e-09
4.580e+02 1.06501e-10 2.31296e-09
4.590e+02 1.13383e-10 2.45780e-09
4.600e+02 1.20576e-10 2.60995e-09
4.610e+02 1.28179e-10 2.76985e-09
4.620e+02 1.36188e-10 2.93795e-09
4.630e+02 1.44583e-10 3.11385e-09
4.640e+02 1.53450e-10 3.29919e-09
4.650e+02 1.62763e-10 3.49340e-09
4.660e+02 1.72573e-10 3.69740e-09
4.670e+02 1.82823e-10 3.91015e-09
4.680e+02 1.93648e-10 4.13478e-09
4.690e+02 2.04922e-10 4.36754e-09
4.700e+02 2.16698e-10 4.61022e-09
4.710e+02 2.29126e-10 4.86595e-09
4.720e+02 2.42258e-10 5.13615e-09
4.730e+02 2.55928e-10 5.41652e-09
4.740e+02 2.70382e-10 5.70847e-09
4.750e+02 2.85074e-10 6.01105e-09
4.760e+02 3.15718e-10 6.32407e-09
4.770e+02 3.16924e-10 6.65816e-09
4.780e+02 3.34222e-10 7.00949e-09
4.790e+02 3.52121e-10 7.37177e-09
4.800e+02 3.70792e-10 7.74860e-09
4.810e+02 3.90461e-10 8.14010e-09
4.820e+02 4.10560e-10 8.54772e-09
4.830e+02 4.31710e-10 8.97088e-09
4.840e+02 4.52239e-10 9.41559e-09
4.850e+02 4.76970e-10 9.87611e-09
4.860e+02 5.01096e-10 1.03565e-08
4.870e+02 5.26130e-10 1.08541e-08
4.880e+02 5.52295e-10 1.13730e-08
4.890e+02 5.79488e-10 1.19114e-08
4.900e+02 6.07876e-10 1.24720e-08
4.910e+02 6.37430e-10 1.30544e-08
4.920e+02 6.68209e-10 1.36596e-08
4.930e+02 7.00271e-10 1.42889e-08
4.940e+02 7.33617e-10 1.49420e-08
4.950e+02 7.68420e-10 1.56222e-08
4.960e+02 8.04572e-10 1.63276e-08
4.970e+02 8.42079e-10 1.70575e-08
4.980e+02 8.81645e-10 1.78185e-08
4.990e+02 9.21916e-10 1.86076e-08
5.000e+02 9.64234e-10 1.94270e-08
5.010e+02 1.00820e-09 2.02765e-08
5.020e+02 1.05359e-09 2.11591e-08
5.030e+02 1.10177e-09 2.20738e-08
5.040e+02 1.15117e-09 2.30231e-08
5.050e+02 1.20219e-09 2.40081e-08
5.060e+02 1.25535e-09 2.50314e-08
5.070e+02 1.31110e-09 2.60907e-08
5.080e+02 1.36866e-09 2.71889e-08
5.090e+02 1.42844e-09 2.83275e-08
5.100e+02 1.49057e-09 2.95075e-08
5.110e+02 1.55622e-09 3.07282e-08
5.120e+02 1.62248e-09 3.19938e-08
5.130e+02 1.69108e-09 3.33069e-08
5.140e+02 1.76284e-09 3.46612e-08
5.150e+02 1.83776e-09 3.60725e-08
5.160e+02 1.91518e-09 3.75266e-08
5.170e+02 1.99508e-09 3.90272e-08
5.180e+02 2.07847e-09 4.05909e-08
5.190e+02 2.16562e-09 4.21988e-08
5.200e+02 2.25371e-09 4.38634e-08
5.210e+02 2.34621e-09 4.55867e-08
5.220e+02 2.44213e-09 4.73714e-08
5.230e+02 2.54192e-09 4.92114e-08
5.240e+02 2.64514e-09 5.11122e-08
5.250e+02 2.75024e-09 5.30780e-08
5.260e+02 2.86034e-09 5.51100e-08
5.270e+02 2.97407e-09 5.72047e-08
5.280e+02 3.09187e-09 5.93704e-08
5.290e+02 3.21389e-09 6.16087e-08
5.300e+02 3.33973e-09 6.39145e-08
5.310e+02 3.47003e-09 6.62948e-08
5.320e+02 3.60622e-09 6.87494e-08
5.330e+02 3.74389e-09 7.12853e-08
5.340e+02 3.88755e-09 7.38961e-08
5.350e+02 4.03622e-09 7.65923e-08
5.360e+02 4.18980e-09 7.93721e-08
5.370e+02 4.34845e-09 8.22367e-08
5.380e+02 4.51209e-09 8.51878e-08
5.390e+02 4.68092e-09 8.82246e-08
5.400e+02 4.85557e-09 9.13612e-08
5.410e+02 5.03576e-09 9.45865e-08
5.420e+02 5.21417e-09 9.79294e-08
5.430e+02 5.41367e-09 1.01341e-07
5.440e+02 5.61146e-09 1.04864e-07
5.450e+02 5.81551e-09 1.08491e-07
5.460e+02 6.02614e-09 1.12228e-07
5.470e+02 6.24325e-09 1.16071e-07
5.480e+02 6.46713e-09 1.20027e-07
5.490e+02 6.69798e-09 1.24098e-07
5.500e+02 6.93604e-09 1.28284e-07
5.510e+02 7.18107e-09 1.32591e-07
5.520e+02 7.43367e-09 1.37018e-07
5.530e+02 7.69385e-09 1.41570e-07
5.540e+02 7.96178e-09 1.46247e-07
5.550e+02 8.23836e-09 1.51064e-07
5.560e+02 8.52282e-09 1.56012e-07
5.570e+02 8.81597e-09 1.61098e-07
5.580e+02 9.11748e-09 1.66319e-07
5.590e+02 9.42854e-09 1.71697e-07
5.600e+02 9.74856e-09 1.77216e-07
5.610e+02 1.00772e-08 1.82870e-07
5.620e+02 1.04153e-08 1.88674e-07
5.630e+02 1.07655e-08 1.94684e-07
5.640e+02 1.11242e-08 2.00825e-07
5.650e+02 1.14936e-08 2.07132e-07
5.660e+02 1.18780e-08 2.13599e-07
5.670e+02 1.22636e-08 2.20237e-07
5.680e+02 1.26656e-08 2.27055e-07
5.690e+02 1.30783e-08 2.34051e-07
5.700e+02 1.35030e-08 2.41230e-07
5.710e+02 1.39397e-08 2.48596e-07
5.720e+02 1.43887e-08 2.56156e-07
5.730e+02 1.48501e-08 2.63907e-07
5.740e+02 1.53244e-08 2.71858e-07
5.750e+02 1.58386e-08 2.80012e-07
5.760e+02 1.63126e-08 2.88376e-07
5.770e+02 1.68271e-08 2.96950e-07
5.780e+02 1.73558e-08 3.05744e-07
5.790e+02 1.78988e-08 3.14755e-07
5.800e+02 1.84567e-08 3.23996e-07
5.810e+02 1.90296e-08 3.33466e-07
5.820e+02 1.96179e-08 3.43171e-07
5.830e+02 2.02222e-08 3.53121e-07
5.840e+02 2.08424e-08 3.63312e-07
5.850e+02 2.14794e-08 3.73756e-07
5.860e+02 2.21334e-08 3.84458e-07
5.870e+02 2.28045e-08 3.95419e-07
5.880e+02 2.34934e-08 4.06645e-07
5.890e+02 2.42005e-08 4.18146e-07
5.900e+02 2.49261e-08 4.29925e-07
5.910e+02 2.56709e-08 4.41990e-07
5.920e+02 2.64350e-08 4.54345e-07
5.930e+02 2.72190e-08 4.66994e-07
5.940e+02 2.80235e-08 4.79950e-07
5.950e+02 2.88488e-08 4.93214e-07
5.960e+02 2.96955e-08 5.06794e-07
5.970e+02 3.05641e-08 5.20698e-07
5.980e+02 3.14550e-08 5.34932e-07
5.990e+02 3.23689e-08 5.49504e-07
6.000e+02 3.33059e-08 5.64419e-07
6.010e+02 3.42674e-08 5.79688e-07
6.020e+02 3.52534e-08 5.95317e-07
6.030e+02 3.62641e-08 6.11309e-07
6.040e+02 3.73064e-08 6.27773e-07
6.050e+02 3.84172e-08 6.44424e-07
6.060e+02 3.94178e-08 6.61627e-07
6.070e+02 4.05747e-08 6.79171e-07
6.080e+02 4.17150e-08 6.97043e-07
6.090e+02 4.28883e-08 7.15391e-07
6.100e+02 4.40909e-08 7.34159e-07
6.110e+02 4.53253e-08 7.53363e-07
6.120e+02 4.65868e-08 7.73002e-07
6.130e+02 4.78816e-08 7.93099e-07
6.140e+02 4.92083e-08 8.13637e-07
6.150e+02 5.05668e-08 8.34641e-07
6.160e+02 5.15069e-08 8.56851e-07
6.170e+02 5.33835e-08 8.78036e-07
6.180e+02 5.48448e-08 9.00489e-07
6.190e+02 5.63395e-08 9.23407e-07
6.200e+02 5.78710e-08 9.46844e-07
6.210e+02 5.94389e-08 9.70807e-07
6.220e+02 6.10462e-08 9.95285e-07
6.230e+02 6.26996e-08 1.02029e-06
6.240e+02 6.43729e-08 1.04587e-06
6.250e+02 6.60990e-08 1.07199e-06
6.260e+02 6.78636e-08 1.09867e-06
6.270e+02 6.96691e-08 1.12592e-06
6.280e+02 7.15176e-08 1.15376e-06
6.290e+02 7.34096e-08 1.18220e-06
6.300e+02 7.53454e-08 1.21123e-06
6.310e+02 7.73279e-08 1.24090e-06
6.320e+02 7.93541e-08 1.27117e-06
6.330e+02 8.14288e-08 1.30209e-06
6.340e+02 8.35493e-08 1.33364e-06
6.350e+02 8.57198e-08 1.36586e-06
6.360e+02 8.79364e-08 1.39876e-06
6.370e+02 9.02092e-08 1.43230e-06
6.380e+02 9.25304e-08 1.46654e-06
6.390e+02 9.49054e-08 1.50151e-06
6.400e+02 9.73330e-08 1.53717e-06
6.410e+02 9.98121e-08 1.57351e-06
6.420e+02 1.02348e-07 1.61060e-06
6.430e+02 1.04941e-07 1.64844e-06
6.440e+02 1.07591e-07 1.68704e-06
6.450e+02 1.10296e-07 1.72638e-06
6.460e+02 1.13050e-07 1.76650e-06
6.470e+02 1.15894e-07 1.80745e-06
6.480e+02 1.18784e-07 1.84918e-06
6.490e+02 1.21730e-07 1.89171e-06
6.500e+02 1.24751e-07 1.93506e-06
6.510e+02 1.27830e-07 1.97921e-06
6.520e+02 1.30979e-07 2.02428e-06
6.530e+02 1.34194e-07 2.07020e-06
6.540e+02 1.37479e-07 2.11702e-06
6.550e+02 1.40833e-07 2.16470e-06
6.560e+02 1.44256e-07 2.21329e-06
6.570e+02 1.47754e-07 2.26281e-06
6.580e+02 1.51323e-07 2.31325e-06
6.590e+02 1.54969e-07 2.36460e-06
6.600e+02 1.58693e-07 2.41701e-06
6.610e+02 1.62497e-07 2.47033e-06
6.620e+02 1.66390e-07 2.52462e-06
6.630e+02 1.70333e-07 2.57995e-06
6.640e+02 1.74373e-07 2.63627e-06
6.650e+02 1.78535e-07 2.69354e-06
6.660e+02 1.82705e-07 2.75198e-06
6.670e+02 1.86997e-07 2.81140e-06
6.680e+02 1.91376e-07 2.87187e-06
6.690e+02 1.95842e-07 2.93331e-06
6.700e+02 2.00398e-07 2.99601e-06
6.710e+02 2.05044e-07 3.05973e-06
6.720e+02 2.09783e-07 3.12454e-06
6.730e+02 2.14614e-07 3.19046e-06
6.740e+02 2.19539e-07 3.25752e-06
6.750e+02 2.24564e-07 3.32575e-06
6.760e+02 2.29696e-07 3.39531e-06
6.770e+02 2.34954e-07 3.46647e-06
6.780e+02 2.40373e-07 3.53979e-06
6.790e+02 2.45998e-07 3.61601e-06
6.800e+02 2.51872e-07 3.69584e-06
6.810e+02 2.57993e-07 3.78024e-06
6.820e+02 2.64608e-07 3.87032e-06
6.830e+02 2.71561e-07 3.96660e-06
6.840e+02 2.78954e-07 4.06951e-06
6.850e+02 2.86817e-07 4.17988e-06
6.860e+02 2.95172e-07 4.29786e-06
6.870e+02 3.04037e-07 4.42372e-06
6.880e+02 3.13403e-07 4.55741e-06
6.890e+02 3.23346e-07 4.69970e-06
6.900e+02 3.33816e-07 4.85009e-06
6.910e+02 3.44832e-07 5.00871e-06
6.920e+02 3.56420e-07 5.17568e-06
6.930e+02 3.68555e-07 5.35122e-06
6.940e+02 3.81299e-07 5.53547e-06
6.950e+02 3.94670e-07 5.72887e-06
6.960e+02 4.08682e-07 5.93157e-06
6.970e+02 4.23332e-07 6.14354e-06
6.980e+02 4.38651e-07 6.36520e-06
6.990e+02 4.54648e-07 6.59656e-06
7.000e+02 4.71338e-07 6.83774e-06
7.010e+02 4.88753e-07 7.08924e-06
7.020e+02 5.07089e-07 7.35076e-06
7.030e+02 5.25793e-07 7.62301e-06
7.040e+02 5.45419e-07 7.90531e-06
7.050e+02 5.65793e-07 8.19790e-06
7.060e+02 5.86923e-07 8.50077e-06
7.070e+02 6.08838e-07 8.81425e-06
7.080e+02 6.31566e-07 9.13868e-06
7.090e+02 6.55116e-07 9.47409e-06
7.100e+02 6.79531e-07 9.82107e-06
7.110e+02 7.04838e-07 1.01800e-05
7.120e+02 7.31088e-07 1.05515e-05
7.130e+02 7.58340e-07 1.09363e-05
7.140e+02 7.86615e-07 1.13348e-05
7.150e+02 8.15941e-07 1.17474e-05
7.160e+02 8.46369e-07 1.21745e-05
7.170e+02 8.77918e-07 1.26166e-05
7.180e+02 9.10599e-07 1.30736e-05
7.190e+02 9.44446e-07 1.35458e-05
7.200e+02 9.79476e-07 1.40335e-05
7.210e+02 1.01570e-06 1.45367e-05
7.220e+02 1.05313e-06 1.50554e-05
7.230e+02 1.09180e-06 1.55899e-05
7.240e+02 1.13169e-06 1.61401e-05
7.250e+02 1.17290e-06 1.67068e-05
7.260e+02 1.21548e-06 1.72909e-05
7.270e+02 1.25952e-06 1.78932e-05
7.280e+02 1.30502e-06 1.85144e-05
7.290e+02 1.35210e-06 1.91556e-05
7.300e+02 1.40081e-06 1.98175e-05
7.310e+02 1.45119e-06 2.05007e-05
7.320e+02 1.50332e-06 2.12060e-05
7.330e+02 1.55726e-06 2.19341e-05
7.340e+02 1.61299e-06 2.26849e-05
7.350e+02 1.67054e-06 2.34582e-05
7.360e+02 1.72989e-06 2.42542e-05
7.370e+02 1.79108e-06 2.50729e-05
7.380e+02 1.85418e-06 2.59147e-05
7.390e+02 1.91922e-06 2.67806e-05
7.400e+02 1.98629e-06 2.76708e-05
7.410e+02 2.05540e-06 2.85857e-05
7.420e+02 2.12662e-06 2.95261e-05
7.430e+02 2.20000e-06 3.04926e-05
7.440e+02 2.27555e-06 3.14858e-05
7.450e+02 2.35359e-06 3.25082e-05
7.460e+02 2.43410e-06 3.35608e-05
7.470e+02 2.51717e-06 3.46445e-05
7.480e+02 2.60290e-06 3.57601e-05
7.490e+02 2.69126e-06 3.69075e-05
7.500e+02 2.78228e-06 3.80865e-05
7.510e+02 2.87597e-06 3.92975e-05
7.520e+02 2.97243e-06 4.05411e-05
7.530e+02 3.07160e-06 4.18171e-05
7.540e+02 3.17366e-06 4.31258e-05
7.550e+02 3.27866e-06 4.44690e-05
7.560e+02 3.38656e-06 4.58456e-05
7.570e+02 3.49732e-06 4.72550e-05
7.580e+02 3.61113e-06 4.86994e-05
7.590e+02 3.72809e-06 5.01796e-05
7.600e+02 3.84807e-06 5.16962e-05
7.610e+02 3.97157e-06 5.32508e-05
7.620e+02 4.09877e-06 5.48454e-05
7.630e+02 4.22933e-06 5.64803e-05
7.640e+02 4.36334e-06 5.81543e-05
7.650e+02 4.50093e-06 5.98688e-05
7.660e+02 4.64215e-06 6.16239e-05
7.670e+02 4.78697e-06 6.34190e-05
7.680e+02 4.93552e-06 6.52551e-05
7.690e+02 5.08798e-06 6.71344e-05
7.700e+02 5.24431e-06 6.90560e-05
7.710e+02 5.40451e-06 7.10196e-05
7.720e+02 5.56852e-06 7.30257e-05
7.730e+02 5.73660e-06 7.50738e-05
7.740e+02 5.90862e-06 7.71649e-05
7.750e+02 6.08484e-06 7.93011e-05
7.760e+02 6.26551e-06 8.14849e-05
7.770e+02 6.45076e-06 8.37180e-05
7.780e+02 6.64118e-06 8.60025e-05
7.790e+02 6.83583e-06 8.83416e-05
7.800e+02 7.03579e-06 9.07336e-05
7.810e+02 7.24071e-06 9.31790e-05
7.820e+02 7.45062e-06 9.56778e-05
7.830e+02 7.66554e-06 9.82290e-05
7.840e+02 7.88523e-06 1.00832e-04
7.850e+02 8.11014e-06 1.03489e-04
7.860e+02 8.34040e-06 1.06202e-04
7.870e+02 8.57621e-06 1.08972e-04
7.880e+02 8.81770e-06 1.11800e-04
7.890e+02 9.06487e-06 1.14688e-04
7.900e+02 9.31754e-06 1.17632e-04
7.910e+02 9.57513e-06 1.20631e-04
7.920e+02 9.83923e-06 1.23687e-04
7.930e+02 1.01086e-05 1.26801e-04
7.940e+02 1.03838e-05 1.29976e-04
7.950e+02 1.06658e-05 1.33216e-04
7.960e+02 1.09543e-05 1.36524e-04
7.970e+02 1.12496e-05 1.39901e-04
7.980e+02 1.15516e-05 1.43345e-04
7.990e+02 1.18601e-05 1.46856e-04
8.000e+02 1.21752e-05 1.50431e-04
8.010e+02 1.24966e-05 1.54069e-04
8.020e+02 1.28245e-05 1.57770e-04
8.030e+02 1.31590e-05 1.61536e-04
8.040e+02 1.35005e-05 1.65369e-04
8.050e+02 1.38491e-05 1.69272e-04
8.060e+02 1.42050e-05 1.73244e-04
8.070e+02 1.45685e-05 1.77287e-04
8.080e+02 1.49390e-05 1.81399e-04
8.090e+02 1.53164e-05 1.85579e-04
8.100e+02 1.57013e-05 1.89826e-04
8.110e+02 1.60934e-05 1.94141e-04
8.120e+02 1.64930e-05 1.98526e-04
8.130e+02 1.69008e-05 2.02982e-04
8.140e+02 1.73153e-05 2.07512e-04
8.150e+02 1.77383e-05 2.12115e-04
8.160e+02 1.81692e-05 2.16790e-04
8.170e+02 1.86080e-05 2.21536e-04
8.180e+02 1.90546e-05 2.26354e-04
8.190e+02 1.95091e-05 2.31242e-04
8.200e+02 1.99713e-05 2.36198e-04
8.210e+02 2.04416e-05 2.41223e-04
8.220e+02 2.09196e-05 2.46317e-04
8.230e+02 2.14054e-05 2.51478e-04
8.240e+02 2.18988e-05 2.56705e-04
8.250e+02 2.24000e-05 2.61996e-04
8.260e+02 2.29089e-05 2.67350e-04
8.270e+02 2.34254e-05 2.72767e-04
8.280e+02 2.39494e-05 2.78244e-04
8.290e+02 2.44812e-05 2.83782e-04
8.300e+02 2.50202e-05 2.89379e-04
8.310e+02 2.55667e-05 2.95033e-04
8.320e+02 2.61204e-05 3.00743e-04
8.330e+02 2.66815e-05 3.06508e-04
8.340e+02 2.72501e-05 3.12328e-04
8.350e+02 2.78262e-05 3.18205e-04
8.360e+02 2.84098e-05 3.24138e-04
8.370e+02 2.90010e-05 3.30127e-04
8.380e+02 2.95995e-05 3.36169e-04
8.390e+02 3.02051e-05 3.42261e-04
8.400e+02 3.08175e-05 3.48399e-04
8.410e+02 3.14366e-05 3.54583e-04
8.420e+02 3.20626e-05 3.60811e-04
8.430e+02 3.26955e-05 3.67083e-04
8.440e+02 3.33355e-05 3.73400e-04
8.450e+02 3.39823e-05 3.79761e-04
8.460e+02 3.46356e-05 3.86163e-04
8.470e+02 3.52952e-05 3.92599e-04
8.480e+02 3.59603e-05 3.99067e-04
8.490e+02 3.66309e-05 4.05561e-04
8.500e+02 3.73068e-05 4.12081e-04
8.510e+02 3.79887e-05 4.18630e-04
8.520e+02 3.86771e-05 4.25213e-04
8.530e+02 3.93720e-05 4.31831e-04
8.540e+02 4.00736e-05 4.38486e-04
8.550e+02 4.07816e-05 4.45174e-04
8.560e+02 4.14949e-05 4.51888e-04
8.570e+02 4.22130e-05 4.58619e-04
8.580e+02 4.29351e-05 4.65361e-04
8.590e+02 4.36611e-05 4.72109e-04
8.600e+02 4.43909e-05 4.78863e-04
8.610e+02 4.51252e-05 4.85626e-04
8.620e+02 4.58643e-05 4.92402e-04
8.630e+02 4.66086e-05 4.99194e-04
8.640e+02 4.73581e-05 5.06001e-04
8.650e+02 4.81123e-05 5.12820e-04
8.660e+02 4.88704e-05 5.19644e-04
8.670e+02 4.96319e-05 5.26467e-04
8.680e+02 5.03964e-05 5.33287e-04
8.690e+02 5.11636e-05 5.40101e-04
8.700e+02 5.19337e-05 5.46908e-04
8.710e+02 5.27067e-05 5.53711e-04
8.720e+02 5.34832e-05 5.60511e-04
8.730e+02 5.42633e-05 5.67310e-04
8.740e+02 5.50471e-05 5.74106e-04
8.750e+02 5.58345e-05 5.80899e-04
8.760e+02 5.66251e-05 5.87686e-04
8.770e+02 5.74184e-05 5.94461e-04
8.780e+02 5.86477e-05 6.00613e-04
8.790e+02 5.90101e-05 6.07954e-04
8.800e+02 5.98070e-05 6.14658e-04
8.810e+02 6.06038e-05 6.21327e-04
8.820e+02 6.14004e-05 6.27957e-04
8.830e+02 6.21966e-05 6.34546e-04
8.840e+02 6.29935e-05 6.41103e-04
8.850e+02 6.37918e-05 6.47631e-04
8.860e+02 6.45927e-05 6.54143e-04
8.870e+02 6.53966e-05 6.60644e-04
8.880e+02 6.62026e-05 6.67128e-04
8.890e+02 6.70100e-05 6.73589e-04
8.900e+02 6.78172e-05 6.80016e-04
8.910e+02 6.86226e-05 6.86391e-04
8.920e+02 6.94254e-05 6.92707e-04
8.930e+02 7.02262e-05 6.98966e-04
8.940e+02 7.10257e-05 7.05174e-04
8.950e+02 7.18249e-05 7.11338e-04
8.960e+02 7.26249e-05 7.17472e-04
8.970e+02 7.34258e-05 7.23576e-04
8.980e+02 7.42270e-05 7.29647e-04
8.990e+02 7.50273e-05 7.35677e-04
9.000e+02 7.58257e-05 7.41654e-04
9.010e+02 7.66212e-05 7.47568e-04
9.020e+02 7.74137e-05 7.53418e-04
9.030e+02 7.82035e-05 7.59207e-04
9.040e+02 7.89919e-05 7.64943e-04
9.050e+02 7.97798e-05 7.70636e-04
9.060e+02 8.05673e-05 7.76291e-04
9.070e+02 8.13545e-05 7.81911e-04
9.080e+02 8.21406e-05 7.87488e-04
9.090e+02 8.29248e-05 7.93016e-04
9.100e+02 8.37068e-05 7.98491e-04
9.110e+02 8.44857e-05 8.03905e-04
9.120e+02 8.52625e-05 8.09265e-04
9.130e+02 8.60372e-05 8.14572e-04
9.140e+02 8.68097e-05 8.19825e-04
9.150e+02 8.75816e-05 8.25039e-04
9.160e+02 8.83519e-05 8.30208e-04
9.170e+02 8.91211e-05 8.35336e-04
9.180e+02 8.98890e-05 8.40421e-04
9.190e+02 9.06550e-05 8.45460e-04
9.200e+02 9.14183e-05 8.50444e-04
9.210e+02 9.21796e-05 8.55379e-04
9.220e+02 9.29388e-05 8.60265e-04
9.230e+02 9.36953e-05 8.65097e-04
9.240e+02 9.44502e-05 8.69886e-04
9.250e+02 9.52023e-05 8.74622e-04
9.260e+02 9.59526e-05 8.79312e-04
9.270e+02 9.67005e-05 8.83953e-04
9.280e+02 9.74463e-05 8.88547e-04
9.290e+02 9.81901e-05 8.93095e-04
9.300e+02 9.89326e-05 8.97601e-04
9.310e+02 9.96736e-05 9.02065e-04
9.320e+02 1.00413e-04 9.06485e-04
9.330e+02 1.01149e-04 9.10857e-04
9.340e+02 1.01883e-04 9.15177e-04
9.350e+02 1.02612e-04 9.19441e-04
9.360e+02 1.03338e-04 9.23648e-04
9.370e+02 1.04061e-04 9.27801e-04
9.380e+02 1.04781e-04 9.31900e-04
9.390e+02 1.05498e-04 9.35944e-04
9.400e+02 1.06211e-04 9.39941e-04
9.410e+02 1.06923e-04 9.43892e-04
9.420e+02 1.07632e-04 9.47790e-04
9.430e+02 1.08337e-04 9.51633e-04
9.440e+02 1.09030e-04 9.55316e-04
9.450e+02 1.09736e-04 9.59153e-04
9.460e+02 1.10429e-04 9.62817e-04
9.470e+02 1.11117e-04 9.66423e-04
9.480e+02 1.11801e-04 9.69975e-04
9.490e+02 1.12482e-04 9.73472e-04
9.500e+02 1.13160e-04 9.76921e-04
9.510e+02 1.13837e-04 9.80334e-04
9.520e+02 1.14511e-04 9.83706e-04
9.530e+02 1.15183e-04 9.87032e-04
9.540e+02 1.15851e-04 9.90314e-04
9.550e+02 1.16508e-04 9.93546e-04
9.560e+02 1.17176e-04 9.96714e-04
9.570e+02 1.17829e-04 9.99817e-04
9.580e+02 1.18478e-04 1.00286e-03
9.590e+02 1.19120e-04 1.00583e-03
9.600e+02 1.19757e-04 1.00873e-03
9.610e+02 1.20388e-04 1.01156e-03
9.620e+02 1.21005e-04 1.01422e-03
9.630e+02 1.21634e-04 1.01704e-03
9.640e+02 1.22250e-04 1.01967e-03
9.650e+02 1.22859e-04 1.02224e-03
9.660e+02 1.23461e-04 1.02474e-03
9.670e+02 1.24047e-04 1.02715e-03
9.680e+02 1.24642e-04 1.02949e-03
9.690e+02 1.25212e-04 1.03176e-03
9.700e+02 1.25794e-04 1.03394e-03
9.710e+02 1.26360e-04 1.03606e-03
9.720e+02 1.26919e-04 1.03810e-03
9.730e+02 1.27476e-04 1.04007e-03
9.740e+02 1.28016e-04 1.04197e-03
9.750e+02 1.28553e-04 1.04379e-03
9.760e+02 1.29081e-04 1.04552e-03
9.770e+02 1.29601e-04 1.04718e-03
9.780e+02 1.30112e-04 1.04874e-03
9.790e+02 1.30610e-04 1.05022e-03
9.800e+02 1.31103e-04 1.05160e-03
9.810e+02 1.31582e-04 1.05287e-03
9.820e+02 1.32049e-04 1.05404e-03
9.830e+02 1.32503e-04 1.05509e-03
9.840e+02 1.32946e-04 1.05604e-03
9.850e+02 1.33375e-04 1.05687e-03
9.860e+02 1.33793e-04 1.05759e-03
9.870e+02 1.34199e-04 1.05821e-03
9.880e+02 1.34593e-04 1.05872e-03
9.890e+02 1.34974e-04 1.05912e-03
9.900e+02 1.35341e-04 1.05941e-03
9.910e+02 1.35693e-04 1.05957e-03
9.920e+02 1.36030e-04 1.05960e-03
9.930e+02 1.36349e-04 1.05949e-03
9.940e+02 1.36653e-04 1.05924e-03
9.950e+02 1.36941e-04 1.05887e-03
9.960e+02 1.37216e-04 1.05838e-03
9.970e+02 1.37478e-04 1.05778e-03
9.980e+02 1.37725e-04 1.05707e-03
9.990e+02 1.37958e-04 1.05624e-03
1.000e+03 1.38174e-04 1.05528e-03
1.001e+03 1.38371e-04 1.05418e-03
1.002e+03 1.38547e-04 1.05292e-03
1.003e+03 1.38703e-04 1.05151e-03
1.004e+03 1.38841e-04 1.04995e-03
1.005e+03 1.38961e-04 1.04824e-03
1.006e+03 1.39066e-04 1.04642e-03
1.007e+03 1.39156e-04 1.04448e-03
1.008e+03 1.39230e-04 1.04241e-03
1.009e+03 1.39286e-04 1.04022e-03
1.010e+03 1.39323e-04 1.03788e-03
1.011e+03 1.39337e-04 1.03539e-03
1.012e+03 1.39328e-04 1.03274e-03
1.013e+03 1.39287e-04 1.02980e-03
1.014e+03 1.39234e-04 1.02683e-03
1.015e+03 1.39173e-04 1.02383e-03
1.016e+03 1.39085e-04 1.02059e-03
1.017e+03 1.38981e-04 1.01724e-03
1.018e+03 1.38862e-04 1.01378e-03
1.019e+03 1.38726e-04 1.01020e-03
1.020e+03 1.38571e-04 1.00649e-03
1.021e+03 1.38491e-04 1.00254e-03
1.022e+03 1.38192e-04 9.98564e-04
1.023e+03 1.37975e-04 9.94444e-04
1.024e+03 1.37746e-04 9.90291e-04
1.025e+03 1.37487e-04 9.85889e-04
1.026e+03 1.37206e-04 9.81351e-04
1.027e+03 1.36906e-04 9.76683e-04
1.028e+03 1.36587e-04 9.71890e-04
1.029e+03 1.36250e-04 9.66978e-04
1.030e+03 1.35886e-04 9.61846e-04
1.031e+03 1.35515e-04 9.56714e-04
1.032e+03 1.35127e-04 9.51479e-04
1.033e+03 1.34723e-04 9.46138e-04
1.034e+03 1.34310e-04 9.40800e-04
1.035e+03 1.33870e-04 9.35249e-04
1.036e+03 1.33418e-04 9.29681e-04
1.037e+03 1.32937e-04 9.23872e-04
1.038e+03 1.32437e-04 9.17961e-04
1.039e+03 1.31922e-04 9.11993e-04
1.040e+03 1.31385e-04 9.05839e-04
1.041e+03 1.30847e-04 8.99770e-04
1.042e+03 1.30286e-04 8.93520e-04
1.043e+03 1.29703e-04 8.87094e-04
1.044e+03 1.29121e-04 8.80786e-04
1.045e+03 1.28510e-04 8.74236e-04
1.046e+03 1.27875e-04 8.67519e-04
1.047e+03 1.27233e-04 8.60839e-04
1.048e+03 1.26576e-04 8.54100e-04
1.049e+03 1.25901e-04 8.47245e-04
1.050e+03 1.25213e-04 8.40320e-04
1.051e+03 1.24512e-04 8.33336e-04
1.052e+03 1.23889e-04 8.26298e-04
1.053e+03 1.23073e-04 8.19182e-04
1.054e+03 1.22338e-04 8.12047e-04
1.055e+03 1.21590e-04 8.04860e-04
1.056e+03 1.20802e-04 7.97645e-04
1.057e+03 1.20065e-04 7.90430e-04
1.058e+03 1.19277e-04 7.83069e-04
1.059e+03 1.18477e-04 7.75655e-04
1.060e+03 1.17665e-04 7.68194e-04
1.061e+03 1.16843e-04 7.60693e-04
1.062e+03 1.16011e-04 7.53154e-04
1.063e+03 1.15168e-04 7.45580e-04
1.064e+03 1.14313e-04 7.37943e-04
1.065e+03 1.13526e-04 7.30245e-04
1.066e+03 1.12570e-04 7.22543e-04
1.067e+03 1.11697e-04 7.14945e-04
1.068e+03 1.10805e-04 7.07215e-04
1.069e+03 1.09904e-04 6.99440e-04
1.070e+03 1.08999e-04 6.91681e-04
1.071e+03 1.08080e-04 6.83836e-04
1.072e+03 1.07168e-04 6.76138e-04
1.073e+03 1.06246e-04 6.68386e-04
1.074e+03 1.05316e-04 6.60606e-04
1.075e+03 1.04379e-04 6.52801e-04
1.076e+03 1.03438e-04 6.45024e-04
1.077e+03 1.02493e-04 6.37252e-04
1.078e+03 1.01544e-04 6.29488e-04
1.079e+03 1.00593e-04 6.21756e-04
1.080e+03 9.96354e-05 6.14012e-04
1.081e+03 9.86731e-05 6.06259e-04
1.082e+03 9.76891e-05 5.98571e-04
1.083e+03 9.67471e-05 5.90881e-04
1.084e+03 9.57806e-05 5.83214e-04
1.085e+03 9.48108e-05 5.75552e-04
1.086e+03 9.38419e-05 5.67942e-04
1.087e+03 9.28719e-05 5.60362e-04
1.088e+03 9.19012e-05 5.52813e-04
1.089e+03 9.09307e-05 5.45300e-04
1.090e+03 8.99608e-05 5.37826e-04
1.091e+03 8.89918e-05 5.30390e-04
1.092e+03 8.80264e-05 5.23020e-04
1.093e+03 8.70613e-05 5.15676e-04
1.094e+03 8.60990e-05 5.08381e-04
1.095e+03 8.51200e-05 5.01140e-04
1.096e+03 8.41821e-05 4.93933e-04
1.097e+03 8.32291e-05 4.86799e-04
1.098e+03 8.22787e-05 4.79718e-04
1.099e+03 8.13133e-05 4.72704e-04
1.100e+03 8.03864e-05 4.65723e-04
1.101e+03 7.94261e-05 4.58795e-04
1.102e+03 7.85049e-05 4.51907e-04
1.103e+03 7.75722e-05 4.45097e-04
1.104e+03 7.66452e-05 4.38352e-04
1.105e+03 7.57237e-05 4.31669e-04
1.106e+03 7.48069e-05 4.25049e-04
1.107e+03 7.38941e-05 4.18487e-04
1.108e+03 7.29848e-05 4.11980e-04
1.109e+03 7.20789e-05 4.05528e-04
1.110e+03 7.11769e-05 3.99130e-04
1.111e+03 7.02794e-05 3.92788e-04
1.112e+03 6.93872e-05 3.86507e-04
1.113e+03 6.85022e-05 3.80294e-04
1.114e+03 6.76251e-05 3.74153e-04
1.115e+03 6.67563e-05 3.68089e-04
1.116e+03 6.58958e-05 3.62101e-04
1.117e+03 6.50427e-05 3.56184e-04
1.118e+03 6.41951e-05 3.50334e-04
1.119e+03 6.33528e-05 3.44547e-04
1.120e+03 6.25162e-05 3.38823e-04
1.121e+03 6.16860e-05 3.33162e-04
1.122e+03 6.08517e-05 3.27584e-04
1.123e+03 6.00498e-05 3.22054e-04
1.124e+03 5.92440e-05 3.16607e-04
1.125e+03 5.84465e-05 3.11233e-04
1.126e+03 5.76562e-05 3.05929e-04
1.127e+03 5.68729e-05 3.00691e-04
1.128e+03 5.60962e-05 2.95517e-04
1.129e+03 5.53269e-05 2.90411e-04
1.130e+03 5.45628e-05 2.85343e-04
1.131e+03 5.38091e-05 2.80371e-04
1.132e+03 5.30661e-05 2.75497e-04
1.133e+03 5.23296e-05 2.70667e-04
1.134e+03 5.16023e-05 2.65911e-04
1.135e+03 5.08842e-05 2.61228e-04
1.136e+03 5.01754e-05 2.56619e-04
1.137e+03 4.94752e-05 2.52081e-04
1.138e+03 4.87829e-05 2.47609e-04
1.139e+03 4.80976e-05 2.43202e-04
1.140e+03 4.74193e-05 2.38856e-04
1.141e+03 4.67488e-05 2.34571e-04
1.142e+03 4.60852e-05 2.30346e-04
1.143e+03 4.54295e-05 2.26182e-04
1.144e+03 4.47827e-05 2.22082e-04
1.145e+03 4.41419e-05 2.18042e-04
1.146e+03 4.35094e-05 2.14063e-04
1.147e+03 4.28843e-05 2.10144e-04
1.148e+03 4.22667e-05 2.06283e-04
1.149e+03 4.16568e-05 2.02481e-04
1.150e+03 4.10539e-05 1.98740e-04
1.151e+03 4.04605e-05 1.95058e-04
1.152e+03 3.98752e-05 1.91442e-04
1.153e+03 3.93000e-05 1.87887e-04
1.154e+03 3.87324e-05 1.84395e-04
1.155e+03 3.81734e-05 1.80963e-04
1.156e+03 3.76220e-05 1.77592e-04
1.157e+03 3.70781e-05 1.74276e-04
1.158e+03 3.65418e-05 1.71017e-04
1.159e+03 3.60078e-05 1.67818e-04
1.160e+03 3.54929e-05 1.64665e-04
1.161e+03 3.49803e-05 1.61572e-04
1.162e+03 3.44752e-05 1.58532e-04
1.163e+03 3.39778e-05 1.55547e-04
1.164e+03 3.34879e-05 1.52614e-04
1.165e+03 3.30051e-05 1.49733e-04
1.166e+03 3.25297e-05 1.46905e-04
1.167e+03 3.20627e-05 1.44129e-04
1.168e+03 3.16038e-05 1.41407e-04
1.169e+03 3.11540e-05 1.38744e-04
1.170e+03 3.07123e-05 1.36133e-04
1.171e+03 3.02793e-05 1.33573e-04
1.172e+03 2.98549e-05 1.31072e-04
1.173e+03 2.94379e-05 1.28621e-04
1.174e+03 2.90283e-05 1.26219e-04
1.175e+03 2.86258e-05 1.23866e-04
1.176e+03 2.82308e-05 1.21561e-04
1.177e+03 2.78434e-05 1.19303e-04
1.178e+03 2.74635e-05 1.17092e-04
1.179e+03 2.70873e-05 1.14929e-04
1.180e+03 2.67240e-05 1.12801e-04
1.181e+03 2.63631e-05 1.10719e-04
1.182e+03 2.60098e-05 1.08680e-04
1.183e+03 2.56621e-05 1.06676e-04
1.184e+03 2.53216e-05 1.04719e-04
1.185e+03 2.49886e-05 1.02803e-04
1.186e+03 2.46622e-05 1.00927e-04
1.187e+03 2.43430e-05 9.90943e-05
1.188e+03 2.40305e-05 9.73032e-05
1.189e+03 2.37249e-05 9.55540e-05
1.190e+03 2.34268e-05 9.38457e-05
1.191e+03 2.31356e-05 9.21781e-05
1.192e+03 2.28514e-05 9.05512e-05
1.193e+03 2.25737e-05 8.89629e-05
1.194e+03 2.23021e-05 8.74111e-05
1.195e+03 2.20362e-05 8.58944e-05
1.196e+03 2.17761e-05 8.44131e-05
1.197e+03 2.15214e-05 8.29616e-05
1.198e+03 2.12727e-05 8.15441e-05
1.199e+03 2.10291e-05 8.01580e-05
1.200e+03 2.07910e-05 7.88033e-05
1.201e+03 2.05574e-05 7.74759e-05
1.202e+03 2.03315e-05 7.61871e-05
1.203e+03 2.01100e-05 7.49245e-05
1.204e+03 1.98942e-05 7.36932e-05
1.205e+03 1.96838e-05 7.24921e-05
1.206e+03 1.94790e-05 7.13211e-05
1.207e+03 1.92799e-05 7.01806e-05
1.208e+03 1.90866e-05 6.90707e-05
1.209e+03 1.88992e-05 6.79913e-05
1.210e+03 1.87165e-05 6.69418e-05
1.211e+03 1.85393e-05 6.59177e-05
1.212e+03 1.83684e-05 6.49243e-05
1.213e+03 1.82032e-05 6.39535e-05
1.214e+03 1.80397e-05 6.30109e-05
1.215e+03 1.78826e-05 6.20929e-05
1.216e+03 1.77305e-05 6.11997e-05
1.217e+03 1.75827e-05 6.03298e-05
1.218e+03 1.74390e-05 5.94826e-05
1.219e+03 1.72998e-05 5.86577e-05
1.220e+03 1.71646e-05 5.78551e-05
1.221e+03 1.70346e-05 5.70745e-05
1.222e+03 1.69097e-05 5.63185e-05
1.223e+03 1.67897e-05 5.55862e-05
1.224e+03 1.66743e-05 5.48762e-05
1.225e+03 1.65633e-05 5.41886e-05
1.226e+03 1.64567e-05 5.35230e-05
1.227e+03 1.63547e-05 5.28789e-05
1.228e+03 1.62578e-05 5.22574e-05
1.229e+03 1.61661e-05 5.16590e-05
1.230e+03 1.60795e-05 5.10837e-05
1.231e+03 1.59975e-05 5.05298e-05
1.232e+03 1.59201e-05 4.99973e-05
1.233e+03 1.58471e-05 4.94854e-05
1.234e+03 1.57784e-05 4.89934e-05
1.235e+03 1.57146e-05 4.85218e-05
1.236e+03 1.56557e-05 4.80714e-05
1.237e+03 1.56016e-05 4.76416e-05
1.238e+03 1.55522e-05 4.72320e-05
1.239e+03 1.55075e-05 4.68429e-05
1.240e+03 1.54674e-05 4.64734e-05
1.241e+03 1.54321e-05 4.61239e-05
1.242e+03 1.54017e-05 4.57946e-05
1.243e+03 1.53762e-05 4.54846e-05
1.244e+03 1.53554e-05 4.51946e-05
1.245e+03 1.53396e-05 4.49243e-05
1.246e+03 1.53286e-05 4.46728e-05
1.247e+03 1.53208e-05 4.44385e-05
1.248e+03 1.53179e-05 4.42202e-05
1.249e+03 1.53179e-05 4.40160e-05
1.250e+03 1.53206e-05 4.38239e-05
1.251e+03 1.53255e-05 4.36420e-05
1.252e+03 1.53324e-05 4.34687e-05
1.253e+03 1.53410e-05 4.33026e-05
1.254e+03 1.53510e-05 4.31426e-05
1.255e+03 1.53623e-05 4.29882e-05
1.256e+03 1.53747e-05 4.28382e-05
1.257e+03 1.53879e-05 4.26921e-05
1.258e+03 1.54022e-05 4.25497e-05
1.259e+03 1.54172e-05 4.24105e-05
1.260e+03 1.54331e-05 4.22745e-05
1.261e+03 1.54495e-05 4.21410e-05
1.262e+03 1.54664e-05 4.20098e-05
1.263e+03 1.54843e-05 4.18807e-05
1.264e+03 1.55025e-05 4.17535e-05
1.265e+03 1.55211e-05 4.16281e-05
1.266e+03 1.55401e-05 4.15039e-05
1.267e+03 1.55594e-05 4.13808e-05
1.268e+03 1.55791e-05 4.12593e-05
1.269e+03 1.55990e-05 4.11382e-05
1.270e+03 1.56192e-05 4.10179e-05
1.271e+03 1.56396e-05 4.08982e-05
1.272e+03 1.56601e-05 4.07791e-05
1.273e+03 1.56809e-05 4.06604e-05
1.274e+03 1.57018e-05 4.05424e-05
1.275e+03 1.57228e-05 4.04242e-05
1.276e+03 1.57441e-05 4.03068e-05
1.277e+03 1.57652e-05 4.01887e-05
1.278e+03 1.57864e-05 4.00712e-05
1.279e+03 1.58077e-05 3.99532e-05
1.280e+03 1.58291e-05 3.98353e-05
1.281e+03 1.58505e-05 3.97172e-05
1.282e+03 1.58718e-05 3.95990e-05
1.283e+03 1.58929e-05 3.94797e-05
1.284e+03 1.59147e-05 3.93618e-05
1.285e+03 1.59361e-05 3.92428e-05
1.286e+03 1.59575e-05 3.91236e-05
1.287e+03 1.59789e-05 3.90041e-05
1.288e+03 1.60003e-05 3.88844e-05
1.289e+03 1.60217e-05 3.87640e-05
1.290e+03 1.60430e-05 3.86434e-05
1.291e+03 1.60645e-05 3.85228e-05
1.292e+03 1.60853e-05 3.84014e-05
1.293e+03 1.61063e-05 3.82799e-05
1.294e+03 1.61281e-05 3.81573e-05
1.295e+03 1.61493e-05 3.80346e-05
1.296e+03 1.61704e-05 3.79115e-05
1.297e+03 1.61915e-05 3.77879e-05
1.298e+03 1.62126e-05 3.76639e-05
1.299e+03 1.62337e-05 3.75396e-05
1.300e+03 1.62545e-05 3.74143e-05
1.301e+03 1.62754e-05 3.72888e-05
1.302e+03 1.62961e-05 3.71628e-05
1.303e+03 1.63170e-05 3.70364e-05
1.304e+03 1.63378e-05 3.69097e-05
1.305e+03 1.63584e-05 3.67823e-05
1.306e+03 1.63791e-05 3.66540e-05
1.307e+03 1.63997e-05 3.65258e-05
1.308e+03 1.64202e-05 3.63969e-05
1.309e+03 1.64407e-05 3.62677e-05
1.310e+03 1.64612e-05 3.61375e-05
1.311e+03 1.64816e-05 3.60076e-05
1.312e+03 1.65020e-05 3.58766e-05
1.313e+03 1.65224e-05 3.57455e-05
1.314e+03 1.65428e-05 3.56140e-05
1.315e+03 1.65632e-05 3.54823e-05
1.316e+03 1.65835e-05 3.53499e-05
1.317e+03 1.66038e-05 3.52169e-05
1.318e+03 1.66241e-05 3.50838e-05
1.319e+03 1.66431e-05 3.49512e-05
1.320e+03 1.66648e-05 3.48167e-05
1.321e+03 1.66851e-05 3.46820e-05
1.322e+03 1.67055e-05 3.45478e-05
1.323e+03 1.67259e-05 3.44130e-05
1.324e+03 1.67463e-05 3.42778e-05
1.325e+03 1.67668e-05 3.41423e-05
1.326e+03 1.67872e-05 3.40066e-05
1.327e+03 1.68076e-05 3.38702e-05
1.328e+03 1.68284e-05 3.37343e-05
1.329e+03 1.68490e-05 3.35978e-05
1.330e+03 1.68696e-05 3.34611e-05
1.331e+03 1.68901e-05 3.33242e-05
1.332e+03 1.69111e-05 3.31868e-05
1.333e+03 1.69320e-05 3.30495e-05
1.334e+03 1.69531e-05 3.29120e-05
1.335e+03 1.69742e-05 3.27744e-05
1.336e+03 1.69955e-05 3.26368e-05
1.337e+03 1.70167e-05 3.24994e-05
1.338e+03 1.70386e-05 3.23617e-05
1.339e+03 1.70605e-05 3.22243e-05
1.340e+03 1.70826e-05 3.20870e-05
1.341e+03 1.71050e-05 3.19500e-05
1.342e+03 1.71276e-05 3.18134e-05
1.343e+03 1.71506e-05 3.16770e-05
1.344e+03 1.71739e-05 3.15411e-05
1.345e+03 1.71975e-05 3.14056e-05
1.346e+03 1.72216e-05 3.12706e-05
1.347e+03 1.72458e-05 3.11362e-05
1.348e+03 1.72709e-05 3.10024e-05
1.349e+03 1.72990e-05 3.08676e-05
1.350e+03 1.73237e-05 3.07356e-05
1.351e+03 1.73484e-05 3.06050e-05
1.352e+03 1.73752e-05 3.04741e-05
1.353e+03 1.74025e-05 3.03439e-05
1.354e+03 1.74304e-05 3.02144e-05
1.355e+03 1.74589e-05 3.00860e-05
1.356e+03 1.74876e-05 2.99578e-05
1.357e+03 1.75171e-05 2.98307e-05
1.358e+03 1.75471e-05 2.97044e-05
1.359e+03 1.75777e-05 2.95787e-05
1.360e+03 1.76088e-05 2.94539e-05
1.361e+03 1.76405e-05 2.93298e-05
1.362e+03 1.76727e-05 2.92064e-05
1.363e+03 1.77056e-05 2.90838e-05
1.364e+03 1.77390e-05 2.89620e-05
1.365e+03 1.77730e-05 2.88408e-05
1.366e+03 1.78077e-05 2.87204e-05
1.367e+03 1.78429e-05 2.86007e-05
1.368e+03 1.78788e-05 2.84817e-05
1.369e+03 1.79152e-05 2.83635e-05
1.370e+03 1.79522e-05 2.82457e-05
1.371e+03 1.79900e-05 2.81293e-05
1.372e+03 1.80284e-05 2.80128e-05
1.373e+03 1.80675e-05 2.78973e-05
1.374e+03 1.81071e-05 2.77825e-05
1.375e+03 1.81429e-05 2.76709e-05
1.376e+03 1.81877e-05 2.75549e-05
1.377e+03 1.82300e-05 2.74416e-05
1.378e+03 1.82720e-05 2.73297e-05
1.379e+03 1.83150e-05 2.72178e-05
1.380e+03 1.83591e-05 2.71069e-05
1.381e+03 1.84036e-05 2.69969e-05
1.382e+03 1.84488e-05 2.68871e-05
1.383e+03 1.84952e-05 2.67777e-05
1.384e+03 1.85410e-05 2.66691e-05
1.385e+03 1.85883e-05 2.65612e-05
1.386e+03 1.86364e-05 2.64539e-05
1.387e+03 1.86856e-05 2.63470e-05
1.388e+03 1.87348e-05 2.62408e-05
1.389e+03 1.87851e-05 2.61354e-05
1.390e+03 1.88364e-05 2.60305e-05
1.391e+03 1.88882e-05 2.59259e-05
1.392e+03 1.89409e-05 2.58219e-05
1.393e+03 1.89945e-05 2.57185e-05
1.394e+03 1.90481e-05 2.56159e-05
1.395e+03 1.91040e-05 2.55133e-05
1.396e+03 1.91600e-05 2.54115e-05
1.397e+03 1.92170e-05 2.53103e-05
1.398e+03 1.92748e-05 2.52097e-05
1.399e+03 1.93334e-05 2.51095e-05
1.400e+03 1.93929e-05 2.50097e-05
1.401e+03 1.94533e-05 2.49104e-05
1.402e+03 1.95151e-05 2.48113e-05
1.403e+03 1.95769e-05 2.47132e-05
1.404e+03 1.96400e-05 2.46153e-05
1.405e+03 1.97040e-05 2.45176e-05
1.406e+03 1.97690e-05 2.44206e-05
1.407e+03 1.98358e-05 2.43241e-05
1.408e+03 1.99013e-05 2.42288e-05
1.409e+03 1.99709e-05 2.41324e-05
1.410e+03 2.00392e-05 2.40372e-05
1.411e+03 2.01093e-05 2.39425e-05
1.412e+03 2.01806e-05 2.38485e-05
1.413e+03 2.02528e-05 2.37546e-05
1.414e+03 2.03261e-05 2.36611e-05
1.415e+03 2.04005e-05 2.35681e-05
1.416e+03 2.04752e-05 2.34755e-05
1.417e+03 2.05526e-05 2.33829e-05
1.418e+03 2.06306e-05 2.32915e-05
1.419e+03 2.07096e-05 2.32001e-05
1.420e+03 2.07898e-05 2.31091e-05
1.421e+03 2.08713e-05 2.30185e-05
1.422e+03 2.09540e-05 2.29283e-05
1.423e+03 2.10380e-05 2.28386e-05
1.424e+03 2.11232e-05 2.27492e-05
1.425e+03 2.12098e-05 2.26602e-05
1.426e+03 2.12977e-05 2.25716e-05
1.427e+03 2.13870e-05 2.24833e-05
1.428e+03 2.14776e-05 2.23955e-05
1.429e+03 2.15697e-05 2.23080e-05
1.430e+03 2.16631e-05 2.22209e-05
1.431e+03 2.17580e-05 2.21342e-05
1.432e+03 2.18544e-05 2.20478e-05
1.433e+03 2.19523e-05 2.19618e-05
1.434e+03 2.20518e-05 2.18761e-05
1.435e+03 2.21528e-05 2.17908e-05
1.436e+03 2.22555e-05 2.17058e-05
1.437e+03 2.23597e-05 2.16212e-05
1.438e+03 2.24656e-05 2.15369e-05
1.439e+03 2.25731e-05 2.14529e-05
1.440e+03 2.26824e-05 2.13692e-05
1.441e+03 2.27932e-05 2.12859e-05
1.442e+03 2.29062e-05 2.12029e-05
1.443e+03 2.30208e-05 2.11202e-05
1.444e+03 2.31372e-05 2.10378e-05
1.445e+03 2.32556e-05 2.09557e-05
1.446e+03 2.33759e-05 2.08739e-05
1.447e+03 2.34982e-05 2.07924e-05
1.448e+03 2.36223e-05 2.07112e-05
1.449e+03 2.37486e-05 2.06303e-05
1.450e+03 2.38770e-05 2.05497e-05
1.451e+03 2.40075e-05 2.04693e-05
1.452e+03 2.41402e-05 2.03892e-05
1.453e+03 2.42750e-05 2.03094e-05
1.454e+03 2.44122e-05 2.02299e-05
1.455e+03 2.45517e-05 2.01506e-05
1.456e+03 2.46934e-05 2.00716e-05
1.457e+03 2.48377e-05 1.99928e-05
1.458e+03 2.49845e-05 1.99143e-05
1.459e+03 2.51337e-05 1.98361e-05
1.460e+03 2.52856e-05 1.97581e-05
1.461e+03 2.54394e-05 1.96802e-05
1.462e+03 2.55971e-05 1.96029e-05
1.463e+03 2.57567e-05 1.95258e-05
1.464e+03 2.59204e-05 1.94486e-05
1.465e+03 2.60855e-05 1.93719e-05
1.466e+03 2.62542e-05 1.92954e-05
1.467e+03 2.64246e-05 1.92192e-05
1.468e+03 2.65991e-05 1.91432e-05
1.469e+03 2.67774e-05 1.90672e-05
1.470e+03 2.69608e-05 1.89913e-05
1.471e+03 2.71455e-05 1.89159e-05
1.472e+03 2.73334e-05 1.88409e-05
1.473e+03 2.75251e-05 1.87659e-05
1.474e+03 2.77201e-05 1.86914e-05
1.475e+03 2.79167e-05 1.86173e-05
1.476e+03 2.81194e-05 1.85432e-05
1.477e+03 2.83259e-05 1.84692e-05
1.478e+03 2.85376e-05 1.83955e-05
1.479e+03 2.87522e-05 1.83220e-05
1.480e+03 2.89711e-05 1.82488e-05
1.481e+03 2.91943e-05 1.81758e-05
1.482e+03 2.94219e-05 1.81030e-05
1.483e+03 2.96528e-05 1.80304e-05
1.484e+03 2.98919e-05 1.79578e-05
1.485e+03 3.01327e-05 1.78860e-05
1.486e+03 3.03793e-05 1.78141e-05
1.487e+03 3.06320e-05 1.77421e-05
1.488e+03 3.08891e-05 1.76706e-05
1.489e+03 3.11513e-05 1.75994e-05
1.490e+03 3.14183e-05 1.75287e-05
1.491e+03 3.16918e-05 1.74579e-05
1.492e+03 3.19722e-05 1.73871e-05
1.493e+03 3.22555e-05 1.73170e-05
1.494e+03 3.25473e-05 1.72468e-05
1.495e+03 3.28475e-05 1.71766e-05
1.496e+03 3.31501e-05 1.71071e-05
1.497e+03 3.34626e-05 1.70373e-05
1.498e+03 3.37823e-05 1.69680e-05
1.499e+03 3.41080e-05 1.68989e-05
1.500e+03 3.44412e-05 1.68299e-05
1.501e+03 3.47811e-05 1.67615e-05
1.502e+03 3.51298e-05 1.66930e-05
1.503e+03 3.54867e-05 1.66247e-05
1.504e+03 3.58521e-05 1.65565e-05
1.505e+03 3.62263e-05 1.64886e-05
1.506e+03 3.66094e-05 1.64209e-05
1.507e+03 3.70018e-05 1.63533e-05
1.508e+03 3.74039e-05 1.62860e-05
1.509e+03 3.78160e-05 1.62188e-05
1.510e+03 3.82383e-05 1.61518e-05
1.511e+03 3.86713e-05 1.60851e-05
1.512e+03 3.91186e-05 1.60185e-05
1.513e+03 3.95708e-05 1.59521e-05
1.514e+03 4.00382e-05 1.58859e-05
1.515e+03 4.05177e-05 1.58198e-05
1.516e+03 4.10098e-05 1.57540e-05
1.517e+03 4.15152e-05 1.56884e-05
1.518e+03 4.20344e-05 1.56229e-05
1.519e+03 4.25677e-05 1.55576e-05
1.520e+03 4.31158e-05 1.54925e-05
1.521e+03 4.36791e-05 1.54275e-05
1.522e+03 4.42581e-05 1.53628e-05
1.523e+03 4.48539e-05 1.52982e-05
1.524e+03 4.54669e-05 1.52338e-05
1.525e+03 4.60976e-05 1.51696e-05
1.526e+03 4.67469e-05 1.51056e-05
1.527e+03 4.74156e-05 1.50418e-05
1.528e+03 4.81044e-05 1.49781e-05
1.529e+03 4.88145e-05 1.49146e-05
1.530e+03 4.95463e-05 1.48513e-05
1.531e+03 5.03010e-05 1.47882e-05
1.532e+03 5.10796e-05 1.47252e-05
1.533e+03 5.18837e-05 1.46624e-05
1.534e+03 5.27123e-05 1.46000e-05
1.535e+03 5.35697e-05 1.45375e-05
1.536e+03 5.44550e-05 1.44753e-05
1.537e+03 5.53698e-05 1.44133e-05
1.538e+03 5.63164e-05 1.43514e-05
1.539e+03 5.72955e-05 1.42897e-05
1.540e+03 5.83089e-05 1.42282e-05
1.541e+03 5.93581e-05 1.41669e-05
1.542e+03 6.04453e-05 1.41058e-05
1.543e+03 6.15720e-05 1.40448e-05
1.544e+03 6.27403e-05 1.39841e-05
1.545e+03 6.39527e-05 1.39235e-05
1.546e+03 6.52113e-05 1.38631e-05
1.547e+03 6.65181e-05 1.38029e-05
1.548e+03 6.78766e-05 1.37429e-05
1.549e+03 6.92902e-05 1.36828e-05
1.550e+03 7.07596e-05 1.36232e-05
1.551e+03 7.22883e-05 1.35638e-05
1.552e+03 7.38819e-05 1.35045e-05
1.553e+03 7.55426e-05 1.34455e-05
1.554e+03 7.72757e-05 1.33865e-05
1.555e+03 7.90841e-05 1.33277e-05
1.556e+03 8.09729e-05 1.32691e-05
1.557e+03 8.29457e-05 1.32107e-05
1.558e+03 8.50123e-05 1.31524e-05
1.559e+03 8.71742e-05 1.30943e-05
1.560e+03 8.94379e-05 1.30365e-05
1.561e+03 9.18128e-05 1.29787e-05
1.562e+03 9.43066e-05 1.29212e-05
1.563e+03 9.69246e-05 1.28638e-05
1.564e+03 9.96770e-05 1.28066e-05
1.565e+03 1.02573e-04 1.27495e-05
1.566e+03 1.05625e-04 1.26926e-05
1.567e+03 1.08842e-04 1.26359e-05
1.568e+03 1.12238e-04 1.25794e-05
1.569e+03 1.15828e-04 1.25230e-05
1.570e+03 1.19624e-04 1.24668e-05
1.571e+03 1.23648e-04 1.24107e-05
1.572e+03 1.27914e-04 1.23548e-05
1.573e+03 1.32445e-04 1.22991e-05
1.574e+03 1.37263e-04 1.22436e-05
1.575e+03 1.42396e-04 1.21880e-05
1.576e+03 1.47869e-04 1.21329e-05
1.577e+03 1.53716e-04 1.20778e-05
1.578e+03 1.59974e-04 1.20228e-05
1.579e+03 1.66679e-04 1.19681e-05
1.580e+03 1.73880e-04 1.19135e-05
1.581e+03 1.81629e-04 1.18589e-05
1.582e+03 1.89980e-04 1.18047e-05
1.583e+03 1.99003e-04 1.17506e-05
1.584e+03 2.08772e-04 1.16966e-05
1.585e+03 2.19377e-04 1.16427e-05
1.586e+03 2.30910e-04 1.15890e-05
1.587e+03 2.43494e-04 1.15355e-05
1.588e+03 2.57265e-04 1.14821e-05
1.589e+03 2.72371e-04 1.14290e-05
1.590e+03 2.89001e-04 1.13760e-05
1.591e+03 3.07373e-04 1.13230e-05
1.592e+03 3.27740e-04 1.12702e-05
1.593e+03 3.50409e-04 1.12176e-05
1.594e+03 3.75745e-04 1.11652e-05
1.595e+03 4.04206e-04 1.11129e-05
1.596e+03 4.36319e-04 1.10610e-05
1.597e+03 4.72763e-04 1.10087e-05
1.598e+03 5.14374e-04 1.09567e-05
1.599e+03 5.62173e-04 1.09050e-05
1.600e+03 6.17481e-04 1.08534e-05
1.601e+03 6.81992e-04 1.08019e-05
1.602e+03 7.57901e-04 1.07503e-05
1.603e+03 8.48087e-04 1.06990e-05
1.604e+03 9.56454e-04 1.06477e-05
1.605e+03 1.08830e-03 1.05965e-05
1.606e+03 1.25103e-03 1.05454e-05
1.607e+03 1.45523e-03 1.04942e-05
1.608e+03 1.71647e-03 1.04430e-05
1.609e+03 2.05846e-03 1.03916e-05
1.610e+03 2.51864e-03 1.03402e-05
1.611e+03 3.15916e-03 1.02882e-05
1.612e+03 4.08930e-03 1.02356e-05
1.613e+03 5.51602e-03 1.01819e-05
1.614e+03 7.87162e-03 1.01264e-05
1.615e+03 1.21885e-02 1.00669e-05
1.616e+03 2.14730e-02 9.99882e-06
1.617e+03 4.78785e-02 9.90554e-06
