0.000e+00 6.94696e-04 5.24430e-04
5.000e+00 7.27985e-04 5.67730e-04
1.000e+01 7.30188e-04 7.30783e-04
1.500e+01 7.96333e-04 1.12177e-03
2.000e+01 1.04508e-03 1.83785e-03
2.500e+01 1.61254e-03 2.95209e-03
3.000e+01 2.63112e-03 4.48334e-03
3.500e+01 4.18938e-03 6.47137e-03
4.000e+01 6.49003e-03 8.86649e-03
4.500e+01 9.13207e-03 1.10082e-02
5.000e+01 1.13040e-02 1.25926e-02
5.500e+01 1.31157e-02 1.38772e-02
6.000e+01 1.46999e-02 1.50034e-02
6.500e+01 1.60949e-02 1.59912e-02
7.000e+01 1.73303e-02 1.68359e-02
7.500e+01 1.84256e-02 1.75332e-02
8.000e+01 1.94246e-02 1.80609e-02
8.500e+01 2.03008e-02 1.84018e-02
9.000e+01 2.10029e-02 1.85228e-02
9.500e+01 2.14942e-02 1.84102e-02
1.000e+02 2.17474e-02 1.80609e-02
1.050e+02 2.17383e-02 1.74894e-02
1.100e+02 2.14562e-02 1.67197e-02
1.150e+02 2.08932e-02 1.57983e-02
1.200e+02 2.00839e-02 1.47617e-02
1.250e+02 1.90840e-02 1.36545e-02
1.300e+02 1.79517e-02 1.25130e-02
1.350e+02 1.67360e-02 1.13720e-02
1.400e+02 1.54707e-02 1.02612e-02
1.450e+02 1.41850e-02 9.20328e-03
1.500e+02 1.29246e-02 8.21419e-03
1.550e+02 1.17283e-02 7.30383e-03
1.600e+02 1.06173e-02 6.47612e-03
1.650e+02 9.59478e-03 5.73121e-03
1.700e+02 8.65587e-03 5.06247e-03
1.750e+02 7.80110e-03 4.47746e-03
1.800e+02 7.04093e-03 3.96294e-03
1.850e+02 6.37001e-03 3.51372e-03
1.900e+02 5.78036e-03 3.12413e-03
1.950e+02 5.25533e-03 2.78917e-03
2.000e+02 4.79710e-03 2.50278e-03
2.050e+02 4.40342e-03 2.25807e-03
2.100e+02 4.07026e-03 2.05060e-03
2.150e+02 3.78597e-03 1.87487e-03
2.200e+02 3.53961e-03 1.72669e-03
2.250e+02 3.33819e-03 1.59545e-03
2.300e+02 3.17002e-03 1.49090e-03
2.350e+02 3.03606e-03 1.40400e-03
2.400e+02 2.93104e-03 1.33243e-03
2.450e+02 2.85601e-03 1.27422e-03
2.500e+02 2.81262e-03 1.22646e-03
2.550e+02 2.79438e-03 1.18506e-03
2.600e+02 2.79356e-03 1.14769e-03
2.650e+02 2.80935e-03 1.11316e-03
2.700e+02 2.84415e-03 1.08070e-03
2.750e+02 2.90004e-03 1.04969e-03
2.800e+02 2.97787e-03 1.01957e-03
2.850e+02 3.08981e-03 9.82321e-04
2.900e+02 3.22399e-03 9.53451e-04
2.950e+02 3.39531e-03 9.24961e-04
3.000e+02 3.61004e-03 8.96839e-04
3.050e+02 3.87911e-03 8.69110e-04
3.100e+02 4.21741e-03 8.41781e-04
3.150e+02 4.64200e-03 8.14881e-04
3.200e+02 5.18091e-03 7.88361e-04
3.250e+02 5.87371e-03 7.62231e-04
3.300e+02 6.77660e-03 7.36523e-04
3.350e+02 7.98158e-03 7.11275e-04
3.400e+02 9.65676e-03 6.79128e-04
3.450e+02 1.20273e-02 6.54179e-04
3.500e+02 1.55980e-02 6.30917e-04
3.550e+02 2.13832e-02 6.08364e-04
3.600e+02 3.17862e-02 5.86146e-04
3.650e+02 5.37813e-02 5.56138e-04
3.700e+02 1.19960e-01 2.37208e-05

