  0.30000  0.08998  0.00015  0.00418  0.209E-09  0.695E-08  0.000E+00  0.000E+00  0.000E+00  0.000E+00  0.000E+00  0.000E+00  0.209E-09  0.695E-08
  0.30000  0.08998  0.00030  0.00433  0.234E-09  0.768E-08  0.000E+00  0.000E+00  0.000E+00  0.000E+00  0.000E+00  0.000E+00  0.234E-09  0.768E-08
  0.30000  0.08998  0.00045  0.00448  0.263E-09  0.848E-08  0.000E+00  0.000E+00  0.000E+00  0.000E+00  0.000E+00  0.000E+00  0.263E-09  0.848E-08
  0.30000  0.08998  0.00060  0.00463  0.295E-09  0.936E-08  0.000E+00  0.000E+00  0.000E+00  0.000E+00  0.000E+00  0.000E+00  0.295E-09  0.936E-08
  0.30000  0.08998  0.00075  0.00478  0.330E-09  0.103E-07  0.000E+00  0.000E+00  0.000E+00  0.000E+00  0.000E+00  0.000E+00  0.330E-09  0.103E-07
  0.30000  0.08998  0.00090  0.00493  0.370E-09  0.114E-07  0.000E+00  0.000E+00  0.000E+00  0.000E+00  0.000E+00  0.000E+00  0.370E-09  0.114E-07
  0.30000  0.08997  0.00105  0.00508  0.414E-09  0.126E-07  0.000E+00  0.000E+00  0.000E+00  0.000E+00  0.000E+00  0.000E+00  0.414E-09  0.126E-07
  0.30000  0.08997  0.00120  0.00523  0.463E-09  0.139E-07  0.000E+00  0.000E+00  0.000E+00  0.000E+00  0.000E+00  0.000E+00  0.463E-09  0.139E-07
  0.30000  0.08997  0.00135  0.00538  0.518E-09  0.153E-07  0.000E+00  0.000E+00  0.000E+00  0.000E+00  0.000E+00  0.000E+00  0.518E-09  0.153E-07
  0.30000  0.08997  0.00150  0.00553  0.579E-09  0.169E-07  0.000E+00  0.000E+00  0.000E+00  0.000E+00  0.000E+00  0.000E+00  0.579E-09  0.169E-07
  0.30000  0.08997  0.00165  0.00568  0.647E-09  0.186E-07  0.000E+00  0.000E+00  0.000E+00  0.000E+00  0.000E+00  0.000E+00  0.647E-09  0.186E-07
  0.30000  0.08997  0.00180  0.00583  0.722E-09  0.205E-07  0.000E+00  0.000E+00  0.000E+00  0.000E+00  0.000E+00  0.000E+00  0.722E-09  0.205E-07
  0.30000  0.08996  0.00195  0.00598  0.805E-09  0.226E-07  0.000E+00  0.000E+00  0.000E+00  0.000E+00  0.000E+00  0.000E+00  0.805E-09  0.226E-07
  0.30000  0.08996  0.00210  0.00613  0.898E-09  0.249E-07  0.000E+00  0.000E+00  0.000E+00  0.000E+00  0.000E+00  0.000E+00  0.898E-09  0.249E-07
  0.30000  0.08996  0.00225  0.00628  0.100E-08  0.275E-07  0.000E+00  0.000E+00  0.000E+00  0.000E+00  0.000E+00  0.000E+00  0.100E-08  0.275E-07
  0.30000  0.08996  0.00240  0.00643  0.111E-08  0.312E-07  0.000E+00  0.000E+00  0.000E+00  0.000E+00  0.000E+00  0.000E+00  0.111E-08  0.312E-07
  0.30000  0.08996  0.00255  0.00658  0.124E-08  0.457E-07  0.000E+00  0.000E+00  0.000E+00  0.000E+00  0.000E+00  0.000E+00  0.124E-08  0.457E-07
  0.30000  0.08995  0.00270  0.00673  0.138E-08  0.168E-06  0.000E+00  0.000E+00  0.000E+00  0.000E+00  0.000E+00  0.000E+00  0.138E-08  0.168E-06
  0.30000  0.08995  0.00285  0.00688  0.154E-08  0.118E-05  0.000E+00  0.000E+00  0.000E+00  0.000E+00  0.000E+00  0.000E+00  0.154E-08  0.118E-05
  0.30000  0.08995  0.00300  0.00703  0.171E-08  0.821E-05  0.000E+00  0.000E+00  0.000E+00  0.000E+00  0.000E+00  0.000E+00  0.171E-08  0.821E-05
  0.30000  0.08995  0.00315  0.00718  0.190E-08  0.481E-04  0.000E+00  0.000E+00  0.000E+00  0.000E+00  0.000E+00  0.000E+00  0.190E-08  0.481E-04
  0.30000  0.08995  0.00330  0.00733  0.210E-08  0.233E-03  0.000E+00  0.000E+00  0.000E+00  0.000E+00  0.000E+00  0.000E+00  0.210E-08  0.233E-03
  0.30000  0.08994  0.00345  0.00748  0.233E-08  0.927E-03  0.000E+00  0.000E+00  0.000E+00  0.000E+00  0.000E+00  0.000E+00  0.233E-08  0.927E-03
  0.30000  0.08994  0.00360  0.00763  0.259E-08  0.304E-02  0.000E+00  0.000E+00  0.000E+00  0.000E+00  0.000E+00  0.000E+00  0.259E-08  0.304E-02
  0.30000  0.08994  0.00375  0.00778  0.287E-08  0.819E-02  0.000E+00  0.000E+00  0.000E+00  0.000E+00  0.000E+00  0.000E+00  0.287E-08  0.819E-02
  0.30000  0.08994  0.00390  0.00793  0.318E-08  0.182E-01  0.000E+00  0.000E+00  0.000E+00  0.000E+00  0.000E+00  0.000E+00  0.318E-08  0.182E-01
  0.30000  0.08993  0.00405  0.00808  0.352E-08  0.331E-01  0.000E+00  0.000E+00  0.000E+00  0.000E+00  0.000E+00  0.000E+00  0.352E-08  0.331E-01
  0.30000  0.08993  0.00420  0.00823  0.389E-08  0.497E-01  0.000E+00  0.000E+00  0.000E+00  0.000E+00  0.000E+00  0.000E+00  0.389E-08  0.497E-01
  0.30000  0.08993  0.00435  0.00838  0.431E-08  0.614E-01  0.000E+00  0.000E+00  0.000E+00  0.000E+00  0.000E+00  0.000E+00  0.431E-08  0.614E-01
  0.30000  0.08993  0.00450  0.00853  0.476E-08  0.623E-01  0.000E+00  0.000E+00  0.000E+00  0.000E+00  0.000E+00  0.000E+00  0.476E-08  0.623E-01
  0.30000  0.08992  0.00465  0.00868  0.526E-08  0.521E-01  0.000E+00  0.000E+00  0.000E+00  0.000E+00  0.000E+00  0.000E+00  0.526E-08  0.521E-01
  0.30000  0.08992  0.00480  0.00883  0.580E-08  0.358E-01  0.000E+00  0.000E+00  0.000E+00  0.000E+00  0.000E+00  0.000E+00  0.580E-08  0.358E-01
  0.30000  0.08992  0.00495  0.00898  0.640E-08  0.202E-01  0.000E+00  0.000E+00  0.000E+00  0.000E+00  0.000E+00  0.000E+00  0.640E-08  0.202E-01
  0.30000  0.08992  0.00510  0.00913  0.706E-08  0.940E-02  0.000E+00  0.000E+00  0.000E+00  0.000E+00  0.000E+00  0.000E+00  0.706E-08  0.940E-02
  0.30000  0.08991  0.00525  0.00928  0.778E-08  0.360E-02  0.000E+00  0.000E+00  0.000E+00  0.000E+00  0.000E+00  0.000E+00  0.778E-08  0.360E-02
  0.30000  0.08991  0.00540  0.00943  0.857E-08  0.113E-02  0.000E+00  0.000E+00  0.000E+00  0.000E+00  0.000E+00  0.000E+00  0.857E-08  0.113E-02
  0.30000  0.08991  0.00555  0.00958  0.944E-08  0.293E-03  0.000E+00  0.000E+00  0.000E+00  0.000E+00  0.000E+00  0.000E+00  0.944E-08  0.293E-03
  0.30000  0.08991  0.00570  0.00973  0.104E-07  0.626E-04  0.000E+00  0.000E+00  0.000E+00  0.000E+00  0.000E+00  0.000E+00  0.104E-07  0.626E-04
  0.30000  0.08990  0.00585  0.00988  0.114E-07  0.112E-04  0.000E+00  0.000E+00  0.000E+00  0.000E+00  0.000E+00  0.000E+00  0.114E-07  0.112E-04
  0.30000  0.08990  0.00600  0.01003  0.126E-07  0.189E-05  0.000E+00  0.000E+00  0.000E+00  0.000E+00  0.000E+00  0.000E+00  0.126E-07  0.189E-05
  0.30000  0.08990  0.00615  0.01018  0.138E-07  0.812E-06  0.000E+00  0.000E+00  0.000E+00  0.000E+00  0.000E+00  0.000E+00  0.138E-07  0.812E-06
  0.30000  0.08989  0.00630  0.01033  0.151E-07  0.239E-05  0.000E+00  0.000E+00  0.000E+00  0.000E+00  0.000E+00  0.000E+00  0.151E-07  0.239E-05
  0.30000  0.08989  0.00645  0.01048  0.166E-07  0.110E-04  0.000E+00  0.000E+00  0.000E+00  0.000E+00  0.000E+00  0.000E+00  0.166E-07  0.110E-04
  0.30000  0.08989  0.00661  0.01063  0.182E-07  0.461E-04  0.000E+00  0.000E+00  0.000E+00  0.000E+00  0.000E+00  0.000E+00  0.182E-07  0.461E-04
  0.30000  0.08988  0.00676  0.01078  0.200E-07  0.162E-03  0.000E+00  0.000E+00  0.000E+00  0.000E+00  0.000E+00  0.000E+00  0.200E-07  0.162E-03
  0.30000  0.08988  0.00691  0.01093  0.219E-07  0.469E-03  0.000E+00  0.000E+00  0.000E+00  0.000E+00  0.000E+00  0.000E+00  0.219E-07  0.469E-03
  0.30000  0.08988  0.00706  0.01108  0.240E-07  0.112E-02  0.000E+00  0.000E+00  0.000E+00  0.000E+00  0.000E+00  0.000E+00  0.240E-07  0.112E-02
  0.30000  0.08987  0.00721  0.01123  0.262E-07  0.220E-02  0.000E+00  0.000E+00  0.000E+00  0.000E+00  0.000E+00  0.000E+00  0.262E-07  0.220E-02
  0.30000  0.08987  0.00736  0.01138  0.287E-07  0.356E-02  0.000E+00  0.000E+00  0.000E+00  0.000E+00  0.000E+00  0.000E+00  0.287E-07  0.356E-02
  0.30000  0.08987  0.00751  0.01153  0.314E-07  0.474E-02  0.000E+00  0.000E+00  0.000E+00  0.000E+00  0.000E+00  0.000E+00  0.314E-07  0.474E-02
  0.30000  0.08986  0.00766  0.01168  0.343E-07  0.518E-02  0.000E+00  0.000E+00  0.000E+00  0.000E+00  0.000E+00  0.000E+00  0.343E-07  0.518E-02
  0.30000  0.08986  0.00781  0.01183  0.374E-07  0.466E-02  0.000E+00  0.000E+00  0.000E+00  0.000E+00  0.000E+00  0.000E+00  0.374E-07  0.466E-02
  0.30000  0.08986  0.00796  0.01198  0.408E-07  0.345E-02  0.000E+00  0.000E+00  0.000E+00  0.000E+00  0.000E+00  0.000E+00  0.408E-07  0.345E-02
  0.30000  0.08985  0.00811  0.01213  0.445E-07  0.210E-02  0.000E+00  0.000E+00  0.000E+00  0.000E+00  0.000E+00  0.000E+00  0.445E-07  0.210E-02
  0.30000  0.08985  0.00826  0.01228  0.486E-07  0.106E-02  0.000E+00  0.000E+00  0.000E+00  0.000E+00  0.000E+00  0.000E+00  0.486E-07  0.106E-02
  0.30000  0.08985  0.00841  0.01243  0.529E-07  0.475E-03  0.000E+00  0.000E+00  0.000E+00  0.000E+00  0.000E+00  0.000E+00  0.529E-07  0.475E-03
  0.30000  0.08984  0.00856  0.01258  0.576E-07  0.331E-03  0.000E+00  0.000E+00  0.000E+00  0.000E+00  0.000E+00  0.000E+00  0.576E-07  0.331E-03
  0.30000  0.08984  0.00871  0.01273  0.628E-07  0.722E-03  0.000E+00  0.000E+00  0.000E+00  0.000E+00  0.000E+00  0.000E+00  0.628E-07  0.722E-03
  0.30000  0.08983  0.00886  0.01288  0.683E-07  0.209E-02  0.000E+00  0.000E+00  0.000E+00  0.000E+00  0.000E+00  0.000E+00  0.683E-07  0.209E-02
  0.30000  0.08983  0.00901  0.01303  0.743E-07  0.521E-02  0.000E+00  0.000E+00  0.000E+00  0.000E+00  0.000E+00  0.000E+00  0.743E-07  0.521E-02
  0.30000  0.08983  0.00916  0.01318  0.808E-07  0.108E-01  0.000E+00  0.000E+00  0.000E+00  0.000E+00  0.000E+00  0.000E+00  0.808E-07  0.108E-01
  0.30000  0.08982  0.00931  0.01333  0.878E-07  0.183E-01  0.000E+00  0.000E+00  0.000E+00  0.000E+00  0.000E+00  0.000E+00  0.878E-07  0.183E-01
  0.30000  0.08982  0.00946  0.01348  0.953E-07  0.255E-01  0.000E+00  0.000E+00  0.000E+00  0.000E+00  0.000E+00  0.000E+00  0.953E-07  0.255E-01
  0.30000  0.08981  0.00961  0.01363  0.104E-06  0.294E-01  0.000E+00  0.000E+00  0.000E+00  0.000E+00  0.000E+00  0.000E+00  0.104E-06  0.294E-01
  0.30000  0.08981  0.00976  0.01378  0.112E-06  0.278E-01  0.000E+00  0.000E+00  0.000E+00  0.000E+00  0.000E+00  0.000E+00  0.112E-06  0.278E-01
  0.30000  0.08981  0.00991  0.01393  0.122E-06  0.217E-01  0.000E+00  0.000E+00  0.000E+00  0.000E+00  0.000E+00  0.000E+00  0.122E-06  0.217E-01
  0.30000  0.08980  0.01006  0.01408  0.132E-06  0.142E-01  0.000E+00  0.000E+00  0.000E+00  0.000E+00  0.000E+00  0.000E+00  0.132E-06  0.142E-01
  0.30000  0.08980  0.01021  0.01423  0.144E-06  0.820E-02  0.000E+00  0.000E+00  0.000E+00  0.000E+00  0.000E+00  0.000E+00  0.144E-06  0.820E-02
  0.30000  0.08979  0.01036  0.01438  0.156E-06  0.510E-02  0.000E+00  0.000E+00  0.000E+00  0.000E+00  0.000E+00  0.000E+00  0.156E-06  0.510E-02
  0.30000  0.08979  0.01051  0.01453  0.169E-06  0.445E-02  0.000E+00  0.000E+00  0.000E+00  0.000E+00  0.000E+00  0.000E+00  0.169E-06  0.445E-02
  0.30000  0.08978  0.01066  0.01468  0.183E-06  0.498E-02  0.000E+00  0.000E+00  0.000E+00  0.000E+00  0.000E+00  0.000E+00  0.183E-06  0.498E-02
  0.30000  0.08978  0.01081  0.01483  0.198E-06  0.542E-02  0.000E+00  0.000E+00  0.000E+00  0.000E+00  0.000E+00  0.000E+00  0.198E-06  0.542E-02
  0.30000  0.08978  0.01096  0.01498  0.215E-06  0.507E-02  0.000E+00  0.000E+00  0.000E+00  0.000E+00  0.000E+00  0.000E+00  0.215E-06  0.507E-02
  0.30000  0.08977  0.01111  0.01513  0.233E-06  0.395E-02  0.000E+00  0.000E+00  0.000E+00  0.000E+00  0.000E+00  0.000E+00  0.233E-06  0.395E-02
  0.30000  0.08977  0.01126  0.01528  0.253E-06  0.256E-02  0.000E+00  0.000E+00  0.000E+00  0.000E+00  0.000E+00  0.000E+00  0.253E-06  0.256E-02
  0.30000  0.08976  0.01141  0.01543  0.275E-06  0.142E-02  0.000E+00  0.000E+00  0.000E+00  0.000E+00  0.000E+00  0.000E+00  0.275E-06  0.142E-02
  0.30000  0.08976  0.01156  0.01558  0.298E-06  0.727E-03  0.000E+00  0.000E+00  0.000E+00  0.000E+00  0.000E+00  0.000E+00  0.298E-06  0.727E-03
  0.30000  0.08975  0.01171  0.01573  0.324E-06  0.431E-03  0.000E+00  0.000E+00  0.000E+00  0.000E+00  0.000E+00  0.000E+00  0.324E-06  0.431E-03
  0.30000  0.08975  0.01186  0.01588  0.352E-06  0.375E-03  0.000E+00  0.000E+00  0.000E+00  0.000E+00  0.000E+00  0.000E+00  0.352E-06  0.375E-03
  0.30000  0.08974  0.01201  0.01603  0.229E-05  0.262E-02  0.000E+00  0.000E+00  0.000E+00  0.000E+00  0.000E+00  0.000E+00  0.229E-05  0.262E-02
  0.30000  0.08974  0.01216  0.01618  0.250E-05  0.333E-02  0.000E+00  0.000E+00  0.000E+00  0.000E+00  0.000E+00  0.000E+00  0.250E-05  0.333E-02
  0.30000  0.08973  0.01231  0.01633  0.272E-05  0.422E-02  0.000E+00  0.000E+00  0.000E+00  0.000E+00  0.000E+00  0.000E+00  0.272E-05  0.422E-02
  0.30000  0.08973  0.01246  0.01648  0.297E-05  0.525E-02  0.000E+00  0.000E+00  0.000E+00  0.000E+00  0.000E+00  0.000E+00  0.297E-05  0.525E-02
  0.30000  0.08972  0.01261  0.01663  0.324E-05  0.636E-02  0.000E+00  0.000E+00  0.000E+00  0.000E+00  0.000E+00  0.000E+00  0.324E-05  0.636E-02
  0.30000  0.08972  0.01276  0.01678  0.354E-05  0.753E-02  0.000E+00  0.000E+00  0.000E+00  0.000E+00  0.000E+00  0.000E+00  0.354E-05  0.753E-02
  0.30000  0.08971  0.01291  0.01693  0.387E-05  0.870E-02  0.000E+00  0.000E+00  0.000E+00  0.000E+00  0.000E+00  0.000E+00  0.387E-05  0.870E-02
  0.30000  0.08971  0.01306  0.01708  0.424E-05  0.980E-02  0.000E+00  0.000E+00  0.000E+00  0.000E+00  0.000E+00  0.000E+00  0.424E-05  0.980E-02
  0.30000  0.08970  0.01321  0.01723  0.466E-05  0.108E-01  0.000E+00  0.000E+00  0.000E+00  0.000E+00  0.000E+00  0.000E+00  0.466E-05  0.108E-01
  0.30000  0.08970  0.01336  0.01738  0.512E-05  0.115E-01  0.000E+00  0.000E+00  0.000E+00  0.000E+00  0.000E+00  0.000E+00  0.512E-05  0.115E-01
  0.30000  0.08969  0.01351  0.01753  0.563E-05  0.121E-01  0.000E+00  0.000E+00  0.000E+00  0.000E+00  0.000E+00  0.000E+00  0.563E-05  0.121E-01
  0.30000  0.08969  0.01366  0.01768  0.621E-05  0.123E-01  0.000E+00  0.000E+00  0.000E+00  0.000E+00  0.000E+00  0.000E+00  0.621E-05  0.123E-01
  0.30000  0.08968  0.01381  0.01783  0.686E-05  0.123E-01  0.000E+00  0.000E+00  0.000E+00  0.000E+00  0.000E+00  0.000E+00  0.686E-05  0.123E-01
  0.30000  0.08968  0.01396  0.01798  0.759E-05  0.119E-01  0.000E+00  0.000E+00  0.000E+00  0.000E+00  0.000E+00  0.000E+00  0.759E-05  0.119E-01
  0.30000  0.08967  0.01411  0.01813  0.840E-05  0.114E-01  0.000E+00  0.000E+00  0.000E+00  0.000E+00  0.000E+00  0.000E+00  0.840E-05  0.114E-01
  0.30000  0.08967  0.01426  0.01828  0.933E-05  0.110E-01  0.000E+00  0.000E+00  0.000E+00  0.000E+00  0.000E+00  0.000E+00  0.933E-05  0.110E-01
  0.30000  0.08966  0.01442  0.01843  0.104E-04  0.108E-01  0.000E+00  0.000E+00  0.000E+00  0.000E+00  0.000E+00  0.000E+00  0.104E-04  0.108E-01
  0.30000  0.08965  0.01457  0.01858  0.123E-04  0.113E-01  0.000E+00  0.000E+00  0.000E+00  0.000E+00  0.000E+00  0.000E+00  0.123E-04  0.113E-01
  0.30000  0.08965  0.01472  0.01873  0.179E-04  0.126E-01  0.000E+00  0.000E+00  0.000E+00  0.000E+00  0.000E+00  0.000E+00  0.179E-04  0.126E-01
  0.30000  0.08964  0.01487  0.01888  0.424E-04  0.142E-01  0.000E+00  0.000E+00  0.000E+00  0.000E+00  0.000E+00  0.000E+00  0.424E-04  0.142E-01
  0.30000  0.08964  0.01502  0.01903  0.143E-03  0.152E-01  0.000E+00  0.000E+00  0.000E+00  0.000E+00  0.000E+00  0.000E+00  0.143E-03  0.152E-01
