*******************************************************************************************************
Z     A     E(GeV)     Theta(deg)     Energy Loss(GeV)     Sigma(nb/sr/GeV)     ERROR     Citation     
*******************************************************************************************************
6     12     0.24          149.2             0.0012              0                     0
6     12     0.24          149.2             0.0036              0                     0
6     12     0.24          149.2             0.006              0                     0
6     12     0.24          149.2             0.0084              0                     0
6     12     0.24          149.2             0.0108              0                     0
6     12     0.24          149.2             0.0132              0.04826                     0.04826
6     12     0.24          149.2             0.0156              0.14478                     0.0835889
6     12     0.24          149.2             0.018              0.04826                     0.04826
6     12     0.24          149.2             0.0204              0.14478                     0.0835889
6     12     0.24          149.2             0.0228              0.14478                     0.0835889
6     12     0.24          149.2             0.0252              0.14478                     0.0835889
6     12     0.24          149.2             0.0276              0.2413                     0.107913
6     12     0.24          149.2             0.03              0.28956                     0.118212
6     12     0.24          149.2             0.0324              0.28956                     0.118212
6     12     0.24          149.2             0.0348              0.4826                     0.152612
6     12     0.24          149.2             0.0372              0.579121                     0.167178
6     12     0.24          149.2             0.0396              0.33782                     0.127684
6     12     0.24          149.2             0.042              0.675641                     0.180573
6     12     0.24          149.2             0.0444              0.38608                     0.1365
6     12     0.24          149.2             0.0468              0.868681                     0.20475
6     12     0.24          149.2             0.0492              1.01346                     0.221155
6     12     0.24          149.2             0.0516              0.579121                     0.167178
6     12     0.24          149.2             0.054              0.579121                     0.167178
6     12     0.24          149.2             0.0564              1.10998                     0.231447
6     12     0.24          149.2             0.0588              0.868681                     0.20475
6     12     0.24          149.2             0.0612              0.965201                     0.215825
6     12     0.24          149.2             0.0636              1.35128                     0.255368
6     12     0.24          149.2             0.066              1.06172                     0.22636
6     12     0.24          149.2             0.0684              1.30302                     0.250767
6     12     0.24          149.2             0.0708              1.35128                     0.255368
6     12     0.24          149.2             0.0732              1.78562                     0.293554
6     12     0.24          149.2             0.0756              1.01346                     0.221155
6     12     0.24          149.2             0.078              1.54432                     0.273
6     12     0.24          149.2             0.0804              1.59258                     0.277233
6     12     0.24          149.2             0.0828              1.59258                     0.277233
6     12     0.24          149.2             0.0852              1.73736                     0.28956
6     12     0.24          149.2             0.0876              0.965201                     0.215825
6     12     0.24          149.2             0.09              1.2065                     0.2413
6     12     0.24          149.2             0.0924              1.35128                     0.255368
6     12     0.24          149.2             0.0948              1.59258                     0.277233
6     12     0.24          149.2             0.0972              1.10998                     0.231447
6     12     0.24          149.2             0.0996              1.30302                     0.250767
6     12     0.24          149.2             0.102              0.868681                     0.20475
6     12     0.24          149.2             0.1044              0.868681                     0.20475
6     12     0.24          149.2             0.1068              0.820421                     0.198981
6     12     0.24          149.2             0.1092              1.97866                     0.309015
6     12     0.24          149.2             0.1116              0.772161                     0.19304
6     12     0.24          149.2             0.114              0.868681                     0.20475
6     12     0.24          149.2             0.1164              0.868681                     0.20475
6     12     0.24          149.2             0.1188              1.06172                     0.22636
6     12     0.24          149.2             0.1212              0.868681                     0.20475
6     12     0.24          149.2             0.1236              0.675641                     0.180573
6     12     0.24          149.2             0.126              1.25476                     0.246079
6     12     0.24          149.2             0.1284              0.820421                     0.198981
6     12     0.24          149.2             0.1308              0.772161                     0.19304
6     12     0.24          149.2             0.1332              0.627381                     0.174004
6     12     0.24          149.2             0.1356              0.723901                     0.18691
6     12     0.24          149.2             0.138              0.723901                     0.18691
6     12     0.24          149.2             0.1404              0.675641                     0.180573
6     12     0.24          149.2             0.1428              0.772161                     0.19304
6     12     0.24          149.2             0.1452              0.4826                     0.152612
6     12     0.24          149.2             0.1476              0.675641                     0.180573
6     12     0.24          149.2             0.15              0.38608                     0.1365
6     12     0.24          149.2             0.1524              0.530861                     0.16006
6     12     0.24          149.2             0.1548              0.19304                     0.0965201
6     12     0.24          149.2             0.1572              0.43434                     0.14478
6     12     0.24          149.2             0.1596              0.43434                     0.14478
6     12     0.24          149.2             0.162              0.530861                     0.16006
6     12     0.24          149.2             0.1644              0.33782                     0.127684
6     12     0.24          149.2             0.1668              0.28956                     0.118212
6     12     0.24          149.2             0.1692              0.38608                     0.1365
6     12     0.24          149.2             0.1716              0.28956                     0.118212
6     12     0.24          149.2             0.174              0.4826                     0.152612
6     12     0.24          149.2             0.1764              0.38608                     0.1365
6     12     0.24          149.2             0.1788              0.4826                     0.152612
6     12     0.24          149.2             0.1812              0.530861                     0.16006
6     12     0.24          149.2             0.1836              0.33782                     0.127684
6     12     0.24          149.2             0.186              0.2413                     0.107913
6     12     0.24          149.2             0.1884              0.33782                     0.127684
6     12     0.24          149.2             0.1908              0.33782                     0.127684
6     12     0.24          149.2             0.1932              0.530861                     0.16006
6     12     0.24          149.2             0.1956              0.530861                     0.16006
6     12     0.24          149.2             0.198              0.675641                     0.180573
6     12     0.24          149.2             0.2004              0.530861                     0.16006
6     12     0.24          149.2             0.2028              0.579121                     0.167178
6     12     0.24          149.2             0.2052              0.2413                     0.107913
6     12     0.24          149.2             0.2076              0.43434                     0.14478
6     12     0.24          149.2             0.21              0.43434                     0.14478
6     12     0.24          149.2             0.2124              0.675641                     0.180573
6     12     0.24          149.2             0.2148              0.43434                     0.14478
6     12     0.24          149.2             0.2172              0.28956                     0.118212
6     12     0.24          149.2             0.2196              0                     0
6     12     0.24          149.2             0.222              0                     0
6     12     0.24          149.2             0.2244              0                     0
6     12     0.24          149.2             0.2268              0                     0
6     12     0.24          149.2             0.2292              0                     0
6     12     0.24          149.2             0.2316              0                     0
6     12     0.24          149.2             0.234              0                     0
6     12     0.24          149.2             0.2364              0                     0
*******************************************************************************************************
 Average angle 149.755 +- 4.20223 deg 
 Average E' 0.131909 +- 0.00370146 GeV 
