*******************************************************************************************************
Z     A     E(GeV)     Theta(deg)     Energy Loss(GeV)     Sigma(nb/sr/GeV)     ERROR     Citation     
*******************************************************************************************************
6     12     1.2044          33.8             0.006022              0                     0
6     12     1.2044          33.8             0.018066              0                     0
6     12     1.2044          33.8             0.03011              0                     0
6     12     1.2044          33.8             0.042154              0.0410615                     0.0290348
6     12     1.2044          33.8             0.054198              0.0821229                     0.0410615
6     12     1.2044          33.8             0.066242              0.246369                     0.0711205
6     12     1.2044          33.8             0.078286              0.28743                     0.076819
6     12     1.2044          33.8             0.09033              0.595391                     0.110561
6     12     1.2044          33.8             0.102374              0.903352                     0.136185
6     12     1.2044          33.8             0.114418              1.41662                     0.170541
6     12     1.2044          33.8             0.126462              2.46369                     0.224903
6     12     1.2044          33.8             0.138506              3.36704                     0.262922
6     12     1.2044          33.8             0.15055              4.16774                     0.292518
6     12     1.2044          33.8             0.162594              4.80419                     0.31406
6     12     1.2044          33.8             0.174638              5.5433                     0.337354
6     12     1.2044          33.8             0.186682              7.0831                     0.381341
6     12     1.2044          33.8             0.198726              8.10964                     0.40804
6     12     1.2044          33.8             0.21077              7.92486                     0.403365
6     12     1.2044          33.8             0.222814              9.34148                     0.437935
6     12     1.2044          33.8             0.234858              9.1567                     0.433583
6     12     1.2044          33.8             0.246902              9.09511                     0.432122
6     12     1.2044          33.8             0.258946              7.94539                     0.403887
6     12     1.2044          33.8             0.27099              7.74008                     0.398635
6     12     1.2044          33.8             0.283034              7.74008                     0.398635
6     12     1.2044          33.8             0.295078              7.00098                     0.379124
6     12     1.2044          33.8             0.307122              6.22081                     0.357376
6     12     1.2044          33.8             0.319166              5.46117                     0.334846
6     12     1.2044          33.8             0.33121              4.98897                     0.320042
6     12     1.2044          33.8             0.343254              4.18827                     0.293237
6     12     1.2044          33.8             0.355298              4.12668                     0.291073
6     12     1.2044          33.8             0.367342              3.57235                     0.270819
6     12     1.2044          33.8             0.379386              3.38757                     0.263722
6     12     1.2044          33.8             0.39143              2.99749                     0.248074
6     12     1.2044          33.8             0.403474              2.81271                     0.240306
6     12     1.2044          33.8             0.415518              3.10014                     0.252286
6     12     1.2044          33.8             0.427562              3.44916                     0.266109
6     12     1.2044          33.8             0.439606              2.68953                     0.234985
6     12     1.2044          33.8             0.45165              2.64846                     0.233184
6     12     1.2044          33.8             0.463694              2.89483                     0.243789
6     12     1.2044          33.8             0.475738              2.8743                     0.242923
6     12     1.2044          33.8             0.487782              2.64846                     0.233184
6     12     1.2044          33.8             0.499826              3.46969                     0.266899
6     12     1.2044          33.8             0.51187              3.44916                     0.266109
6     12     1.2044          33.8             0.523914              3.07961                     0.251449
6     12     1.2044          33.8             0.535958              3.12067                     0.25312
6     12     1.2044          33.8             0.548002              2.89483                     0.243789
6     12     1.2044          33.8             0.560046              2.48422                     0.225838
6     12     1.2044          33.8             0.57209              2.50475                     0.226769
6     12     1.2044          33.8             0.584134              2.68953                     0.234985
6     12     1.2044          33.8             0.596178              2.68953                     0.234985
6     12     1.2044          33.8             0.608222              2.77165                     0.238546
6     12     1.2044          33.8             0.620266              2.46369                     0.224903
6     12     1.2044          33.8             0.63231              2.0736                     0.206331
6     12     1.2044          33.8             0.644354              2.38156                     0.221123
6     12     1.2044          33.8             0.656398              2.17626                     0.211377
6     12     1.2044          33.8             0.668442              1.62193                     0.182481
6     12     1.2044          33.8             0.680486              2.17626                     0.211377
6     12     1.2044          33.8             0.69253              2.05307                     0.205307
6     12     1.2044          33.8             0.704574              2.11467                     0.208364
6     12     1.2044          33.8             0.716618              1.8683                     0.195851
6     12     1.2044          33.8             0.728662              1.92989                     0.199053
6     12     1.2044          33.8             0.740706              2.03254                     0.204278
6     12     1.2044          33.8             0.75275              2.38156                     0.221123
6     12     1.2044          33.8             0.764794              2.03254                     0.204278
6     12     1.2044          33.8             0.776838              2.03254                     0.204278
6     12     1.2044          33.8             0.788882              2.31997                     0.218245
6     12     1.2044          33.8             0.800926              2.11467                     0.208364
6     12     1.2044          33.8             0.81297              2.29944                     0.217277
6     12     1.2044          33.8             0.825014              2.56634                     0.229541
6     12     1.2044          33.8             0.837058              2.42263                     0.223021
6     12     1.2044          33.8             0.849102              2.62793                     0.232279
6     12     1.2044          33.8             0.861146              2.54581                     0.228621
6     12     1.2044          33.8             0.87319              2.54581                     0.228621
6     12     1.2044          33.8             0.885234              2.50475                     0.226769
6     12     1.2044          33.8             0.897278              2.52528                     0.227697
6     12     1.2044          33.8             0.909322              2.54581                     0.228621
6     12     1.2044          33.8             0.921366              2.91536                     0.244652
6     12     1.2044          33.8             0.93341              2.54581                     0.228621
6     12     1.2044          33.8             0.945454              2.38156                     0.221123
6     12     1.2044          33.8             0.957498              2.25838                     0.215328
6     12     1.2044          33.8             0.969542              2.71006                     0.23588
6     12     1.2044          33.8             0.981586              2.48422                     0.225838
6     12     1.2044          33.8             0.99363              2.50475                     0.226769
6     12     1.2044          33.8             1.00567              2.27891                     0.216305
6     12     1.2044          33.8             1.01772              2.36103                     0.220168
6     12     1.2044          33.8             1.02976              2.62793                     0.232279
6     12     1.2044          33.8             1.04181              2.15573                     0.210377
6     12     1.2044          33.8             1.05385              2.29944                     0.217277
6     12     1.2044          33.8             1.06589              2.15573                     0.210377
6     12     1.2044          33.8             1.07794              2.03254                     0.204278
6     12     1.2044          33.8             1.08998              2.09413                     0.20735
6     12     1.2044          33.8             1.10203              1.56034                     0.178983
6     12     1.2044          33.8             1.11407              1.84777                     0.194772
6     12     1.2044          33.8             1.12611              1.68352                     0.185914
6     12     1.2044          33.8             1.13816              1.72458                     0.188167
6     12     1.2044          33.8             1.1502              1.27291                     0.161659
6     12     1.2044          33.8             1.16225              0.184777                     0.0615922
6     12     1.2044          33.8             1.17429              0                     0
6     12     1.2044          33.8             1.18633              0                     0
*******************************************************************************************************
 Average angle 34.0107 +- 0.284841 deg 
 Average E' 0.692128 +- 0.00579659 GeV 
