*******************************************************************************************************
Z     A     E(GeV)     Theta(deg)     Energy Loss(GeV)     Sigma(nb/sr/GeV)     ERROR     Citation     
*******************************************************************************************************
6     12     0.68          146             0.0034              0                     0
6     12     0.68          146             0.0102              0                     0
6     12     0.68          146             0.017              0                     0
6     12     0.68          146             0.0238              0                     0
6     12     0.68          146             0.0306              0                     0
6     12     0.68          146             0.0374              0                     0
6     12     0.68          146             0.0442              0                     0
6     12     0.68          146             0.051              0                     0
6     12     0.68          146             0.0578              0                     0
6     12     0.68          146             0.0646              0                     0
6     12     0.68          146             0.0714              0                     0
6     12     0.68          146             0.0782              0                     0
6     12     0.68          146             0.085              0                     0
6     12     0.68          146             0.0918              0                     0
6     12     0.68          146             0.0986              0                     0
6     12     0.68          146             0.1054              0                     0
6     12     0.68          146             0.1122              0                     0
6     12     0.68          146             0.119              0                     0
6     12     0.68          146             0.1258              0                     0
6     12     0.68          146             0.1326              0                     0
6     12     0.68          146             0.1394              0                     0
6     12     0.68          146             0.1462              0                     0
6     12     0.68          146             0.153              0                     0
6     12     0.68          146             0.1598              0                     0
6     12     0.68          146             0.1666              0                     0
6     12     0.68          146             0.1734              0                     0
6     12     0.68          146             0.1802              0                     0
6     12     0.68          146             0.187              0                     0
6     12     0.68          146             0.1938              0                     0
6     12     0.68          146             0.2006              0                     0
6     12     0.68          146             0.2074              0                     0
6     12     0.68          146             0.2142              0                     0
6     12     0.68          146             0.221              0                     0
6     12     0.68          146             0.2278              0                     0
6     12     0.68          146             0.2346              0                     0
6     12     0.68          146             0.2414              0                     0
6     12     0.68          146             0.2482              0                     0
6     12     0.68          146             0.255              0                     0
6     12     0.68          146             0.2618              0                     0
6     12     0.68          146             0.2686              0                     0
6     12     0.68          146             0.2754              0                     0
6     12     0.68          146             0.2822              0                     0
6     12     0.68          146             0.289              0                     0
6     12     0.68          146             0.2958              0                     0
6     12     0.68          146             0.3026              0                     0
6     12     0.68          146             0.3094              0                     0
6     12     0.68          146             0.3162              0                     0
6     12     0.68          146             0.323              0.0582004                     0.0411539
6     12     0.68          146             0.3298              0                     0
6     12     0.68          146             0.3366              0                     0
6     12     0.68          146             0.3434              0.0582004                     0.0411539
6     12     0.68          146             0.3502              0                     0
6     12     0.68          146             0.357              0.0291002                     0.0291002
6     12     0.68          146             0.3638              0                     0
6     12     0.68          146             0.3706              0.0291002                     0.0291002
6     12     0.68          146             0.3774              0.0582004                     0.0411539
6     12     0.68          146             0.3842              0.0873007                     0.0504031
6     12     0.68          146             0.391              0.0582004                     0.0411539
6     12     0.68          146             0.3978              0.0291002                     0.0291002
6     12     0.68          146             0.4046              0.0873007                     0.0504031
6     12     0.68          146             0.4114              0.0582004                     0.0411539
6     12     0.68          146             0.4182              0.0582004                     0.0411539
6     12     0.68          146             0.425              0.0582004                     0.0411539
6     12     0.68          146             0.4318              0.0291002                     0.0291002
6     12     0.68          146             0.4386              0.0291002                     0.0291002
6     12     0.68          146             0.4454              0.0291002                     0.0291002
6     12     0.68          146             0.4522              0.203702                     0.076992
6     12     0.68          146             0.459              0.145501                     0.0650701
6     12     0.68          146             0.4658              0.0291002                     0.0291002
6     12     0.68          146             0.4726              0.0873007                     0.0504031
6     12     0.68          146             0.4794              0.0873007                     0.0504031
6     12     0.68          146             0.4862              0.0582004                     0.0411539
6     12     0.68          146             0.493              0.0291002                     0.0291002
6     12     0.68          146             0.4998              0.0873007                     0.0504031
6     12     0.68          146             0.5066              0.203702                     0.076992
6     12     0.68          146             0.5134              0.349203                     0.100806
6     12     0.68          146             0.5202              0.145501                     0.0650701
6     12     0.68          146             0.527              0.0873007                     0.0504031
6     12     0.68          146             0.5338              0.174601                     0.0712807
6     12     0.68          146             0.5406              0.261902                     0.0873007
6     12     0.68          146             0.5474              0.145501                     0.0650701
6     12     0.68          146             0.5542              0.116401                     0.0582004
6     12     0.68          146             0.561              0.232802                     0.0823079
6     12     0.68          146             0.5678              0.320102                     0.0965145
6     12     0.68          146             0.5746              0.203702                     0.076992
6     12     0.68          146             0.5814              0.291002                     0.092023
6     12     0.68          146             0.5882              0.145501                     0.0650701
6     12     0.68          146             0.595              0.232802                     0.0823079
6     12     0.68          146             0.6018              0.261902                     0.0873007
6     12     0.68          146             0.6086              0.261902                     0.0873007
6     12     0.68          146             0.6154              0.145501                     0.0650701
6     12     0.68          146             0.6222              0.203702                     0.076992
6     12     0.68          146             0.629              0.261902                     0.0873007
6     12     0.68          146             0.6358              0.174601                     0.0712807
6     12     0.68          146             0.6426              0.203702                     0.076992
6     12     0.68          146             0.6494              0.436503                     0.112705
6     12     0.68          146             0.6562              0.232802                     0.0823079
6     12     0.68          146             0.663              0.0582004                     0.0411539
6     12     0.68          146             0.6698              0.145501                     0.0650701
*******************************************************************************************************
 Average angle 146.327 +- 9.5862 deg 
 Average E' 0.125971 +- 0.00825262 GeV 
