*******************************************************************************************************
Z     A     E(GeV)     Theta(deg)     Energy Loss(GeV)     Sigma(nb/sr/GeV)     ERROR     Citation     
*******************************************************************************************************
6     12     0.74          78             0.0037              0                     0
6     12     0.74          78             0.0111              0                     0
6     12     0.74          78             0.0185              0                     0
6     12     0.74          78             0.0259              0                     0
6     12     0.74          78             0.0333              0                     0
6     12     0.74          78             0.0407              0                     0
6     12     0.74          78             0.0481              0                     0
6     12     0.74          78             0.0555              0                     0
6     12     0.74          78             0.0629              0.0153063                     0.0153063
6     12     0.74          78             0.0703              0                     0
6     12     0.74          78             0.0777              0                     0
6     12     0.74          78             0.0851              0                     0
6     12     0.74          78             0.0925              0                     0
6     12     0.74          78             0.0999              0                     0
6     12     0.74          78             0.1073              0                     0
6     12     0.74          78             0.1147              0.0306125                     0.0216463
6     12     0.74          78             0.1221              0                     0
6     12     0.74          78             0.1295              0                     0
6     12     0.74          78             0.1369              0                     0
6     12     0.74          78             0.1443              0.0153063                     0.0153063
6     12     0.74          78             0.1517              0                     0
6     12     0.74          78             0.1591              0.0459188                     0.0265112
6     12     0.74          78             0.1665              0.0459188                     0.0265112
6     12     0.74          78             0.1739              0.0306125                     0.0216463
6     12     0.74          78             0.1813              0.0765314                     0.0342259
6     12     0.74          78             0.1887              0.0765314                     0.0342259
6     12     0.74          78             0.1961              0.0918376                     0.0374926
6     12     0.74          78             0.2035              0.153063                     0.0484027
6     12     0.74          78             0.2109              0.2449                     0.0612251
6     12     0.74          78             0.2183              0.306125                     0.0684517
6     12     0.74          78             0.2257              0.321432                     0.0701422
6     12     0.74          78             0.2331              0.65817                     0.10037
6     12     0.74          78             0.2405              0.459188                     0.0838359
6     12     0.74          78             0.2479              0.750007                     0.107144
6     12     0.74          78             0.2553              0.750007                     0.107144
6     12     0.74          78             0.2627              0.918376                     0.118562
6     12     0.74          78             0.2701              0.979602                     0.12245
6     12     0.74          78             0.2775              0.734701                     0.106045
6     12     0.74          78             0.2849              1.01021                     0.124349
6     12     0.74          78             0.2923              0.948989                     0.120522
6     12     0.74          78             0.2997              1.04083                     0.126219
6     12     0.74          78             0.3071              0.872458                     0.11556
6     12     0.74          78             0.3145              0.979602                     0.12245
6     12     0.74          78             0.3219              1.11736                     0.130777
6     12     0.74          78             0.3293              0.734701                     0.106045
6     12     0.74          78             0.3367              0.948989                     0.120522
6     12     0.74          78             0.3441              0.765314                     0.108232
6     12     0.74          78             0.3515              0.795926                     0.110375
6     12     0.74          78             0.3589              0.90307                     0.11757
6     12     0.74          78             0.3663              0.78062                     0.109309
6     12     0.74          78             0.3737              0.65817                     0.10037
6     12     0.74          78             0.3811              0.612251                     0.0968054
6     12     0.74          78             0.3885              0.520413                     0.0892501
6     12     0.74          78             0.3959              0.520413                     0.0892501
6     12     0.74          78             0.4033              0.413269                     0.0795337
6     12     0.74          78             0.4107              0.53572                     0.0905531
6     12     0.74          78             0.4181              0.352044                     0.0734063
6     12     0.74          78             0.4255              0.397963                     0.078047
6     12     0.74          78             0.4329              0.382657                     0.0765314
6     12     0.74          78             0.4403              0.474494                     0.0852217
6     12     0.74          78             0.4477              0.642864                     0.099196
6     12     0.74          78             0.4551              0.397963                     0.078047
6     12     0.74          78             0.4625              0.443882                     0.0824268
6     12     0.74          78             0.4699              0.612251                     0.0968054
6     12     0.74          78             0.4773              0.520413                     0.0892501
6     12     0.74          78             0.4847              0.581638                     0.0943542
6     12     0.74          78             0.4921              0.65817                     0.10037
6     12     0.74          78             0.4995              0.382657                     0.0765314
6     12     0.74          78             0.5069              0.688782                     0.102678
6     12     0.74          78             0.5143              0.826539                     0.112478
6     12     0.74          78             0.5217              0.612251                     0.0968054
6     12     0.74          78             0.5291              0.581638                     0.0943542
6     12     0.74          78             0.5365              0.65817                     0.10037
6     12     0.74          78             0.5439              0.566332                     0.0931044
6     12     0.74          78             0.5513              0.596945                     0.0955877
6     12     0.74          78             0.5587              0.505107                     0.0879279
6     12     0.74          78             0.5661              0.489801                     0.0865854
6     12     0.74          78             0.5735              0.551026                     0.0918376
6     12     0.74          78             0.5809              0.505107                     0.0879279
6     12     0.74          78             0.5883              0.673476                     0.10153
6     12     0.74          78             0.5957              0.65817                     0.10037
6     12     0.74          78             0.6031              0.505107                     0.0879279
6     12     0.74          78             0.6105              0.397963                     0.078047
6     12     0.74          78             0.6179              0.520413                     0.0892501
6     12     0.74          78             0.6253              0.382657                     0.0765314
6     12     0.74          78             0.6327              0.474494                     0.0852217
6     12     0.74          78             0.6401              0.596945                     0.0955877
6     12     0.74          78             0.6475              0.520413                     0.0892501
6     12     0.74          78             0.6549              0.382657                     0.0765314
6     12     0.74          78             0.6623              0.520413                     0.0892501
6     12     0.74          78             0.6697              0.443882                     0.0824268
6     12     0.74          78             0.6771              0.413269                     0.0795337
6     12     0.74          78             0.6845              0.474494                     0.0852217
6     12     0.74          78             0.6919              0.581638                     0.0943542
6     12     0.74          78             0.6993              0.566332                     0.0931044
6     12     0.74          78             0.7067              0.627557                     0.098008
6     12     0.74          78             0.7141              0.474494                     0.0852217
6     12     0.74          78             0.7215              0.551026                     0.0918376
6     12     0.74          78             0.7289              0                     0
*******************************************************************************************************
 Average angle 78.2655 +- 1.47566 deg 
 Average E' 0.296405 +- 0.00558857 GeV 
