*******************************************************************************************************
Z     A     E(GeV)     Theta(deg)     Energy Loss(GeV)     Sigma(nb/sr/GeV)     ERROR     Citation     
*******************************************************************************************************
6     12     2.222          57.6             0.01111              0                     0
6     12     2.222          57.6             0.03333              0                     0
6     12     2.222          57.6             0.05555              0                     0
6     12     2.222          57.6             0.07777              0                     0
6     12     2.222          57.6             0.09999              0                     0
6     12     2.222          57.6             0.12221              0                     0
6     12     2.222          57.6             0.14443              0                     0
6     12     2.222          57.6             0.16665              0                     0
6     12     2.222          57.6             0.18887              0                     0
6     12     2.222          57.6             0.21109              0                     0
6     12     2.222          57.6             0.23331              0                     0
6     12     2.222          57.6             0.25553              0                     0
6     12     2.222          57.6             0.27775              0                     0
6     12     2.222          57.6             0.29997              0                     0
6     12     2.222          57.6             0.32219              0                     0
6     12     2.222          57.6             0.34441              0                     0
6     12     2.222          57.6             0.36663              0                     0
6     12     2.222          57.6             0.38885              0                     0
6     12     2.222          57.6             0.41107              0                     0
6     12     2.222          57.6             0.43329              0                     0
6     12     2.222          57.6             0.45551              0                     0
6     12     2.222          57.6             0.47773              0                     0
6     12     2.222          57.6             0.49995              0                     0
6     12     2.222          57.6             0.52217              0                     0
6     12     2.222          57.6             0.54439              0                     0
6     12     2.222          57.6             0.56661              0                     0
6     12     2.222          57.6             0.58883              0                     0
6     12     2.222          57.6             0.61105              0                     0
6     12     2.222          57.6             0.63327              0                     0
6     12     2.222          57.6             0.65549              0                     0
6     12     2.222          57.6             0.67771              0                     0
6     12     2.222          57.6             0.69993              0                     0
6     12     2.222          57.6             0.72215              0                     0
6     12     2.222          57.6             0.74437              0                     0
6     12     2.222          57.6             0.76659              0                     0
6     12     2.222          57.6             0.78881              0                     0
6     12     2.222          57.6             0.81103              0                     0
6     12     2.222          57.6             0.83325              0                     0
6     12     2.222          57.6             0.85547              0                     0
6     12     2.222          57.6             0.87769              0                     0
6     12     2.222          57.6             0.89991              0                     0
6     12     2.222          57.6             0.92213              0                     0
6     12     2.222          57.6             0.94435              0                     0
6     12     2.222          57.6             0.96657              0                     0
6     12     2.222          57.6             0.98879              0                     0
6     12     2.222          57.6             1.01101              0                     0
6     12     2.222          57.6             1.03323              0                     0
6     12     2.222          57.6             1.05545              0                     0
6     12     2.222          57.6             1.07767              0                     0
6     12     2.222          57.6             1.09989              0                     0
6     12     2.222          57.6             1.12211              0                     0
6     12     2.222          57.6             1.14433              0.0201818                     0.0142707
6     12     2.222          57.6             1.16655              0.0100909                     0.0100909
6     12     2.222          57.6             1.18877              0.0100909                     0.0100909
6     12     2.222          57.6             1.21099              0.0100909                     0.0100909
6     12     2.222          57.6             1.23321              0                     0
6     12     2.222          57.6             1.25543              0.0100909                     0.0100909
6     12     2.222          57.6             1.27765              0                     0
6     12     2.222          57.6             1.29987              0.0100909                     0.0100909
6     12     2.222          57.6             1.32209              0                     0
6     12     2.222          57.6             1.34431              0.0302727                     0.0174779
6     12     2.222          57.6             1.36653              0.0100909                     0.0100909
6     12     2.222          57.6             1.38875              0.0100909                     0.0100909
6     12     2.222          57.6             1.41097              0.0201818                     0.0142707
6     12     2.222          57.6             1.43319              0.0302727                     0.0174779
6     12     2.222          57.6             1.45541              0.0201818                     0.0142707
6     12     2.222          57.6             1.47763              0.0403636                     0.0201818
6     12     2.222          57.6             1.49985              0.0403636                     0.0201818
6     12     2.222          57.6             1.52207              0.0504545                     0.0225639
6     12     2.222          57.6             1.54429              0.0605454                     0.0247175
6     12     2.222          57.6             1.56651              0.0605454                     0.0247175
6     12     2.222          57.6             1.58873              0.0302727                     0.0174779
6     12     2.222          57.6             1.61095              0.0706362                     0.026698
6     12     2.222          57.6             1.63317              0.0605454                     0.0247175
6     12     2.222          57.6             1.65539              0.0403636                     0.0201818
6     12     2.222          57.6             1.67761              0.0605454                     0.0247175
6     12     2.222          57.6             1.69983              0.090818                     0.0302727
6     12     2.222          57.6             1.72205              0.0706362                     0.026698
6     12     2.222          57.6             1.74427              0.151363                     0.0390819
6     12     2.222          57.6             1.76649              0.131182                     0.0363832
6     12     2.222          57.6             1.78871              0.100909                     0.0319102
6     12     2.222          57.6             1.81093              0.121091                     0.0349559
6     12     2.222          57.6             1.83315              0.100909                     0.0319102
6     12     2.222          57.6             1.85537              0.191727                     0.0439852
6     12     2.222          57.6             1.87759              0.111                     0.0334677
6     12     2.222          57.6             1.89981              0.161454                     0.0403636
6     12     2.222          57.6             1.92203              0.0504545                     0.0225639
6     12     2.222          57.6             1.94425              0.171545                     0.0416058
6     12     2.222          57.6             1.96647              0.0807271                     0.0285414
6     12     2.222          57.6             1.98869              0.141272                     0.0377567
6     12     2.222          57.6             2.01091              0.111                     0.0334677
6     12     2.222          57.6             2.03313              0.0605454                     0.0247175
6     12     2.222          57.6             2.05535              0.161454                     0.0403636
6     12     2.222          57.6             2.07757              0.141272                     0.0377567
6     12     2.222          57.6             2.09979              0.151363                     0.0390819
6     12     2.222          57.6             2.12201              0.100909                     0.0319102
6     12     2.222          57.6             2.14423              0.131182                     0.0363832
6     12     2.222          57.6             2.16645              0.0807271                     0.0285414
6     12     2.222          57.6             2.18867              0.0605454                     0.0247175
*******************************************************************************************************
 Average angle 57.7954 +- 3.14832 deg 
 Average E' 0.36838 +- 0.020067 GeV 
