*******************************************************************************************************
Z     A     E(GeV)     Theta(deg)     Energy Loss(GeV)     Sigma(nb/sr/GeV)     ERROR     Citation     
*******************************************************************************************************
6     12     0.2          87.6             0.001              0.857533                     0.14495
6     12     0.2          87.6             0.003              1.98458                     0.220509
6     12     0.2          87.6             0.005              2.89111                     0.266148
6     12     0.2          87.6             0.007              4.38567                     0.3278
6     12     0.2          87.6             0.009              4.48367                     0.331443
6     12     0.2          87.6             0.011              5.0227                     0.3508
6     12     0.2          87.6             0.013              6.41925                     0.396583
6     12     0.2          87.6             0.015              7.52179                     0.429291
6     12     0.2          87.6             0.017              7.7913                     0.436915
6     12     0.2          87.6             0.019              8.99185                     0.469371
6     12     0.2          87.6             0.021              9.65337                     0.48633
6     12     0.2          87.6             0.023              9.89838                     0.492463
6     12     0.2          87.6             0.025              10.2414                     0.500923
6     12     0.2          87.6             0.027              10.7804                     0.513936
6     12     0.2          87.6             0.029              12.373                     0.55059
6     12     0.2          87.6             0.031              12.275                     0.548406
6     12     0.2          87.6             0.033              12.2995                     0.548953
6     12     0.2          87.6             0.035              11.4664                     0.530037
6     12     0.2          87.6             0.037              12.4955                     0.553309
6     12     0.2          87.6             0.039              12.569                     0.554934
6     12     0.2          87.6             0.041              13.402                     0.573029
6     12     0.2          87.6             0.043              12.912                     0.562456
6     12     0.2          87.6             0.045              11.2459                     0.524915
6     12     0.2          87.6             0.047              11.7115                     0.535669
6     12     0.2          87.6             0.049              12.0055                     0.542352
6     12     0.2          87.6             0.051              11.3684                     0.527767
6     12     0.2          87.6             0.053              11.2704                     0.525487
6     12     0.2          87.6             0.055              10.7559                     0.513352
6     12     0.2          87.6             0.057              9.70238                     0.487563
6     12     0.2          87.6             0.059              10.0454                     0.496106
6     12     0.2          87.6             0.061              9.23686                     0.475722
6     12     0.2          87.6             0.063              8.77134                     0.46358
6     12     0.2          87.6             0.065              8.15882                     0.4471
6     12     0.2          87.6             0.067              8.72234                     0.462283
6     12     0.2          87.6             0.069              8.20782                     0.448441
6     12     0.2          87.6             0.071              7.44829                     0.427189
6     12     0.2          87.6             0.073              7.6933                     0.434158
6     12     0.2          87.6             0.075              6.27224                     0.392015
6     12     0.2          87.6             0.077              5.65972                     0.372382
6     12     0.2          87.6             0.079              5.90473                     0.380357
6     12     0.2          87.6             0.081              5.53722                     0.36833
6     12     0.2          87.6             0.083              4.90019                     0.346496
6     12     0.2          87.6             0.085              4.31217                     0.325042
6     12     0.2          87.6             0.087              3.67514                     0.300074
6     12     0.2          87.6             0.089              3.77315                     0.304049
6     12     0.2          87.6             0.091              3.57714                     0.296046
6     12     0.2          87.6             0.093              2.6951                     0.256968
6     12     0.2          87.6             0.095              2.6951                     0.256968
6     12     0.2          87.6             0.097              2.6706                     0.255797
6     12     0.2          87.6             0.099              1.78857                     0.209336
6     12     0.2          87.6             0.101              1.49456                     0.191359
6     12     0.2          87.6             0.103              1.51906                     0.192921
6     12     0.2          87.6             0.105              1.69057                     0.20352
6     12     0.2          87.6             0.107              1.76407                     0.207897
6     12     0.2          87.6             0.109              1.54356                     0.19447
6     12     0.2          87.6             0.111              1.29855                     0.17837
6     12     0.2          87.6             0.113              1.54356                     0.19447
6     12     0.2          87.6             0.115              1.15154                     0.16797
6     12     0.2          87.6             0.117              1.12704                     0.166174
6     12     0.2          87.6             0.119              1.12704                     0.166174
6     12     0.2          87.6             0.121              1.12704                     0.166174
6     12     0.2          87.6             0.123              1.02904                     0.158784
6     12     0.2          87.6             0.125              0.980038                     0.154958
6     12     0.2          87.6             0.127              1.00454                     0.156883
6     12     0.2          87.6             0.129              1.00454                     0.156883
6     12     0.2          87.6             0.131              1.10254                     0.164357
6     12     0.2          87.6             0.133              0.906535                     0.149033
6     12     0.2          87.6             0.135              0.612524                     0.122505
6     12     0.2          87.6             0.137              1.00454                     0.156883
6     12     0.2          87.6             0.139              0.906535                     0.149033
6     12     0.2          87.6             0.141              0.833032                     0.142864
6     12     0.2          87.6             0.143              0.75953                     0.136416
6     12     0.2          87.6             0.145              1.00454                     0.156883
6     12     0.2          87.6             0.147              0.931036                     0.151034
6     12     0.2          87.6             0.149              0.0735029                     0.0424369
6     12     0.2          87.6             0.151              0                     0
6     12     0.2          87.6             0.153              0                     0
6     12     0.2          87.6             0.155              0                     0
6     12     0.2          87.6             0.157              0                     0
6     12     0.2          87.6             0.159              0                     0
6     12     0.2          87.6             0.161              0                     0
6     12     0.2          87.6             0.163              0                     0
6     12     0.2          87.6             0.165              0                     0
6     12     0.2          87.6             0.167              0                     0
6     12     0.2          87.6             0.169              0                     0
6     12     0.2          87.6             0.171              0                     0
6     12     0.2          87.6             0.173              0                     0
6     12     0.2          87.6             0.175              0                     0
6     12     0.2          87.6             0.177              0                     0
6     12     0.2          87.6             0.179              0                     0
6     12     0.2          87.6             0.181              0                     0
6     12     0.2          87.6             0.183              0                     0
6     12     0.2          87.6             0.185              0                     0
6     12     0.2          87.6             0.187              0                     0
6     12     0.2          87.6             0.189              0                     0
6     12     0.2          87.6             0.191              0                     0
6     12     0.2          87.6             0.193              0                     0
6     12     0.2          87.6             0.195              0                     0
6     12     0.2          87.6             0.197              0                     0
*******************************************************************************************************
 Average angle 88.1677 +- 0.674966 deg 
 Average E' 0.148513 +- 0.00113694 GeV 
