*******************************************************************************************************
Z     A     E(GeV)     Theta(deg)     Energy Loss(GeV)     Sigma(nb/sr/GeV)     ERROR     Citation     
*******************************************************************************************************
6     12     0.24          160.4             0.0012              0                     0
6     12     0.24          160.4             0.0036              0                     0
6     12     0.24          160.4             0.006              0                     0
6     12     0.24          160.4             0.0084              0                     0
6     12     0.24          160.4             0.0108              0                     0
6     12     0.24          160.4             0.0132              0.0736655                     0.0736655
6     12     0.24          160.4             0.0156              0                     0
6     12     0.24          160.4             0.018              0.294662                     0.147331
6     12     0.24          160.4             0.0204              0.0736655                     0.0736655
6     12     0.24          160.4             0.0228              0.0736655                     0.0736655
6     12     0.24          160.4             0.0252              0.0736655                     0.0736655
6     12     0.24          160.4             0.0276              0.147331                     0.104179
6     12     0.24          160.4             0.03              0.147331                     0.104179
6     12     0.24          160.4             0.0324              0.294662                     0.147331
6     12     0.24          160.4             0.0348              0.147331                     0.104179
6     12     0.24          160.4             0.0372              0.220997                     0.127592
6     12     0.24          160.4             0.0396              0.736655                     0.232951
6     12     0.24          160.4             0.042              0.589324                     0.208358
6     12     0.24          160.4             0.0444              0.220997                     0.127592
6     12     0.24          160.4             0.0468              1.10498                     0.285305
6     12     0.24          160.4             0.0492              0.736655                     0.232951
6     12     0.24          160.4             0.0516              0.589324                     0.208358
6     12     0.24          160.4             0.054              0.589324                     0.208358
6     12     0.24          160.4             0.0564              1.17865                     0.294662
6     12     0.24          160.4             0.0588              0.515659                     0.194901
6     12     0.24          160.4             0.0612              0.589324                     0.208358
6     12     0.24          160.4             0.0636              0.66299                     0.220997
6     12     0.24          160.4             0.066              0.810321                     0.244321
6     12     0.24          160.4             0.0684              1.10498                     0.285305
6     12     0.24          160.4             0.0708              1.03132                     0.275631
6     12     0.24          160.4             0.0732              1.10498                     0.285305
6     12     0.24          160.4             0.0756              1.10498                     0.285305
6     12     0.24          160.4             0.078              1.32598                     0.312536
6     12     0.24          160.4             0.0804              1.62064                     0.345522
6     12     0.24          160.4             0.0828              1.32598                     0.312536
6     12     0.24          160.4             0.0852              1.25231                     0.303731
6     12     0.24          160.4             0.0876              1.03132                     0.275631
6     12     0.24          160.4             0.09              1.47331                     0.329442
6     12     0.24          160.4             0.0924              1.84164                     0.368328
6     12     0.24          160.4             0.0948              1.17865                     0.294662
6     12     0.24          160.4             0.0972              0.883986                     0.255185
6     12     0.24          160.4             0.0996              1.39964                     0.321101
6     12     0.24          160.4             0.102              1.39964                     0.321101
6     12     0.24          160.4             0.1044              1.17865                     0.294662
6     12     0.24          160.4             0.1068              1.62064                     0.345522
6     12     0.24          160.4             0.1092              1.39964                     0.321101
6     12     0.24          160.4             0.1116              1.10498                     0.285305
6     12     0.24          160.4             0.114              1.03132                     0.275631
6     12     0.24          160.4             0.1164              0.736655                     0.232951
6     12     0.24          160.4             0.1188              0.957652                     0.265605
6     12     0.24          160.4             0.1212              0.883986                     0.255185
6     12     0.24          160.4             0.1236              0.810321                     0.244321
6     12     0.24          160.4             0.126              1.25231                     0.303731
6     12     0.24          160.4             0.1284              0.810321                     0.244321
6     12     0.24          160.4             0.1308              0.810321                     0.244321
6     12     0.24          160.4             0.1332              0.589324                     0.208358
6     12     0.24          160.4             0.1356              0.515659                     0.194901
6     12     0.24          160.4             0.138              0.957652                     0.265605
6     12     0.24          160.4             0.1404              0.810321                     0.244321
6     12     0.24          160.4             0.1428              0.515659                     0.194901
6     12     0.24          160.4             0.1452              0.883986                     0.255185
6     12     0.24          160.4             0.1476              0.441993                     0.180443
6     12     0.24          160.4             0.15              0.441993                     0.180443
6     12     0.24          160.4             0.1524              0.294662                     0.147331
6     12     0.24          160.4             0.1548              0.368328                     0.164721
6     12     0.24          160.4             0.1572              0.441993                     0.180443
6     12     0.24          160.4             0.1596              0.515659                     0.194901
6     12     0.24          160.4             0.162              0.441993                     0.180443
6     12     0.24          160.4             0.1644              0.441993                     0.180443
6     12     0.24          160.4             0.1668              0.220997                     0.127592
6     12     0.24          160.4             0.1692              0.294662                     0.147331
6     12     0.24          160.4             0.1716              0.147331                     0.104179
6     12     0.24          160.4             0.174              0.220997                     0.127592
6     12     0.24          160.4             0.1764              0.294662                     0.147331
6     12     0.24          160.4             0.1788              0.147331                     0.104179
6     12     0.24          160.4             0.1812              0.220997                     0.127592
6     12     0.24          160.4             0.1836              0.220997                     0.127592
6     12     0.24          160.4             0.186              0.294662                     0.147331
6     12     0.24          160.4             0.1884              0.294662                     0.147331
6     12     0.24          160.4             0.1908              0.147331                     0.104179
6     12     0.24          160.4             0.1932              0.220997                     0.127592
6     12     0.24          160.4             0.1956              0.441993                     0.180443
6     12     0.24          160.4             0.198              0.220997                     0.127592
6     12     0.24          160.4             0.2004              0.147331                     0.104179
6     12     0.24          160.4             0.2028              0.515659                     0.194901
6     12     0.24          160.4             0.2052              0.294662                     0.147331
6     12     0.24          160.4             0.2076              0.294662                     0.147331
6     12     0.24          160.4             0.21              0.368328                     0.164721
6     12     0.24          160.4             0.2124              0.441993                     0.180443
6     12     0.24          160.4             0.2148              0.294662                     0.147331
6     12     0.24          160.4             0.2172              0.883986                     0.255185
6     12     0.24          160.4             0.2196              0.0736655                     0.0736655
6     12     0.24          160.4             0.222              0                     0
6     12     0.24          160.4             0.2244              0                     0
6     12     0.24          160.4             0.2268              0                     0
6     12     0.24          160.4             0.2292              0                     0
6     12     0.24          160.4             0.2316              0                     0
6     12     0.24          160.4             0.234              0                     0
6     12     0.24          160.4             0.2364              0                     0
*******************************************************************************************************
 Average angle 160.987 +- 5.84345 deg 
 Average E' 0.132151 +- 0.00479678 GeV 
