*******************************************************************************************************
Z     A     E(GeV)     Theta(deg)     Energy Loss(GeV)     Sigma(nb/sr/GeV)     ERROR     Citation     
*******************************************************************************************************
6     12     0.16          138.4             0.0008              0.061113                     0.0432134
6     12     0.16          138.4             0.0024              0.122226                     0.061113
6     12     0.16          138.4             0.004              0.305565                     0.0966281
6     12     0.16          138.4             0.0056              0.397234                     0.110173
6     12     0.16          138.4             0.0072              0.427791                     0.114332
6     12     0.16          138.4             0.0088              0.794469                     0.155808
6     12     0.16          138.4             0.0104              0.947251                     0.170131
6     12     0.16          138.4             0.012              0.51946                     0.125988
6     12     0.16          138.4             0.0136              0.763912                     0.152782
6     12     0.16          138.4             0.0152              0.733356                     0.149696
6     12     0.16          138.4             0.0168              1.06948                     0.180775
6     12     0.16          138.4             0.0184              1.37504                     0.204979
6     12     0.16          138.4             0.02              1.06948                     0.180775
6     12     0.16          138.4             0.0216              1.61949                     0.222455
6     12     0.16          138.4             0.0232              1.52782                     0.216067
6     12     0.16          138.4             0.0248              1.25282                     0.195657
6     12     0.16          138.4             0.0264              1.28337                     0.198029
6     12     0.16          138.4             0.028              1.28337                     0.198029
6     12     0.16          138.4             0.0296              1.71116                     0.228664
6     12     0.16          138.4             0.0312              1.58894                     0.220346
6     12     0.16          138.4             0.0328              2.1084                     0.253821
6     12     0.16          138.4             0.0344              1.86395                     0.238654
6     12     0.16          138.4             0.036              2.29174                     0.264627
6     12     0.16          138.4             0.0376              2.26118                     0.262857
6     12     0.16          138.4             0.0392              2.38341                     0.269868
6     12     0.16          138.4             0.0408              1.55838                     0.218217
6     12     0.16          138.4             0.0424              2.32229                     0.266385
6     12     0.16          138.4             0.044              2.16951                     0.257474
6     12     0.16          138.4             0.0456              1.61949                     0.222455
6     12     0.16          138.4             0.0472              1.55838                     0.218217
6     12     0.16          138.4             0.0488              2.20007                     0.25928
6     12     0.16          138.4             0.0504              1.49727                     0.213895
6     12     0.16          138.4             0.052              1.95562                     0.244452
6     12     0.16          138.4             0.0536              1.92506                     0.242535
6     12     0.16          138.4             0.0552              1.86395                     0.238654
6     12     0.16          138.4             0.0568              2.04729                     0.250116
6     12     0.16          138.4             0.0584              2.35285                     0.268132
6     12     0.16          138.4             0.06              1.46671                     0.211702
6     12     0.16          138.4             0.0616              1.55838                     0.218217
6     12     0.16          138.4             0.0632              1.16115                     0.188363
6     12     0.16          138.4             0.0648              1.52782                     0.216067
6     12     0.16          138.4             0.0664              1.1917                     0.190825
6     12     0.16          138.4             0.068              1.46671                     0.211702
6     12     0.16          138.4             0.0696              1.65005                     0.224543
6     12     0.16          138.4             0.0712              1.4056                     0.207244
6     12     0.16          138.4             0.0728              1.34449                     0.202689
6     12     0.16          138.4             0.0744              1.06948                     0.180775
6     12     0.16          138.4             0.076              1.16115                     0.188363
6     12     0.16          138.4             0.0776              0.733356                     0.149696
6     12     0.16          138.4             0.0792              0.702799                     0.146544
6     12     0.16          138.4             0.0808              0.825025                     0.158776
6     12     0.16          138.4             0.0824              0.763912                     0.152782
6     12     0.16          138.4             0.084              0.855582                     0.16169
6     12     0.16          138.4             0.0856              0.702799                     0.146544
6     12     0.16          138.4             0.0872              0.550017                     0.12964
6     12     0.16          138.4             0.0888              0.244452                     0.0864268
6     12     0.16          138.4             0.0904              0.916695                     0.167365
6     12     0.16          138.4             0.092              0.51946                     0.125988
6     12     0.16          138.4             0.0936              0.427791                     0.114332
6     12     0.16          138.4             0.0952              0.488904                     0.122226
6     12     0.16          138.4             0.0968              0.427791                     0.114332
6     12     0.16          138.4             0.0984              0.275008                     0.0916695
6     12     0.16          138.4             0.1              0.488904                     0.122226
6     12     0.16          138.4             0.1016              0.458347                     0.118345
6     12     0.16          138.4             0.1032              0.427791                     0.114332
6     12     0.16          138.4             0.1048              0.275008                     0.0916695
6     12     0.16          138.4             0.1064              0.213895                     0.0808449
6     12     0.16          138.4             0.108              0.213895                     0.0808449
6     12     0.16          138.4             0.1096              0.213895                     0.0808449
6     12     0.16          138.4             0.1112              0.336121                     0.101344
6     12     0.16          138.4             0.1128              0.183339                     0.0748478
6     12     0.16          138.4             0.1144              0.305565                     0.0966281
6     12     0.16          138.4             0.116              0.427791                     0.114332
6     12     0.16          138.4             0.1176              0.366678                     0.105851
6     12     0.16          138.4             0.1192              0.275008                     0.0916695
6     12     0.16          138.4             0.1208              0.336121                     0.101344
6     12     0.16          138.4             0.1224              0.305565                     0.0966281
6     12     0.16          138.4             0.124              0.213895                     0.0808449
6     12     0.16          138.4             0.1256              0                     0
6     12     0.16          138.4             0.1272              0                     0
6     12     0.16          138.4             0.1288              0                     0
6     12     0.16          138.4             0.1304              0                     0
6     12     0.16          138.4             0.132              0                     0
6     12     0.16          138.4             0.1336              0                     0
6     12     0.16          138.4             0.1352              0                     0
6     12     0.16          138.4             0.1368              0                     0
6     12     0.16          138.4             0.1384              0                     0
6     12     0.16          138.4             0.14              0                     0
6     12     0.16          138.4             0.1416              0                     0
6     12     0.16          138.4             0.1432              0                     0
6     12     0.16          138.4             0.1448              0                     0
6     12     0.16          138.4             0.1464              0                     0
6     12     0.16          138.4             0.148              0                     0
6     12     0.16          138.4             0.1496              0                     0
6     12     0.16          138.4             0.1512              0                     0
6     12     0.16          138.4             0.1528              0                     0
6     12     0.16          138.4             0.1544              0                     0
6     12     0.16          138.4             0.156              0                     0
6     12     0.16          138.4             0.1576              0                     0
*******************************************************************************************************
 Average angle 139.604 +- 2.70629 deg 
 Average E' 0.107875 +- 0.00209122 GeV 
