*******************************************************************************************************
Z     A     E(GeV)     Theta(deg)     Energy Loss(GeV)     Sigma(nb/sr/GeV)     ERROR     Citation     
*******************************************************************************************************
6     12     0.62          38.1             0.0031              0.0294852                     0.0294852
6     12     0.62          38.1             0.0093              1.29735                     0.195583
6     12     0.62          38.1             0.0155              2.53573                     0.273435
6     12     0.62          38.1             0.0217              4.62918                     0.369449
6     12     0.62          38.1             0.0279              7.93152                     0.483593
6     12     0.62          38.1             0.0341              10.3493                     0.552405
6     12     0.62          38.1             0.0403              11.2634                     0.576283
6     12     0.62          38.1             0.0465              16.2169                     0.69149
6     12     0.62          38.1             0.0527              17.5437                     0.719222
6     12     0.62          38.1             0.0589              21.7011                     0.799914
6     12     0.62          38.1             0.0651              23.4407                     0.831358
6     12     0.62          38.1             0.0713              24.4727                     0.849461
6     12     0.62          38.1             0.0775              26.0944                     0.877154
6     12     0.62          38.1             0.0837              26.006                     0.875666
6     12     0.62          38.1             0.0899              25.7406                     0.871187
6     12     0.62          38.1             0.0961              26.0354                     0.876162
6     12     0.62          38.1             0.1023              24.9445                     0.857609
6     12     0.62          38.1             0.1085              22.969                     0.822949
6     12     0.62          38.1             0.1147              22.7331                     0.818713
6     12     0.62          38.1             0.1209              20.5217                     0.777873
6     12     0.62          38.1             0.1271              19.7551                     0.763206
6     12     0.62          38.1             0.1333              18.3398                     0.735359
6     12     0.62          38.1             0.1395              14.949                     0.663909
6     12     0.62          38.1             0.1457              13.4158                     0.628941
6     12     0.62          38.1             0.1519              12.3248                     0.602827
6     12     0.62          38.1             0.1581              11.6467                     0.586007
6     12     0.62          38.1             0.1643              10.0839                     0.545277
6     12     0.62          38.1             0.1705              8.34432                     0.496018
6     12     0.62          38.1             0.1767              7.01748                     0.454876
6     12     0.62          38.1             0.1829              6.22138                     0.428297
6     12     0.62          38.1             0.1891              6.19189                     0.427281
6     12     0.62          38.1             0.1953              5.07146                     0.386695
6     12     0.62          38.1             0.2015              5.1894                     0.391166
6     12     0.62          38.1             0.2077              4.30484                     0.356271
6     12     0.62          38.1             0.2139              5.36631                     0.397777
6     12     0.62          38.1             0.2201              4.83557                     0.377595
6     12     0.62          38.1             0.2263              4.09844                     0.347626
6     12     0.62          38.1             0.2325              4.57021                     0.367088
6     12     0.62          38.1             0.2387              4.21639                     0.352592
6     12     0.62          38.1             0.2449              4.21639                     0.352592
6     12     0.62          38.1             0.2511              4.33433                     0.357489
6     12     0.62          38.1             0.2573              4.15741                     0.350118
6     12     0.62          38.1             0.2635              3.92153                     0.34004
6     12     0.62          38.1             0.2697              4.06896                     0.346373
6     12     0.62          38.1             0.2759              4.3933                     0.359913
6     12     0.62          38.1             0.2821              4.36381                     0.358703
6     12     0.62          38.1             0.2883              5.13043                     0.388937
6     12     0.62          38.1             0.2945              4.51124                     0.364712
6     12     0.62          38.1             0.3007              4.92403                     0.381033
6     12     0.62          38.1             0.3069              4.30484                     0.356271
6     12     0.62          38.1             0.3131              5.27785                     0.394485
6     12     0.62          38.1             0.3193              5.21888                     0.392275
6     12     0.62          38.1             0.3255              5.24837                     0.393382
6     12     0.62          38.1             0.3317              5.21888                     0.392275
6     12     0.62          38.1             0.3379              6.01498                     0.421133
6     12     0.62          38.1             0.3441              6.10344                     0.424218
6     12     0.62          38.1             0.3503              6.16241                     0.426263
6     12     0.62          38.1             0.3565              6.72263                     0.445217
6     12     0.62          38.1             0.3627              5.89704                     0.416984
6     12     0.62          38.1             0.3689              7.19439                     0.460574
6     12     0.62          38.1             0.3751              6.54572                     0.43932
6     12     0.62          38.1             0.3813              6.60469                     0.441294
6     12     0.62          38.1             0.3875              6.75211                     0.446192
6     12     0.62          38.1             0.3937              6.63417                     0.442278
6     12     0.62          38.1             0.3999              7.31233                     0.464334
6     12     0.62          38.1             0.4061              6.04447                     0.422164
6     12     0.62          38.1             0.4123              5.69065                     0.409622
6     12     0.62          38.1             0.4185              5.9855                     0.4201
6     12     0.62          38.1             0.4247              7.04697                     0.45583
6     12     0.62          38.1             0.4309              6.25087                     0.429311
6     12     0.62          38.1             0.4371              6.42778                     0.435344
6     12     0.62          38.1             0.4433              5.69065                     0.409622
6     12     0.62          38.1             0.4495              5.60219                     0.406426
6     12     0.62          38.1             0.4557              4.983                     0.383308
6     12     0.62          38.1             0.4619              5.15991                     0.390053
6     12     0.62          38.1             0.4681              5.51373                     0.403204
6     12     0.62          38.1             0.4743              4.59969                     0.36827
6     12     0.62          38.1             0.4805              4.42278                     0.361119
6     12     0.62          38.1             0.4867              3.21389                     0.307835
6     12     0.62          38.1             0.4929              3.47926                     0.320291
6     12     0.62          38.1             0.4991              3.3908                     0.316194
6     12     0.62          38.1             0.5053              2.91904                     0.293374
6     12     0.62          38.1             0.5115              3.00749                     0.297786
6     12     0.62          38.1             0.5177              2.88955                     0.291889
6     12     0.62          38.1             0.5239              3.03698                     0.299242
6     12     0.62          38.1             0.5301              2.71264                     0.282812
6     12     0.62          38.1             0.5363              2.68315                     0.281271
6     12     0.62          38.1             0.5425              1.73963                     0.22648
6     12     0.62          38.1             0.5487              0.766616                     0.150346
6     12     0.62          38.1             0.5549              0                     0
6     12     0.62          38.1             0.5611              0                     0
6     12     0.62          38.1             0.5673              0                     0
6     12     0.62          38.1             0.5735              0                     0
6     12     0.62          38.1             0.5797              0                     0
6     12     0.62          38.1             0.5859              0                     0
6     12     0.62          38.1             0.5921              0                     0
6     12     0.62          38.1             0.5983              0                     0
6     12     0.62          38.1             0.6045              0                     0
6     12     0.62          38.1             0.6107              0                     0
*******************************************************************************************************
 Average angle 38.3919 +- 0.24122 deg 
 Average E' 0.421217 +- 0.00264655 GeV 
