*******************************************************************************************************
Z     A     E(GeV)     Theta(deg)     Energy Loss(GeV)     Sigma(nb/sr/GeV)     ERROR     Citation     
*******************************************************************************************************
6     12     0.48          93.6             0.0024              0                     0
6     12     0.48          93.6             0.0072              0                     0
6     12     0.48          93.6             0.012              0                     0
6     12     0.48          93.6             0.0168              0                     0
6     12     0.48          93.6             0.0216              0                     0
6     12     0.48          93.6             0.0264              0                     0
6     12     0.48          93.6             0.0312              0                     0
6     12     0.48          93.6             0.036              0                     0
6     12     0.48          93.6             0.0408              0                     0
6     12     0.48          93.6             0.0456              0.0391839                     0.0277072
6     12     0.48          93.6             0.0504              0                     0
6     12     0.48          93.6             0.0552              0                     0
6     12     0.48          93.6             0.06              0.0391839                     0.0277072
6     12     0.48          93.6             0.0648              0.019592                     0.019592
6     12     0.48          93.6             0.0696              0.0391839                     0.0277072
6     12     0.48          93.6             0.0744              0                     0
6     12     0.48          93.6             0.0792              0.0587759                     0.0339343
6     12     0.48          93.6             0.084              0.0391839                     0.0277072
6     12     0.48          93.6             0.0888              0.0587759                     0.0339343
6     12     0.48          93.6             0.0936              0.0979598                     0.0438089
6     12     0.48          93.6             0.0984              0.215512                     0.0649792
6     12     0.48          93.6             0.1032              0.0783678                     0.0391839
6     12     0.48          93.6             0.108              0.215512                     0.0649792
6     12     0.48          93.6             0.1128              0.235103                     0.0678685
6     12     0.48          93.6             0.1176              0.235103                     0.0678685
6     12     0.48          93.6             0.1224              0.391839                     0.0876179
6     12     0.48          93.6             0.1272              0.352655                     0.0831216
6     12     0.48          93.6             0.132              0.509391                     0.0998998
6     12     0.48          93.6             0.1368              0.685718                     0.115908
6     12     0.48          93.6             0.1416              0.470207                     0.0959806
6     12     0.48          93.6             0.1464              0.489799                     0.0979598
6     12     0.48          93.6             0.1512              0.764086                     0.122352
6     12     0.48          93.6             0.156              0.685718                     0.115908
6     12     0.48          93.6             0.1608              0.862046                     0.129958
6     12     0.48          93.6             0.1656              1.01878                     0.14128
6     12     0.48          93.6             0.1704              1.01878                     0.14128
6     12     0.48          93.6             0.1752              1.05797                     0.143971
6     12     0.48          93.6             0.18              0.90123                     0.132879
6     12     0.48          93.6             0.1848              0.666127                     0.11424
6     12     0.48          93.6             0.1896              0.881638                     0.131427
6     12     0.48          93.6             0.1944              0.822862                     0.12697
6     12     0.48          93.6             0.1992              0.920822                     0.134316
6     12     0.48          93.6             0.204              0.940414                     0.135737
6     12     0.48          93.6             0.2088              0.881638                     0.131427
6     12     0.48          93.6             0.2136              0.99919                     0.139915
6     12     0.48          93.6             0.2184              0.783678                     0.12391
6     12     0.48          93.6             0.2232              0.724902                     0.119173
6     12     0.48          93.6             0.228              0.783678                     0.12391
6     12     0.48          93.6             0.2328              0.90123                     0.132879
6     12     0.48          93.6             0.2376              0.90123                     0.132879
6     12     0.48          93.6             0.2424              0.783678                     0.12391
6     12     0.48          93.6             0.2472              0.489799                     0.0979598
6     12     0.48          93.6             0.252              0.548575                     0.103671
6     12     0.48          93.6             0.2568              0.333063                     0.0807797
6     12     0.48          93.6             0.2616              0.626943                     0.110829
6     12     0.48          93.6             0.2664              0.450615                     0.0939597
6     12     0.48          93.6             0.2712              0.646535                     0.112547
6     12     0.48          93.6             0.276              0.391839                     0.0876179
6     12     0.48          93.6             0.2808              0.391839                     0.0876179
6     12     0.48          93.6             0.2856              0.489799                     0.0979598
6     12     0.48          93.6             0.2904              0.470207                     0.0959806
6     12     0.48          93.6             0.2952              0.450615                     0.0939597
6     12     0.48          93.6             0.3              0.587759                     0.10731
6     12     0.48          93.6             0.3048              0.391839                     0.0876179
6     12     0.48          93.6             0.3096              0.626943                     0.110829
6     12     0.48          93.6             0.3144              0.548575                     0.103671
6     12     0.48          93.6             0.3192              0.744494                     0.120773
6     12     0.48          93.6             0.324              0.489799                     0.0979598
6     12     0.48          93.6             0.3288              0.626943                     0.110829
6     12     0.48          93.6             0.3336              0.666127                     0.11424
6     12     0.48          93.6             0.3384              0.568167                     0.105506
6     12     0.48          93.6             0.3432              0.666127                     0.11424
6     12     0.48          93.6             0.348              0.80327                     0.12545
6     12     0.48          93.6             0.3528              0.724902                     0.119173
6     12     0.48          93.6             0.3576              0.783678                     0.12391
6     12     0.48          93.6             0.3624              0.666127                     0.11424
6     12     0.48          93.6             0.3672              0.783678                     0.12391
6     12     0.48          93.6             0.372              1.05797                     0.143971
6     12     0.48          93.6             0.3768              1.01878                     0.14128
6     12     0.48          93.6             0.3816              0.842454                     0.128473
6     12     0.48          93.6             0.3864              1.03837                     0.142632
6     12     0.48          93.6             0.3912              1.25389                     0.156736
6     12     0.48          93.6             0.396              1.17552                     0.151759
6     12     0.48          93.6             0.4008              1.17552                     0.151759
6     12     0.48          93.6             0.4056              1.31266                     0.160367
6     12     0.48          93.6             0.4104              1.37144                     0.163918
6     12     0.48          93.6             0.4152              1.29307                     0.159166
6     12     0.48          93.6             0.42              1.25389                     0.156736
6     12     0.48          93.6             0.4248              1.64572                     0.179563
6     12     0.48          93.6             0.4296              1.4498                     0.168536
6     12     0.48          93.6             0.4344              1.41062                     0.166243
6     12     0.48          93.6             0.4392              1.50858                     0.171919
6     12     0.48          93.6             0.444              1.29307                     0.159166
6     12     0.48          93.6             0.4488              1.52817                     0.173031
6     12     0.48          93.6             0.4536              1.4498                     0.168536
6     12     0.48          93.6             0.4584              1.41062                     0.166243
6     12     0.48          93.6             0.4632              0                     0
6     12     0.48          93.6             0.468              0                     0
6     12     0.48          93.6             0.4728              0                     0
*******************************************************************************************************
 Average angle 93.9497 +- 1.68332 deg 
 Average E' 0.170924 +- 0.00306249 GeV 
