*******************************************************************************************************
Z     A     E(GeV)     Theta(deg)     Energy Loss(GeV)     Sigma(nb/sr/GeV)     ERROR     Citation     
*******************************************************************************************************
6     12     0.4          173.8             0.002              0                     0
6     12     0.4          173.8             0.006              0                     0
6     12     0.4          173.8             0.01              0                     0
6     12     0.4          173.8             0.014              0                     0
6     12     0.4          173.8             0.018              0                     0
6     12     0.4          173.8             0.022              0                     0
6     12     0.4          173.8             0.026              0                     0
6     12     0.4          173.8             0.03              0                     0
6     12     0.4          173.8             0.034              0                     0
6     12     0.4          173.8             0.038              0                     0
6     12     0.4          173.8             0.042              0                     0
6     12     0.4          173.8             0.046              0                     0
6     12     0.4          173.8             0.05              0                     0
6     12     0.4          173.8             0.054              0                     0
6     12     0.4          173.8             0.058              0                     0
6     12     0.4          173.8             0.062              0                     0
6     12     0.4          173.8             0.066              0                     0
6     12     0.4          173.8             0.07              0                     0
6     12     0.4          173.8             0.074              0                     0
6     12     0.4          173.8             0.078              0                     0
6     12     0.4          173.8             0.082              0                     0
6     12     0.4          173.8             0.086              0                     0
6     12     0.4          173.8             0.09              0                     0
6     12     0.4          173.8             0.094              0                     0
6     12     0.4          173.8             0.098              0                     0
6     12     0.4          173.8             0.102              0                     0
6     12     0.4          173.8             0.106              0                     0
6     12     0.4          173.8             0.11              0                     0
6     12     0.4          173.8             0.114              0                     0
6     12     0.4          173.8             0.118              0                     0
6     12     0.4          173.8             0.122              0.20042                     0.20042
6     12     0.4          173.8             0.126              0.20042                     0.20042
6     12     0.4          173.8             0.13              0.40084                     0.283436
6     12     0.4          173.8             0.134              0                     0
6     12     0.4          173.8             0.138              0.20042                     0.20042
6     12     0.4          173.8             0.142              0                     0
6     12     0.4          173.8             0.146              0.20042                     0.20042
6     12     0.4          173.8             0.15              0.601259                     0.347137
6     12     0.4          173.8             0.154              0                     0
6     12     0.4          173.8             0.158              0.20042                     0.20042
6     12     0.4          173.8             0.162              0.40084                     0.283436
6     12     0.4          173.8             0.166              0.40084                     0.283436
6     12     0.4          173.8             0.17              0.40084                     0.283436
6     12     0.4          173.8             0.174              0                     0
6     12     0.4          173.8             0.178              0                     0
6     12     0.4          173.8             0.182              0.801679                     0.40084
6     12     0.4          173.8             0.186              0.40084                     0.283436
6     12     0.4          173.8             0.19              0.40084                     0.283436
6     12     0.4          173.8             0.194              0.40084                     0.283436
6     12     0.4          173.8             0.198              0.20042                     0.20042
6     12     0.4          173.8             0.202              0                     0
6     12     0.4          173.8             0.206              0.20042                     0.20042
6     12     0.4          173.8             0.21              0.40084                     0.283436
6     12     0.4          173.8             0.214              0                     0
6     12     0.4          173.8             0.218              0                     0
6     12     0.4          173.8             0.222              0.40084                     0.283436
6     12     0.4          173.8             0.226              0                     0
6     12     0.4          173.8             0.23              0                     0
6     12     0.4          173.8             0.234              0                     0
6     12     0.4          173.8             0.238              0.40084                     0.283436
6     12     0.4          173.8             0.242              0                     0
6     12     0.4          173.8             0.246              0                     0
6     12     0.4          173.8             0.25              0.40084                     0.283436
6     12     0.4          173.8             0.254              0.20042                     0.20042
6     12     0.4          173.8             0.258              0                     0
6     12     0.4          173.8             0.262              0.601259                     0.347137
6     12     0.4          173.8             0.266              0.20042                     0.20042
6     12     0.4          173.8             0.27              0                     0
6     12     0.4          173.8             0.274              0                     0
6     12     0.4          173.8             0.278              0.20042                     0.20042
6     12     0.4          173.8             0.282              0.601259                     0.347137
6     12     0.4          173.8             0.286              0.40084                     0.283436
6     12     0.4          173.8             0.29              0.601259                     0.347137
6     12     0.4          173.8             0.294              0                     0
6     12     0.4          173.8             0.298              0.40084                     0.283436
6     12     0.4          173.8             0.302              0.20042                     0.20042
6     12     0.4          173.8             0.306              0.20042                     0.20042
6     12     0.4          173.8             0.31              0.601259                     0.347137
6     12     0.4          173.8             0.314              0.20042                     0.20042
6     12     0.4          173.8             0.318              0.40084                     0.283436
6     12     0.4          173.8             0.322              0.40084                     0.283436
6     12     0.4          173.8             0.326              0.40084                     0.283436
6     12     0.4          173.8             0.33              0                     0
6     12     0.4          173.8             0.334              0.20042                     0.20042
6     12     0.4          173.8             0.338              0.40084                     0.283436
6     12     0.4          173.8             0.342              0                     0
6     12     0.4          173.8             0.346              0.20042                     0.20042
6     12     0.4          173.8             0.35              1.0021                     0.448152
6     12     0.4          173.8             0.354              1.40294                     0.530261
6     12     0.4          173.8             0.358              0.40084                     0.283436
6     12     0.4          173.8             0.362              0.20042                     0.20042
6     12     0.4          173.8             0.366              0.40084                     0.283436
6     12     0.4          173.8             0.37              1.80378                     0.601259
6     12     0.4          173.8             0.374              0.801679                     0.40084
6     12     0.4          173.8             0.378              0.801679                     0.40084
6     12     0.4          173.8             0.382              1.80378                     0.601259
6     12     0.4          173.8             0.386              2.60546                     0.722624
6     12     0.4          173.8             0.39              0                     0
6     12     0.4          173.8             0.394              0                     0
*******************************************************************************************************
 Average angle 174.228 +- 15.6461 deg 
 Average E' 0.102182 +- 0.00917622 GeV 
