*******************************************************************************************************
Z     A     E(GeV)     Theta(deg)     Energy Loss(GeV)     Sigma(nb/sr/GeV)     ERROR     Citation     
*******************************************************************************************************
6     12     0.2          135.2             0.001              0                     0
6     12     0.2          135.2             0.003              0.0694813                     0.0491307
6     12     0.2          135.2             0.005              0.0694813                     0.0491307
6     12     0.2          135.2             0.007              0.243185                     0.0919152
6     12     0.2          135.2             0.009              0.173703                     0.0776825
6     12     0.2          135.2             0.011              0.382147                     0.115222
6     12     0.2          135.2             0.013              0.694813                     0.155365
6     12     0.2          135.2             0.015              0.416888                     0.120345
6     12     0.2          135.2             0.017              0.833776                     0.170194
6     12     0.2          135.2             0.019              0.799035                     0.16661
6     12     0.2          135.2             0.021              1.18118                     0.202571
6     12     0.2          135.2             0.023              1.25066                     0.208444
6     12     0.2          135.2             0.025              1.00748                     0.187084
6     12     0.2          135.2             0.027              1.14644                     0.19957
6     12     0.2          135.2             0.029              1.70229                     0.243185
6     12     0.2          135.2             0.031              1.73703                     0.245654
6     12     0.2          135.2             0.033              1.63281                     0.23817
6     12     0.2          135.2             0.035              2.25814                     0.280088
6     12     0.2          135.2             0.037              1.98022                     0.262286
6     12     0.2          135.2             0.039              2.67503                     0.304848
6     12     0.2          135.2             0.041              2.32762                     0.284365
6     12     0.2          135.2             0.043              2.43185                     0.290661
6     12     0.2          135.2             0.045              2.60555                     0.300863
6     12     0.2          135.2             0.047              2.43185                     0.290661
6     12     0.2          135.2             0.049              2.46659                     0.29273
6     12     0.2          135.2             0.051              2.70977                     0.306821
6     12     0.2          135.2             0.053              2.53607                     0.296824
6     12     0.2          135.2             0.055              2.74451                     0.308782
6     12     0.2          135.2             0.057              2.95296                     0.320293
6     12     0.2          135.2             0.059              2.84873                     0.31459
6     12     0.2          135.2             0.061              2.32762                     0.284365
6     12     0.2          135.2             0.063              3.12666                     0.329579
6     12     0.2          135.2             0.065              2.91822                     0.318403
6     12     0.2          135.2             0.067              2.91822                     0.318403
6     12     0.2          135.2             0.069              2.39711                     0.288578
6     12     0.2          135.2             0.071              2.53607                     0.296824
6     12     0.2          135.2             0.073              2.2234                     0.277925
6     12     0.2          135.2             0.075              2.53607                     0.296824
6     12     0.2          135.2             0.077              2.43185                     0.290661
6     12     0.2          135.2             0.079              1.94548                     0.259975
6     12     0.2          135.2             0.081              2.64029                     0.302862
6     12     0.2          135.2             0.083              2.29288                     0.282234
6     12     0.2          135.2             0.085              2.50133                     0.294784
6     12     0.2          135.2             0.087              2.15392                     0.273548
6     12     0.2          135.2             0.089              1.98022                     0.262286
6     12     0.2          135.2             0.091              1.73703                     0.245654
6     12     0.2          135.2             0.093              1.59807                     0.235623
6     12     0.2          135.2             0.095              1.63281                     0.23817
6     12     0.2          135.2             0.097              1.84126                     0.252916
6     12     0.2          135.2             0.099              1.56333                     0.233047
6     12     0.2          135.2             0.101              1.2854                     0.211319
6     12     0.2          135.2             0.103              1.14644                     0.19957
6     12     0.2          135.2             0.105              1.1117                     0.196523
6     12     0.2          135.2             0.107              1.2854                     0.211319
6     12     0.2          135.2             0.109              0.972739                     0.18383
6     12     0.2          135.2             0.111              0.903257                     0.177143
6     12     0.2          135.2             0.113              1.18118                     0.202571
6     12     0.2          135.2             0.115              1.07696                     0.193428
6     12     0.2          135.2             0.117              0.555851                     0.138963
6     12     0.2          135.2             0.119              0.729554                     0.159202
6     12     0.2          135.2             0.121              0.729554                     0.159202
6     12     0.2          135.2             0.123              0.625332                     0.147392
6     12     0.2          135.2             0.125              0.625332                     0.147392
6     12     0.2          135.2             0.127              0.660073                     0.151431
6     12     0.2          135.2             0.129              0.555851                     0.138963
6     12     0.2          135.2             0.131              0.416888                     0.120345
6     12     0.2          135.2             0.133              0.451629                     0.125259
6     12     0.2          135.2             0.135              0.52111                     0.13455
6     12     0.2          135.2             0.137              0.347407                     0.10986
6     12     0.2          135.2             0.139              0.382147                     0.115222
6     12     0.2          135.2             0.141              0.486369                     0.129988
6     12     0.2          135.2             0.143              0.347407                     0.10986
6     12     0.2          135.2             0.145              0.382147                     0.115222
6     12     0.2          135.2             0.147              0.382147                     0.115222
6     12     0.2          135.2             0.149              0.312666                     0.104222
6     12     0.2          135.2             0.151              0.486369                     0.129988
6     12     0.2          135.2             0.153              0.451629                     0.125259
6     12     0.2          135.2             0.155              0.416888                     0.120345
6     12     0.2          135.2             0.157              0.52111                     0.13455
6     12     0.2          135.2             0.159              0.416888                     0.120345
6     12     0.2          135.2             0.161              0.451629                     0.125259
6     12     0.2          135.2             0.163              0.555851                     0.138963
6     12     0.2          135.2             0.165              0.555851                     0.138963
6     12     0.2          135.2             0.167              0.52111                     0.13455
6     12     0.2          135.2             0.169              0.382147                     0.115222
6     12     0.2          135.2             0.171              0.277925                     0.0982614
6     12     0.2          135.2             0.173              0                     0
6     12     0.2          135.2             0.175              0                     0
6     12     0.2          135.2             0.177              0                     0
6     12     0.2          135.2             0.179              0                     0
6     12     0.2          135.2             0.181              0                     0
6     12     0.2          135.2             0.183              0                     0
6     12     0.2          135.2             0.185              0                     0
6     12     0.2          135.2             0.187              0                     0
6     12     0.2          135.2             0.189              0                     0
6     12     0.2          135.2             0.191              0                     0
6     12     0.2          135.2             0.193              0                     0
6     12     0.2          135.2             0.195              0                     0
6     12     0.2          135.2             0.197              0                     0
*******************************************************************************************************
 Average angle 135.777 +- 2.36896 deg 
 Average E' 0.127126 +- 0.00221803 GeV 
