*******************************************************************************************************
Z     A     E(GeV)     Theta(deg)     Energy Loss(GeV)     Sigma(nb/sr/GeV)     ERROR     Citation     
*******************************************************************************************************
6     12     0.16          149.6             0.0008              0.0801814                     0.0566968
6     12     0.16          149.6             0.0024              0.160363                     0.0801814
6     12     0.16          149.6             0.004              0.160363                     0.0801814
6     12     0.16          149.6             0.0056              0.280635                     0.10607
6     12     0.16          149.6             0.0072              0.360816                     0.120272
6     12     0.16          149.6             0.0088              0.240544                     0.0982018
6     12     0.16          149.6             0.0104              0.360816                     0.120272
6     12     0.16          149.6             0.012              0.601361                     0.155271
6     12     0.16          149.6             0.0136              0.521179                     0.144549
6     12     0.16          149.6             0.0152              0.641452                     0.160363
6     12     0.16          149.6             0.0168              0.801814                     0.179291
6     12     0.16          149.6             0.0184              1.12254                     0.21214
6     12     0.16          149.6             0.02              1.16263                     0.215895
6     12     0.16          149.6             0.0216              0.881996                     0.188042
6     12     0.16          149.6             0.0232              0.841905                     0.183719
6     12     0.16          149.6             0.0248              1.00227                     0.200454
6     12     0.16          149.6             0.0264              1.12254                     0.21214
6     12     0.16          149.6             0.028              1.20272                     0.219586
6     12     0.16          149.6             0.0296              1.48336                     0.243862
6     12     0.16          149.6             0.0312              1.2829                     0.226787
6     12     0.16          149.6             0.0328              1.52345                     0.247136
6     12     0.16          149.6             0.0344              1.04236                     0.204423
6     12     0.16          149.6             0.036              1.56354                     0.250366
6     12     0.16          149.6             0.0376              1.44327                     0.240544
6     12     0.16          149.6             0.0392              1.80408                     0.268937
6     12     0.16          149.6             0.0408              1.68381                     0.259818
6     12     0.16          149.6             0.0424              1.88426                     0.274848
6     12     0.16          149.6             0.044              1.32299                     0.230304
6     12     0.16          149.6             0.0456              1.48336                     0.243862
6     12     0.16          149.6             0.0472              1.40318                     0.23718
6     12     0.16          149.6             0.0488              2.00454                     0.283484
6     12     0.16          149.6             0.0504              1.60363                     0.253556
6     12     0.16          149.6             0.052              1.64372                     0.256706
6     12     0.16          149.6             0.0536              1.52345                     0.247136
6     12     0.16          149.6             0.0552              1.64372                     0.256706
6     12     0.16          149.6             0.0568              1.44327                     0.240544
6     12     0.16          149.6             0.0584              1.04236                     0.204423
6     12     0.16          149.6             0.06              1.20272                     0.219586
6     12     0.16          149.6             0.0616              1.68381                     0.259818
6     12     0.16          149.6             0.0632              0.962177                     0.196404
6     12     0.16          149.6             0.0648              1.32299                     0.230304
6     12     0.16          149.6             0.0664              0.841905                     0.183719
6     12     0.16          149.6             0.068              1.04236                     0.204423
6     12     0.16          149.6             0.0696              1.32299                     0.230304
6     12     0.16          149.6             0.0712              1.04236                     0.204423
6     12     0.16          149.6             0.0728              0.881996                     0.188042
6     12     0.16          149.6             0.0744              0.761724                     0.174751
6     12     0.16          149.6             0.076              0.841905                     0.183719
6     12     0.16          149.6             0.0776              1.12254                     0.21214
6     12     0.16          149.6             0.0792              0.962177                     0.196404
6     12     0.16          149.6             0.0808              0.801814                     0.179291
6     12     0.16          149.6             0.0824              0.641452                     0.160363
6     12     0.16          149.6             0.084              0.681542                     0.165298
6     12     0.16          149.6             0.0856              0.56127                     0.150006
6     12     0.16          149.6             0.0872              0.601361                     0.155271
6     12     0.16          149.6             0.0888              0.56127                     0.150006
6     12     0.16          149.6             0.0904              0.240544                     0.0982018
6     12     0.16          149.6             0.092              0.481089                     0.138878
6     12     0.16          149.6             0.0936              0.320726                     0.113394
6     12     0.16          149.6             0.0952              0.360816                     0.120272
6     12     0.16          149.6             0.0968              0.56127                     0.150006
6     12     0.16          149.6             0.0984              0.200454                     0.0896456
6     12     0.16          149.6             0.1              0.521179                     0.144549
6     12     0.16          149.6             0.1016              0.280635                     0.10607
6     12     0.16          149.6             0.1032              0.240544                     0.0982018
6     12     0.16          149.6             0.1048              0.200454                     0.0896456
6     12     0.16          149.6             0.1064              0.120272                     0.0694392
6     12     0.16          149.6             0.108              0.280635                     0.10607
6     12     0.16          149.6             0.1096              0.160363                     0.0801814
6     12     0.16          149.6             0.1112              0.360816                     0.120272
6     12     0.16          149.6             0.1128              0.320726                     0.113394
6     12     0.16          149.6             0.1144              0.240544                     0.0982018
6     12     0.16          149.6             0.116              0.360816                     0.120272
6     12     0.16          149.6             0.1176              0.400907                     0.126778
6     12     0.16          149.6             0.1192              0.320726                     0.113394
6     12     0.16          149.6             0.1208              0.240544                     0.0982018
6     12     0.16          149.6             0.1224              0.360816                     0.120272
6     12     0.16          149.6             0.124              0.280635                     0.10607
6     12     0.16          149.6             0.1256              0.200454                     0.0896456
6     12     0.16          149.6             0.1272              0.0801814                     0.0566968
6     12     0.16          149.6             0.1288              0                     0
6     12     0.16          149.6             0.1304              0                     0
6     12     0.16          149.6             0.132              0                     0
6     12     0.16          149.6             0.1336              0                     0
6     12     0.16          149.6             0.1352              0                     0
6     12     0.16          149.6             0.1368              0                     0
6     12     0.16          149.6             0.1384              0                     0
6     12     0.16          149.6             0.14              0                     0
6     12     0.16          149.6             0.1416              0                     0
6     12     0.16          149.6             0.1432              0                     0
6     12     0.16          149.6             0.1448              0                     0
6     12     0.16          149.6             0.1464              0                     0
6     12     0.16          149.6             0.148              0                     0
6     12     0.16          149.6             0.1496              0                     0
6     12     0.16          149.6             0.1512              0                     0
6     12     0.16          149.6             0.1528              0                     0
6     12     0.16          149.6             0.1544              0                     0
6     12     0.16          149.6             0.156              0                     0
6     12     0.16          149.6             0.1576              0                     0
*******************************************************************************************************
 Average angle 150.783 +- 3.73473 deg 
 Average E' 0.105753 +- 0.00261937 GeV 
