*******************************************************************************************************
Z     A     E(GeV)     Theta(deg)     Energy Loss(GeV)     Sigma(nb/sr/GeV)     ERROR     Citation     
*******************************************************************************************************
6     12     0.06          95.9             0.0003              1.01304                     0.129706
6     12     0.06          95.9             0.0009              1.32857                     0.148539
6     12     0.06          95.9             0.0015              0.979821                     0.127562
6     12     0.06          95.9             0.0021              1.41161                     0.15311
6     12     0.06          95.9             0.0027              1.14589                     0.137949
6     12     0.06          95.9             0.0033              1.24554                     0.143822
6     12     0.06          95.9             0.0039              1.69393                     0.167724
6     12     0.06          95.9             0.0045              2.02607                     0.183432
6     12     0.06          95.9             0.0051              1.67732                     0.1669
6     12     0.06          95.9             0.0057              1.81018                     0.173384
6     12     0.06          95.9             0.0063              1.94303                     0.179634
6     12     0.06          95.9             0.0069              1.72714                     0.16936
6     12     0.06          95.9             0.0075              1.84339                     0.174967
6     12     0.06          95.9             0.0081              1.72714                     0.16936
6     12     0.06          95.9             0.0087              1.72714                     0.16936
6     12     0.06          95.9             0.0093              2.07589                     0.185673
6     12     0.06          95.9             0.0099              1.54446                     0.160153
6     12     0.06          95.9             0.0105              2.02607                     0.183432
6     12     0.06          95.9             0.0111              1.6275                     0.164402
6     12     0.06          95.9             0.0117              1.57768                     0.161866
6     12     0.06          95.9             0.0123              1.49464                     0.157549
6     12     0.06          95.9             0.0129              1.6275                     0.164402
6     12     0.06          95.9             0.0135              1.29536                     0.14667
6     12     0.06          95.9             0.0141              1.6275                     0.164402
6     12     0.06          95.9             0.0147              1.36179                     0.150384
6     12     0.06          95.9             0.0153              1.36179                     0.150384
6     12     0.06          95.9             0.0159              1.24554                     0.143822
6     12     0.06          95.9             0.0165              1.09607                     0.134917
6     12     0.06          95.9             0.0171              0.996428                     0.128638
6     12     0.06          95.9             0.0177              0.913392                     0.123162
6     12     0.06          95.9             0.0183              0.863571                     0.119756
6     12     0.06          95.9             0.0189              0.963214                     0.126476
6     12     0.06          95.9             0.0195              0.946607                     0.125381
6     12     0.06          95.9             0.0201              0.548035                     0.0954007
6     12     0.06          95.9             0.0207              0.797143                     0.115058
6     12     0.06          95.9             0.0213              0.564643                     0.0968354
6     12     0.06          95.9             0.0219              0.680893                     0.106338
6     12     0.06          95.9             0.0225              0.34875                     0.0761035
6     12     0.06          95.9             0.0231              0.298928                     0.0704581
6     12     0.06          95.9             0.0237              0.381964                     0.079645
6     12     0.06          95.9             0.0243              0.332143                     0.0742694
6     12     0.06          95.9             0.0249              0.332143                     0.0742694
6     12     0.06          95.9             0.0255              0.398571                     0.081358
6     12     0.06          95.9             0.0261              0.265714                     0.0664285
6     12     0.06          95.9             0.0267              0.249107                     0.0643192
6     12     0.06          95.9             0.0273              0.182678                     0.0550796
6     12     0.06          95.9             0.0279              0.132857                     0.0469721
6     12     0.06          95.9             0.0285              0.149464                     0.0498214
6     12     0.06          95.9             0.0291              0.199286                     0.0575288
6     12     0.06          95.9             0.0297              0.249107                     0.0643192
6     12     0.06          95.9             0.0303              0.199286                     0.0575288
6     12     0.06          95.9             0.0309              0.182678                     0.0550796
6     12     0.06          95.9             0.0315              0.11625                     0.0439384
6     12     0.06          95.9             0.0321              0.182678                     0.0550796
6     12     0.06          95.9             0.0327              0.11625                     0.0439384
6     12     0.06          95.9             0.0333              0.0996428                     0.040679
6     12     0.06          95.9             0.0339              0.0498214                     0.0287644
6     12     0.06          95.9             0.0345              0.0830357                     0.0371347
6     12     0.06          95.9             0.0351              0.0664285                     0.0332143
6     12     0.06          95.9             0.0357              0.0498214                     0.0287644
6     12     0.06          95.9             0.0363              0.0664285                     0.0332143
6     12     0.06          95.9             0.0369              0.0664285                     0.0332143
6     12     0.06          95.9             0.0375              0.0830357                     0.0371347
6     12     0.06          95.9             0.0381              0.11625                     0.0439384
6     12     0.06          95.9             0.0387              0.0166071                     0.0166071
6     12     0.06          95.9             0.0393              0.132857                     0.0469721
6     12     0.06          95.9             0.0399              0.0996428                     0.040679
6     12     0.06          95.9             0.0405              0.0830357                     0.0371347
6     12     0.06          95.9             0.0411              0.0830357                     0.0371347
6     12     0.06          95.9             0.0417              0.0332143                     0.023486
6     12     0.06          95.9             0.0423              0.0498214                     0.0287644
6     12     0.06          95.9             0.0429              0.0166071                     0.0166071
6     12     0.06          95.9             0.0435              0                     0
6     12     0.06          95.9             0.0441              0.0498214                     0.0287644
6     12     0.06          95.9             0.0447              0                     0
6     12     0.06          95.9             0.0453              0                     0
6     12     0.06          95.9             0.0459              0                     0
6     12     0.06          95.9             0.0465              0                     0
6     12     0.06          95.9             0.0471              0                     0
6     12     0.06          95.9             0.0477              0.0498214                     0.0287644
6     12     0.06          95.9             0.0483              0                     0
6     12     0.06          95.9             0.0489              0                     0
6     12     0.06          95.9             0.0495              0                     0
6     12     0.06          95.9             0.0501              0                     0
6     12     0.06          95.9             0.0507              0.0166071                     0.0166071
6     12     0.06          95.9             0.0513              0                     0
6     12     0.06          95.9             0.0519              0                     0
6     12     0.06          95.9             0.0525              0.0166071                     0.0166071
6     12     0.06          95.9             0.0531              0                     0
6     12     0.06          95.9             0.0537              0                     0
6     12     0.06          95.9             0.0543              0                     0
6     12     0.06          95.9             0.0549              0                     0
6     12     0.06          95.9             0.0555              0                     0
6     12     0.06          95.9             0.0561              0                     0
6     12     0.06          95.9             0.0567              0                     0
6     12     0.06          95.9             0.0573              0                     0
6     12     0.06          95.9             0.0579              0                     0
6     12     0.06          95.9             0.0585              0                     0
6     12     0.06          95.9             0.0591              0                     0
*******************************************************************************************************
 Average angle 96.4267 +- 1.65785 deg 
 Average E' 0.0480364 +- 0.000825885 GeV 
