*******************************************************************************************************
Z     A     E(GeV)     Theta(deg)     Energy Loss(GeV)     Sigma(nb/sr/GeV)     ERROR     Citation     
*******************************************************************************************************
6     12     0.24          166             0.0012              0                     0
6     12     0.24          166             0.0036              0                     0
6     12     0.24          166             0.006              0                     0
6     12     0.24          166             0.0084              0                     0
6     12     0.24          166             0.0108              0                     0
6     12     0.24          166             0.0132              0                     0
6     12     0.24          166             0.0156              0                     0
6     12     0.24          166             0.018              0.102145                     0.102145
6     12     0.24          166             0.0204              0                     0
6     12     0.24          166             0.0228              0                     0
6     12     0.24          166             0.0252              0                     0
6     12     0.24          166             0.0276              0.408582                     0.204291
6     12     0.24          166             0.03              0                     0
6     12     0.24          166             0.0324              0                     0
6     12     0.24          166             0.0348              0.102145                     0.102145
6     12     0.24          166             0.0372              0.306436                     0.176921
6     12     0.24          166             0.0396              0.306436                     0.176921
6     12     0.24          166             0.042              0.306436                     0.176921
6     12     0.24          166             0.0444              0.204291                     0.144455
6     12     0.24          166             0.0468              0.510727                     0.228404
6     12     0.24          166             0.0492              0.919309                     0.306436
6     12     0.24          166             0.0516              0.612872                     0.250204
6     12     0.24          166             0.054              0.817163                     0.288911
6     12     0.24          166             0.0564              0.612872                     0.250204
6     12     0.24          166             0.0588              1.22574                     0.353842
6     12     0.24          166             0.0612              1.1236                     0.338778
6     12     0.24          166             0.0636              0.612872                     0.250204
6     12     0.24          166             0.066              0.919309                     0.306436
6     12     0.24          166             0.0684              1.22574                     0.353842
6     12     0.24          166             0.0708              1.43004                     0.382193
6     12     0.24          166             0.0732              1.32789                     0.368291
6     12     0.24          166             0.0756              1.1236                     0.338778
6     12     0.24          166             0.078              1.83862                     0.433366
6     12     0.24          166             0.0804              1.22574                     0.353842
6     12     0.24          166             0.0828              1.22574                     0.353842
6     12     0.24          166             0.0852              1.1236                     0.338778
6     12     0.24          166             0.0876              1.32789                     0.368291
6     12     0.24          166             0.09              1.22574                     0.353842
6     12     0.24          166             0.0924              1.73647                     0.421156
6     12     0.24          166             0.0948              0.919309                     0.306436
6     12     0.24          166             0.0972              1.63433                     0.408582
6     12     0.24          166             0.0996              0.919309                     0.306436
6     12     0.24          166             0.102              1.22574                     0.353842
6     12     0.24          166             0.1044              0.919309                     0.306436
6     12     0.24          166             0.1068              1.22574                     0.353842
6     12     0.24          166             0.1092              0.919309                     0.306436
6     12     0.24          166             0.1116              1.94076                     0.445242
6     12     0.24          166             0.114              1.02145                     0.323012
6     12     0.24          166             0.1164              1.22574                     0.353842
6     12     0.24          166             0.1188              1.63433                     0.408582
6     12     0.24          166             0.1212              0.612872                     0.250204
6     12     0.24          166             0.1236              0.510727                     0.228404
6     12     0.24          166             0.126              1.02145                     0.323012
6     12     0.24          166             0.1284              0.715018                     0.270251
6     12     0.24          166             0.1308              0.510727                     0.228404
6     12     0.24          166             0.1332              0.612872                     0.250204
6     12     0.24          166             0.1356              0.306436                     0.176921
6     12     0.24          166             0.138              0.510727                     0.228404
6     12     0.24          166             0.1404              0.919309                     0.306436
6     12     0.24          166             0.1428              0.715018                     0.270251
6     12     0.24          166             0.1452              0.408582                     0.204291
6     12     0.24          166             0.1476              0.408582                     0.204291
6     12     0.24          166             0.15              0.306436                     0.176921
6     12     0.24          166             0.1524              0.408582                     0.204291
6     12     0.24          166             0.1548              0.612872                     0.250204
6     12     0.24          166             0.1572              0.102145                     0.102145
6     12     0.24          166             0.1596              0.510727                     0.228404
6     12     0.24          166             0.162              0.510727                     0.228404
6     12     0.24          166             0.1644              0.408582                     0.204291
6     12     0.24          166             0.1668              0.306436                     0.176921
6     12     0.24          166             0.1692              0.612872                     0.250204
6     12     0.24          166             0.1716              0.715018                     0.270251
6     12     0.24          166             0.174              0.306436                     0.176921
6     12     0.24          166             0.1764              0.204291                     0.144455
6     12     0.24          166             0.1788              0.204291                     0.144455
6     12     0.24          166             0.1812              0.306436                     0.176921
6     12     0.24          166             0.1836              0.408582                     0.204291
6     12     0.24          166             0.186              0.306436                     0.176921
6     12     0.24          166             0.1884              0.408582                     0.204291
6     12     0.24          166             0.1908              0.510727                     0.228404
6     12     0.24          166             0.1932              0.204291                     0.144455
6     12     0.24          166             0.1956              0.408582                     0.204291
6     12     0.24          166             0.198              0.102145                     0.102145
6     12     0.24          166             0.2004              0.715018                     0.270251
6     12     0.24          166             0.2028              0.204291                     0.144455
6     12     0.24          166             0.2052              0.817163                     0.288911
6     12     0.24          166             0.2076              0.510727                     0.228404
6     12     0.24          166             0.21              0.204291                     0.144455
6     12     0.24          166             0.2124              0.510727                     0.228404
6     12     0.24          166             0.2148              0.817163                     0.288911
6     12     0.24          166             0.2172              0.612872                     0.250204
6     12     0.24          166             0.2196              0.204291                     0.144455
6     12     0.24          166             0.222              0                     0
6     12     0.24          166             0.2244              0                     0
6     12     0.24          166             0.2268              0                     0
6     12     0.24          166             0.2292              0                     0
6     12     0.24          166             0.2316              0                     0
6     12     0.24          166             0.234              0                     0
6     12     0.24          166             0.2364              0                     0
*******************************************************************************************************
 Average angle 166.59 +- 7.03971 deg 
 Average E' 0.127744 +- 0.00539816 GeV 
