*******************************************************************************************************
Z     A     E(GeV)     Theta(deg)     Energy Loss(GeV)     Sigma(nb/sr/GeV)     ERROR     Citation     
*******************************************************************************************************
6     12     0.48          64.8             0.0024              0                     0
6     12     0.48          64.8             0.0072              0                     0
6     12     0.48          64.8             0.012              0.04322                     0.0305611
6     12     0.48          64.8             0.0168              0.04322                     0.0305611
6     12     0.48          64.8             0.0216              0.17288                     0.0611223
6     12     0.48          64.8             0.0264              0.28093                     0.0779159
6     12     0.48          64.8             0.0312              0.28093                     0.0779159
6     12     0.48          64.8             0.036              0.49703                     0.103638
6     12     0.48          64.8             0.0408              0.32415                     0.0836951
6     12     0.48          64.8             0.0456              0.713129                     0.12414
6     12     0.48          64.8             0.0504              1.05889                     0.15127
6     12     0.48          64.8             0.0552              1.40465                     0.174225
6     12     0.48          64.8             0.06              1.40465                     0.174225
6     12     0.48          64.8             0.0648              1.83685                     0.199234
6     12     0.48          64.8             0.0696              2.03134                     0.209517
6     12     0.48          64.8             0.0744              2.63642                     0.23869
6     12     0.48          64.8             0.0792              2.26905                     0.221436
6     12     0.48          64.8             0.084              2.46354                     0.230731
6     12     0.48          64.8             0.0888              2.96057                     0.252938
6     12     0.48          64.8             0.0936              3.80336                     0.286689
6     12     0.48          64.8             0.0984              3.6737                     0.28176
6     12     0.48          64.8             0.1032              4.30039                     0.304846
6     12     0.48          64.8             0.108              3.93302                     0.291535
6     12     0.48          64.8             0.1128              4.08429                     0.297088
6     12     0.48          64.8             0.1176              3.97624                     0.293132
6     12     0.48          64.8             0.1224              3.95463                     0.292334
6     12     0.48          64.8             0.1272              4.55971                     0.313903
6     12     0.48          64.8             0.132              4.17073                     0.300215
6     12     0.48          64.8             0.1368              3.82497                     0.287502
6     12     0.48          64.8             0.1416              4.12751                     0.298656
6     12     0.48          64.8             0.1464              4.40844                     0.308652
6     12     0.48          64.8             0.1512              4.43005                     0.309408
6     12     0.48          64.8             0.156              3.97624                     0.293132
6     12     0.48          64.8             0.1608              4.01946                     0.294721
6     12     0.48          64.8             0.1656              3.47921                     0.2742
6     12     0.48          64.8             0.1704              2.8093                     0.246392
6     12     0.48          64.8             0.1752              2.57159                     0.235737
6     12     0.48          64.8             0.18              3.06862                     0.257513
6     12     0.48          64.8             0.1848              2.85252                     0.24828
6     12     0.48          64.8             0.1896              2.39871                     0.227675
6     12     0.48          64.8             0.1944              2.09617                     0.212834
6     12     0.48          64.8             0.1992              1.7288                     0.193286
6     12     0.48          64.8             0.204              1.83685                     0.199234
6     12     0.48          64.8             0.2088              1.55592                     0.183367
6     12     0.48          64.8             0.2136              1.57753                     0.184636
6     12     0.48          64.8             0.2184              1.33982                     0.170157
6     12     0.48          64.8             0.2232              1.31821                     0.168779
6     12     0.48          64.8             0.228              1.55592                     0.183367
6     12     0.48          64.8             0.2328              1.53431                     0.182089
6     12     0.48          64.8             0.2376              1.38304                     0.17288
6     12     0.48          64.8             0.2424              1.44787                     0.176885
6     12     0.48          64.8             0.2472              1.2966                     0.16739
6     12     0.48          64.8             0.252              0.864399                     0.136674
6     12     0.48          64.8             0.2568              1.42626                     0.17556
6     12     0.48          64.8             0.2616              1.2966                     0.16739
6     12     0.48          64.8             0.2664              1.25338                     0.164577
6     12     0.48          64.8             0.2712              1.10211                     0.154326
6     12     0.48          64.8             0.276              1.14533                     0.157323
6     12     0.48          64.8             0.2808              1.64236                     0.188391
6     12     0.48          64.8             0.2856              1.68558                     0.190854
6     12     0.48          64.8             0.2904              1.27499                     0.165989
6     12     0.48          64.8             0.2952              1.10211                     0.154326
6     12     0.48          64.8             0.3              1.33982                     0.170157
6     12     0.48          64.8             0.3048              1.5127                     0.180802
6     12     0.48          64.8             0.3096              1.7288                     0.193286
6     12     0.48          64.8             0.3144              1.62075                     0.187148
6     12     0.48          64.8             0.3192              1.5127                     0.180802
6     12     0.48          64.8             0.324              1.62075                     0.187148
6     12     0.48          64.8             0.3288              1.68558                     0.190854
6     12     0.48          64.8             0.3336              1.70719                     0.192074
6     12     0.48          64.8             0.3384              1.88007                     0.201564
6     12     0.48          64.8             0.3432              1.98812                     0.207276
6     12     0.48          64.8             0.348              2.00973                     0.208399
6     12     0.48          64.8             0.3528              2.03134                     0.209517
6     12     0.48          64.8             0.3576              2.24744                     0.220379
6     12     0.48          64.8             0.3624              2.07456                     0.211734
6     12     0.48          64.8             0.3672              2.74447                     0.243532
6     12     0.48          64.8             0.372              2.74447                     0.243532
6     12     0.48          64.8             0.3768              2.44193                     0.229717
6     12     0.48          64.8             0.3816              2.70125                     0.241607
6     12     0.48          64.8             0.3864              2.98218                     0.25386
6     12     0.48          64.8             0.3912              2.74447                     0.243532
6     12     0.48          64.8             0.396              2.85252                     0.24828
6     12     0.48          64.8             0.4008              2.50676                     0.232747
6     12     0.48          64.8             0.4056              2.89574                     0.250154
6     12     0.48          64.8             0.4104              3.32794                     0.268173
6     12     0.48          64.8             0.4152              2.83091                     0.247338
6     12     0.48          64.8             0.42              3.0254                     0.255693
6     12     0.48          64.8             0.4248              2.63642                     0.23869
6     12     0.48          64.8             0.4296              2.67964                     0.240639
6     12     0.48          64.8             0.4344              2.57159                     0.235737
6     12     0.48          64.8             0.4392              2.50676                     0.232747
6     12     0.48          64.8             0.444              1.42626                     0.17556
6     12     0.48          64.8             0.4488              0                     0
6     12     0.48          64.8             0.4536              0                     0
6     12     0.48          64.8             0.4584              0                     0
6     12     0.48          64.8             0.4632              0                     0
6     12     0.48          64.8             0.468              0                     0
6     12     0.48          64.8             0.4728              0                     0
*******************************************************************************************************
 Average angle 65.1652 +- 0.675877 deg 
 Average E' 0.247855 +- 0.00257069 GeV 
