*******************************************************************************************************
Z     A     E(GeV)     Theta(deg)     Energy Loss(GeV)     Sigma(nb/sr/GeV)     ERROR     Citation     
*******************************************************************************************************
6     12     1          84.8             0.005              0                     0
6     12     1          84.8             0.015              0                     0
6     12     1          84.8             0.025              0                     0
6     12     1          84.8             0.035              0                     0
6     12     1          84.8             0.045              0                     0
6     12     1          84.8             0.055              0                     0
6     12     1          84.8             0.065              0                     0
6     12     1          84.8             0.075              0                     0
6     12     1          84.8             0.085              0                     0
6     12     1          84.8             0.095              0                     0
6     12     1          84.8             0.105              0                     0
6     12     1          84.8             0.115              0                     0
6     12     1          84.8             0.125              0                     0
6     12     1          84.8             0.135              0                     0
6     12     1          84.8             0.145              0                     0
6     12     1          84.8             0.155              0                     0
6     12     1          84.8             0.165              0                     0
6     12     1          84.8             0.175              0                     0
6     12     1          84.8             0.185              0                     0
6     12     1          84.8             0.195              0                     0
6     12     1          84.8             0.205              0                     0
6     12     1          84.8             0.215              0                     0
6     12     1          84.8             0.225              0                     0
6     12     1          84.8             0.235              0                     0
6     12     1          84.8             0.245              0                     0
6     12     1          84.8             0.255              0                     0
6     12     1          84.8             0.265              0                     0
6     12     1          84.8             0.275              0                     0
6     12     1          84.8             0.285              0                     0
6     12     1          84.8             0.295              0                     0
6     12     1          84.8             0.305              0                     0
6     12     1          84.8             0.315              0                     0
6     12     1          84.8             0.325              0                     0
6     12     1          84.8             0.335              0                     0
6     12     1          84.8             0.345              0.0123677                     0.0123677
6     12     1          84.8             0.355              0.0247354                     0.0174905
6     12     1          84.8             0.365              0                     0
6     12     1          84.8             0.375              0                     0
6     12     1          84.8             0.385              0.037103                     0.0214215
6     12     1          84.8             0.395              0.0123677                     0.0123677
6     12     1          84.8             0.405              0                     0
6     12     1          84.8             0.415              0.0123677                     0.0123677
6     12     1          84.8             0.425              0.0123677                     0.0123677
6     12     1          84.8             0.435              0.0618384                     0.027655
6     12     1          84.8             0.445              0.0247354                     0.0174905
6     12     1          84.8             0.455              0.0618384                     0.027655
6     12     1          84.8             0.465              0.0494707                     0.0247354
6     12     1          84.8             0.475              0.0742061                     0.0302945
6     12     1          84.8             0.485              0.0742061                     0.0302945
6     12     1          84.8             0.495              0.0989415                     0.0349811
6     12     1          84.8             0.505              0.0742061                     0.0302945
6     12     1          84.8             0.515              0.0742061                     0.0302945
6     12     1          84.8             0.525              0.0494707                     0.0247354
6     12     1          84.8             0.535              0.0742061                     0.0302945
6     12     1          84.8             0.545              0.0247354                     0.0174905
6     12     1          84.8             0.555              0.123677                     0.03911
6     12     1          84.8             0.565              0.111309                     0.037103
6     12     1          84.8             0.575              0.111309                     0.037103
6     12     1          84.8             0.585              0.123677                     0.03911
6     12     1          84.8             0.595              0.0989415                     0.0349811
6     12     1          84.8             0.605              0.148412                     0.0428429
6     12     1          84.8             0.615              0.0494707                     0.0247354
6     12     1          84.8             0.625              0.0865738                     0.0327218
6     12     1          84.8             0.635              0.136045                     0.041019
6     12     1          84.8             0.645              0.123677                     0.03911
6     12     1          84.8             0.655              0.148412                     0.0428429
6     12     1          84.8             0.665              0.111309                     0.037103
6     12     1          84.8             0.675              0.123677                     0.03911
6     12     1          84.8             0.685              0.173148                     0.0462756
6     12     1          84.8             0.695              0.123677                     0.03911
6     12     1          84.8             0.705              0.210251                     0.0509933
6     12     1          84.8             0.715              0.111309                     0.037103
6     12     1          84.8             0.725              0.210251                     0.0509933
6     12     1          84.8             0.735              0.234986                     0.0539095
6     12     1          84.8             0.745              0.136045                     0.041019
6     12     1          84.8             0.755              0.185515                     0.0478998
6     12     1          84.8             0.765              0.16078                     0.0445923
6     12     1          84.8             0.775              0.111309                     0.037103
6     12     1          84.8             0.785              0.148412                     0.0428429
6     12     1          84.8             0.795              0.173148                     0.0462756
6     12     1          84.8             0.805              0.173148                     0.0462756
6     12     1          84.8             0.815              0.173148                     0.0462756
6     12     1          84.8             0.825              0.210251                     0.0509933
6     12     1          84.8             0.835              0.32156                     0.0630631
6     12     1          84.8             0.845              0.333927                     0.0642644
6     12     1          84.8             0.855              0.346295                     0.0654436
6     12     1          84.8             0.865              0.284457                     0.0593133
6     12     1          84.8             0.875              0.309192                     0.0618384
6     12     1          84.8             0.885              0.272089                     0.0580096
6     12     1          84.8             0.895              0.445237                     0.0742061
6     12     1          84.8             0.905              0.37103                     0.0677406
6     12     1          84.8             0.915              0.457604                     0.0752297
6     12     1          84.8             0.925              0.655487                     0.0900381
6     12     1          84.8             0.935              0.32156                     0.0630631
6     12     1          84.8             0.945              0.408134                     0.0710469
6     12     1          84.8             0.955              0.494707                     0.0782201
6     12     1          84.8             0.965              0.606016                     0.0865738
6     12     1          84.8             0.975              0.568913                     0.0838817
6     12     1          84.8             0.985              0.395766                     0.0699622
*******************************************************************************************************
 Average angle 85.0828 +- 2.79298 deg 
 Average E' 0.18987 +- 0.0062328 GeV 
