*******************************************************************************************************
Z     A     E(GeV)     Theta(deg)     Energy Loss(GeV)     Sigma(nb/sr/GeV)     ERROR     Citation     
*******************************************************************************************************
6     12     0.06          61.1             0.0003              9.47225                     0.422767
6     12     0.06          61.1             0.0009              10.1515                     0.437664
6     12     0.06          61.1             0.0015              10.7931                     0.451282
6     12     0.06          61.1             0.0021              12.3403                     0.482546
6     12     0.06          61.1             0.0027              13.5291                     0.505253
6     12     0.06          61.1             0.0033              14.0008                     0.513986
6     12     0.06          61.1             0.0039              13.8687                     0.511556
6     12     0.06          61.1             0.0045              15.6047                     0.542628
6     12     0.06          61.1             0.0051              16.1142                     0.551415
6     12     0.06          61.1             0.0057              15.1141                     0.53403
6     12     0.06          61.1             0.0063              14.9443                     0.531022
6     12     0.06          61.1             0.0069              15.0952                     0.533697
6     12     0.06          61.1             0.0075              14.2272                     0.518126
6     12     0.06          61.1             0.0081              13.4914                     0.504548
6     12     0.06          61.1             0.0087              12.0196                     0.476233
6     12     0.06          61.1             0.0093              12.0007                     0.475859
6     12     0.06          61.1             0.0099              11.4912                     0.465648
6     12     0.06          61.1             0.0105              10.6799                     0.448908
6     12     0.06          61.1             0.0111              9.60434                     0.425705
6     12     0.06          61.1             0.0117              9.24582                     0.417684
6     12     0.06          61.1             0.0123              8.24577                     0.394448
6     12     0.06          61.1             0.0129              7.35892                     0.372633
6     12     0.06          61.1             0.0135              6.45321                     0.34895
6     12     0.06          61.1             0.0141              5.94374                     0.334892
6     12     0.06          61.1             0.0147              5.18898                     0.312907
6     12     0.06          61.1             0.0153              4.13232                     0.279236
6     12     0.06          61.1             0.0159              4.49083                     0.291097
6     12     0.06          61.1             0.0165              3.67946                     0.263492
6     12     0.06          61.1             0.0171              2.98131                     0.23718
6     12     0.06          61.1             0.0177              2.88696                     0.233397
6     12     0.06          61.1             0.0183              2.75488                     0.227995
6     12     0.06          61.1             0.0189              2.30202                     0.208415
6     12     0.06          61.1             0.0195              1.79256                     0.183913
6     12     0.06          61.1             0.0201              1.73595                     0.180985
6     12     0.06          61.1             0.0207              1.90577                     0.189631
6     12     0.06          61.1             0.0213              1.18875                     0.149768
6     12     0.06          61.1             0.0219              1.16988                     0.148575
6     12     0.06          61.1             0.0225              1.01893                     0.138658
6     12     0.06          61.1             0.0231              0.679285                     0.113214
6     12     0.06          61.1             0.0237              0.792499                     0.122285
6     12     0.06          61.1             0.0243              0.622678                     0.108394
6     12     0.06          61.1             0.0249              0.471726                     0.0943451
6     12     0.06          61.1             0.0255              0.415119                     0.0885036
6     12     0.06          61.1             0.0261              0.301904                     0.0754761
6     12     0.06          61.1             0.0267              0.339643                     0.0800545
6     12     0.06          61.1             0.0273              0.320773                     0.077799
6     12     0.06          61.1             0.0279              0.264166                     0.0706014
6     12     0.06          61.1             0.0285              0.301904                     0.0754761
6     12     0.06          61.1             0.0291              0.339643                     0.0800545
6     12     0.06          61.1             0.0297              0.132083                     0.0499228
6     12     0.06          61.1             0.0303              0.207559                     0.0625815
6     12     0.06          61.1             0.0309              0.207559                     0.0625815
6     12     0.06          61.1             0.0315              0.301904                     0.0754761
6     12     0.06          61.1             0.0321              0.301904                     0.0754761
6     12     0.06          61.1             0.0327              0.207559                     0.0625815
6     12     0.06          61.1             0.0333              0.264166                     0.0706014
6     12     0.06          61.1             0.0339              0.339643                     0.0800545
6     12     0.06          61.1             0.0345              0.283035                     0.0730794
6     12     0.06          61.1             0.0351              0.264166                     0.0706014
6     12     0.06          61.1             0.0357              0.320773                     0.077799
6     12     0.06          61.1             0.0363              0.339643                     0.0800545
6     12     0.06          61.1             0.0369              0.301904                     0.0754761
6     12     0.06          61.1             0.0375              0.226428                     0.0653642
6     12     0.06          61.1             0.0381              0.264166                     0.0706014
6     12     0.06          61.1             0.0387              0.113214                     0.0462195
6     12     0.06          61.1             0.0393              0.169821                     0.0566071
6     12     0.06          61.1             0.0399              0.132083                     0.0499228
6     12     0.06          61.1             0.0405              0.132083                     0.0499228
6     12     0.06          61.1             0.0411              0.0943451                     0.0421924
6     12     0.06          61.1             0.0417              0.0943451                     0.0421924
6     12     0.06          61.1             0.0423              0.132083                     0.0499228
6     12     0.06          61.1             0.0429              0.0377381                     0.0266848
6     12     0.06          61.1             0.0435              0                     0
6     12     0.06          61.1             0.0441              0.018869                     0.018869
6     12     0.06          61.1             0.0447              0                     0
6     12     0.06          61.1             0.0453              0                     0
6     12     0.06          61.1             0.0459              0                     0
6     12     0.06          61.1             0.0465              0                     0
6     12     0.06          61.1             0.0471              0                     0
6     12     0.06          61.1             0.0477              0                     0
6     12     0.06          61.1             0.0483              0                     0
6     12     0.06          61.1             0.0489              0                     0
6     12     0.06          61.1             0.0495              0                     0
6     12     0.06          61.1             0.0501              0                     0
6     12     0.06          61.1             0.0507              0                     0
6     12     0.06          61.1             0.0513              0                     0
6     12     0.06          61.1             0.0519              0                     0
6     12     0.06          61.1             0.0525              0                     0
6     12     0.06          61.1             0.0531              0                     0
6     12     0.06          61.1             0.0537              0                     0
6     12     0.06          61.1             0.0543              0                     0
6     12     0.06          61.1             0.0549              0                     0
6     12     0.06          61.1             0.0555              0                     0
6     12     0.06          61.1             0.0561              0                     0
6     12     0.06          61.1             0.0567              0                     0
6     12     0.06          61.1             0.0573              0                     0
6     12     0.06          61.1             0.0579              0                     0
6     12     0.06          61.1             0.0585              0                     0
6     12     0.06          61.1             0.0591              0                     0
*******************************************************************************************************
 Average angle 61.6164 +- 0.466804 deg 
 Average E' 0.0514393 +- 0.000389703 GeV 
