*******************************************************************************************************
Z     A     E(GeV)     Theta(deg)     Energy Loss(GeV)     Sigma(nb/sr/GeV)     ERROR     Citation     
*******************************************************************************************************
6     12     3.595          23.6             0.017975              0                     0
6     12     3.595          23.6             0.053925              0                     0
6     12     3.595          23.6             0.089875              0                     0
6     12     3.595          23.6             0.125825              0                     0
6     12     3.595          23.6             0.161775              0                     0
6     12     3.595          23.6             0.197725              0                     0
6     12     3.595          23.6             0.233675              0                     0
6     12     3.595          23.6             0.269625              0                     0
6     12     3.595          23.6             0.305575              0                     0
6     12     3.595          23.6             0.341525              0                     0
6     12     3.595          23.6             0.377475              0                     0
6     12     3.595          23.6             0.413425              0                     0
6     12     3.595          23.6             0.449375              0                     0
6     12     3.595          23.6             0.485325              0                     0
6     12     3.595          23.6             0.521275              0                     0
6     12     3.595          23.6             0.557225              0.013436                     0.013436
6     12     3.595          23.6             0.593175              0                     0
6     12     3.595          23.6             0.629125              0                     0
6     12     3.595          23.6             0.665075              0                     0
6     12     3.595          23.6             0.701025              0.107488                     0.0380028
6     12     3.595          23.6             0.736975              0.0537441                     0.0268721
6     12     3.595          23.6             0.772925              0.107488                     0.0380028
6     12     3.595          23.6             0.808875              0.0806162                     0.0329114
6     12     3.595          23.6             0.844825              0.107488                     0.0380028
6     12     3.595          23.6             0.880775              0.107488                     0.0380028
6     12     3.595          23.6             0.916725              0.161232                     0.0465438
6     12     3.595          23.6             0.952675              0.161232                     0.0465438
6     12     3.595          23.6             0.988625              0.0403081                     0.0232719
6     12     3.595          23.6             1.02458              0.107488                     0.0380028
6     12     3.595          23.6             1.06053              0.174668                     0.0484443
6     12     3.595          23.6             1.09648              0.107488                     0.0380028
6     12     3.595          23.6             1.13243              0.174668                     0.0484443
6     12     3.595          23.6             1.16838              0.147796                     0.0445623
6     12     3.595          23.6             1.20433              0.0940522                     0.0355484
6     12     3.595          23.6             1.24028              0.241849                     0.0570043
6     12     3.595          23.6             1.27623              0.228413                     0.0553982
6     12     3.595          23.6             1.31218              0.201541                     0.0520375
6     12     3.595          23.6             1.34813              0.309029                     0.064437
6     12     3.595          23.6             1.38408              0.389645                     0.0723553
6     12     3.595          23.6             1.42003              0.389645                     0.0723553
6     12     3.595          23.6             1.45598              0.429953                     0.0760057
6     12     3.595          23.6             1.49193              0.389645                     0.0723553
6     12     3.595          23.6             1.52788              0.376209                     0.0710968
6     12     3.595          23.6             1.56383              0.403081                     0.0735922
6     12     3.595          23.6             1.59978              0.456825                     0.0783449
6     12     3.595          23.6             1.63573              0.510569                     0.0828253
6     12     3.595          23.6             1.67168              0.564313                     0.0870755
6     12     3.595          23.6             1.70763              0.524005                     0.083908
6     12     3.595          23.6             1.74358              0.510569                     0.0828253
6     12     3.595          23.6             1.77953              0.443389                     0.0771841
6     12     3.595          23.6             1.81548              0.416517                     0.0748087
6     12     3.595          23.6             1.85143              0.483697                     0.0806162
6     12     3.595          23.6             1.88738              0.416517                     0.0748087
6     12     3.595          23.6             1.92333              0.524005                     0.083908
6     12     3.595          23.6             1.95928              0.429953                     0.0760057
6     12     3.595          23.6             1.99523              0.470261                     0.0794887
6     12     3.595          23.6             2.03118              0.57775                     0.088106
6     12     3.595          23.6             2.06712              0.618058                     0.0911276
6     12     3.595          23.6             2.10308              0.57775                     0.088106
6     12     3.595          23.6             2.13903              0.564313                     0.0870755
6     12     3.595          23.6             2.17497              0.349337                     0.0685106
6     12     3.595          23.6             2.21093              0.604622                     0.0901317
6     12     3.595          23.6             2.24688              0.497133                     0.0817282
6     12     3.595          23.6             2.28282              0.524005                     0.083908
6     12     3.595          23.6             2.31878              0.550877                     0.0860326
6     12     3.595          23.6             2.35473              0.671802                     0.0950071
6     12     3.595          23.6             2.39067              0.470261                     0.0794887
6     12     3.595          23.6             2.42663              0.497133                     0.0817282
6     12     3.595          23.6             2.46258              0.591186                     0.0891246
6     12     3.595          23.6             2.49852              0.443389                     0.0771841
6     12     3.595          23.6             2.53448              0.470261                     0.0794887
6     12     3.595          23.6             2.57043              0.524005                     0.083908
6     12     3.595          23.6             2.60637              0.524005                     0.083908
6     12     3.595          23.6             2.64233              0.537441                     0.0849769
6     12     3.595          23.6             2.67828              0.497133                     0.0817282
6     12     3.595          23.6             2.71422              0.403081                     0.0735922
6     12     3.595          23.6             2.75018              0.389645                     0.0723553
6     12     3.595          23.6             2.78613              0.57775                     0.088106
6     12     3.595          23.6             2.82207              0.416517                     0.0748087
6     12     3.595          23.6             2.85803              0.309029                     0.064437
6     12     3.595          23.6             2.89398              0.416517                     0.0748087
6     12     3.595          23.6             2.92992              0.537441                     0.0849769
6     12     3.595          23.6             2.96588              0.349337                     0.0685106
6     12     3.595          23.6             3.00183              0.376209                     0.0710968
6     12     3.595          23.6             3.03777              0.443389                     0.0771841
6     12     3.595          23.6             3.07373              0.362773                     0.0698157
6     12     3.595          23.6             3.10968              0.429953                     0.0760057
6     12     3.595          23.6             3.14562              0.309029                     0.064437
6     12     3.595          23.6             3.18158              0.322465                     0.0658229
6     12     3.595          23.6             3.21753              0.376209                     0.0710968
6     12     3.595          23.6             3.25347              0.335901                     0.0671802
6     12     3.595          23.6             3.28943              0.349337                     0.0685106
6     12     3.595          23.6             3.32538              0.443389                     0.0771841
6     12     3.595          23.6             3.36132              0.349337                     0.0685106
6     12     3.595          23.6             3.39728              0.335901                     0.0671802
6     12     3.595          23.6             3.43323              0.188104                     0.050273
6     12     3.595          23.6             3.46917              0.255285                     0.0585663
6     12     3.595          23.6             3.50513              0.13436                     0.0424885
6     12     3.595          23.6             3.54108              0.0537441                     0.0268721
*******************************************************************************************************
 Average angle 23.7293 +- 0.50718 deg 
 Average E' 1.33458 +- 0.0285247 GeV 
