*******************************************************************************************************
Z     A     E(GeV)     Theta(deg)     Energy Loss(GeV)     Sigma(nb/sr/GeV)     ERROR     Citation     
*******************************************************************************************************
6     12     0.48          157.6             0.0024              0                     0
6     12     0.48          157.6             0.0072              0                     0
6     12     0.48          157.6             0.012              0                     0
6     12     0.48          157.6             0.0168              0                     0
6     12     0.48          157.6             0.0216              0                     0
6     12     0.48          157.6             0.0264              0                     0
6     12     0.48          157.6             0.0312              0                     0
6     12     0.48          157.6             0.036              0                     0
6     12     0.48          157.6             0.0408              0                     0
6     12     0.48          157.6             0.0456              0                     0
6     12     0.48          157.6             0.0504              0                     0
6     12     0.48          157.6             0.0552              0                     0
6     12     0.48          157.6             0.06              0                     0
6     12     0.48          157.6             0.0648              0                     0
6     12     0.48          157.6             0.0696              0                     0
6     12     0.48          157.6             0.0744              0                     0
6     12     0.48          157.6             0.0792              0                     0
6     12     0.48          157.6             0.084              0                     0
6     12     0.48          157.6             0.0888              0                     0
6     12     0.48          157.6             0.0936              0                     0
6     12     0.48          157.6             0.0984              0                     0
6     12     0.48          157.6             0.1032              0                     0
6     12     0.48          157.6             0.108              0                     0
6     12     0.48          157.6             0.1128              0                     0
6     12     0.48          157.6             0.1176              0                     0
6     12     0.48          157.6             0.1224              0                     0
6     12     0.48          157.6             0.1272              0                     0
6     12     0.48          157.6             0.132              0                     0
6     12     0.48          157.6             0.1368              0                     0
6     12     0.48          157.6             0.1416              0.0513115                     0.0513115
6     12     0.48          157.6             0.1464              0                     0
6     12     0.48          157.6             0.1512              0                     0
6     12     0.48          157.6             0.156              0                     0
6     12     0.48          157.6             0.1608              0.0513115                     0.0513115
6     12     0.48          157.6             0.1656              0.0513115                     0.0513115
6     12     0.48          157.6             0.1704              0                     0
6     12     0.48          157.6             0.1752              0                     0
6     12     0.48          157.6             0.18              0                     0
6     12     0.48          157.6             0.1848              0                     0
6     12     0.48          157.6             0.1896              0.0513115                     0.0513115
6     12     0.48          157.6             0.1944              0.0513115                     0.0513115
6     12     0.48          157.6             0.1992              0.205246                     0.102623
6     12     0.48          157.6             0.204              0.0513115                     0.0513115
6     12     0.48          157.6             0.2088              0.102623                     0.0725654
6     12     0.48          157.6             0.2136              0.205246                     0.102623
6     12     0.48          157.6             0.2184              0.153935                     0.0888741
6     12     0.48          157.6             0.2232              0.205246                     0.102623
6     12     0.48          157.6             0.228              0.205246                     0.102623
6     12     0.48          157.6             0.2328              0.153935                     0.0888741
6     12     0.48          157.6             0.2376              0.102623                     0.0725654
6     12     0.48          157.6             0.2424              0.513115                     0.162261
6     12     0.48          157.6             0.2472              0.153935                     0.0888741
6     12     0.48          157.6             0.252              0.461804                     0.153935
6     12     0.48          157.6             0.2568              0.102623                     0.0725654
6     12     0.48          157.6             0.2616              0.307869                     0.125687
6     12     0.48          157.6             0.2664              0.256558                     0.114736
6     12     0.48          157.6             0.2712              0.307869                     0.125687
6     12     0.48          157.6             0.276              0.256558                     0.114736
6     12     0.48          157.6             0.2808              0.359181                     0.135757
6     12     0.48          157.6             0.2856              0.410492                     0.145131
6     12     0.48          157.6             0.2904              0.359181                     0.135757
6     12     0.48          157.6             0.2952              0.513115                     0.162261
6     12     0.48          157.6             0.3              0.205246                     0.102623
6     12     0.48          157.6             0.3048              0.102623                     0.0725654
6     12     0.48          157.6             0.3096              0.205246                     0.102623
6     12     0.48          157.6             0.3144              0.153935                     0.0888741
6     12     0.48          157.6             0.3192              0.0513115                     0.0513115
6     12     0.48          157.6             0.324              0.359181                     0.135757
6     12     0.48          157.6             0.3288              0.359181                     0.135757
6     12     0.48          157.6             0.3336              0.102623                     0.0725654
6     12     0.48          157.6             0.3384              0                     0
6     12     0.48          157.6             0.3432              0.307869                     0.125687
6     12     0.48          157.6             0.348              0.153935                     0.0888741
6     12     0.48          157.6             0.3528              0.359181                     0.135757
6     12     0.48          157.6             0.3576              0.256558                     0.114736
6     12     0.48          157.6             0.3624              0.205246                     0.102623
6     12     0.48          157.6             0.3672              0.205246                     0.102623
6     12     0.48          157.6             0.372              0.513115                     0.162261
6     12     0.48          157.6             0.3768              0.153935                     0.0888741
6     12     0.48          157.6             0.3816              0.410492                     0.145131
6     12     0.48          157.6             0.3864              0.359181                     0.135757
6     12     0.48          157.6             0.3912              0.307869                     0.125687
6     12     0.48          157.6             0.396              0.307869                     0.125687
6     12     0.48          157.6             0.4008              0.307869                     0.125687
6     12     0.48          157.6             0.4056              0.410492                     0.145131
6     12     0.48          157.6             0.4104              0.718361                     0.19199
6     12     0.48          157.6             0.4152              0.461804                     0.153935
6     12     0.48          157.6             0.42              0.66705                     0.185006
6     12     0.48          157.6             0.4248              0.66705                     0.185006
6     12     0.48          157.6             0.4296              0.820984                     0.205246
6     12     0.48          157.6             0.4344              0.461804                     0.153935
6     12     0.48          157.6             0.4392              0.718361                     0.19199
6     12     0.48          157.6             0.444              0.872296                     0.211563
6     12     0.48          157.6             0.4488              0.872296                     0.211563
6     12     0.48          157.6             0.4536              0.820984                     0.205246
6     12     0.48          157.6             0.4584              0.718361                     0.19199
6     12     0.48          157.6             0.4632              1.12885                     0.240672
6     12     0.48          157.6             0.468              0.410492                     0.145131
6     12     0.48          157.6             0.4728              0                     0
*******************************************************************************************************
 Average angle 157.965 +- 7.84933 deg 
 Average E' 0.112456 +- 0.00558799 GeV 
