*******************************************************************************************************
Z     A     E(GeV)     Theta(deg)     Energy Loss(GeV)     Sigma(nb/sr/GeV)     ERROR     Citation     
*******************************************************************************************************
6     12     0.1          174             0.0005              1.02133                     0.322972
6     12     0.1          174             0.0015              0.714928                     0.270217
6     12     0.1          174             0.0025              1.42986                     0.382145
6     12     0.1          174             0.0035              1.22559                     0.353798
6     12     0.1          174             0.0045              0.81706                     0.288874
6     12     0.1          174             0.0055              1.32772                     0.368244
6     12     0.1          174             0.0065              1.42986                     0.382145
6     12     0.1          174             0.0075              1.83839                     0.433312
6     12     0.1          174             0.0085              2.45118                     0.500345
6     12     0.1          174             0.0095              1.94052                     0.445185
6     12     0.1          174             0.0105              1.83839                     0.433312
6     12     0.1          174             0.0115              2.34905                     0.489811
6     12     0.1          174             0.0125              1.42986                     0.382145
6     12     0.1          174             0.0135              1.83839                     0.433312
6     12     0.1          174             0.0145              2.04265                     0.456751
6     12     0.1          174             0.0155              2.75758                     0.530696
6     12     0.1          174             0.0165              1.94052                     0.445185
6     12     0.1          174             0.0175              1.94052                     0.445185
6     12     0.1          174             0.0185              2.04265                     0.456751
6     12     0.1          174             0.0195              2.65545                     0.520776
6     12     0.1          174             0.0205              1.73625                     0.421103
6     12     0.1          174             0.0215              2.96184                     0.550001
6     12     0.1          174             0.0225              2.85971                     0.540435
6     12     0.1          174             0.0235              2.55331                     0.510663
6     12     0.1          174             0.0245              1.63412                     0.40853
6     12     0.1          174             0.0255              2.04265                     0.456751
6     12     0.1          174             0.0265              2.04265                     0.456751
6     12     0.1          174             0.0275              2.55331                     0.510663
6     12     0.1          174             0.0285              1.73625                     0.421103
6     12     0.1          174             0.0295              1.53199                     0.395558
6     12     0.1          174             0.0305              2.24692                     0.479044
6     12     0.1          174             0.0315              1.32772                     0.368244
6     12     0.1          174             0.0325              1.94052                     0.445185
6     12     0.1          174             0.0335              2.14478                     0.46803
6     12     0.1          174             0.0345              2.24692                     0.479044
6     12     0.1          174             0.0355              2.14478                     0.46803
6     12     0.1          174             0.0365              1.42986                     0.382145
6     12     0.1          174             0.0375              1.53199                     0.395558
6     12     0.1          174             0.0385              0.919193                     0.306398
6     12     0.1          174             0.0395              1.22559                     0.353798
6     12     0.1          174             0.0405              1.12346                     0.338735
6     12     0.1          174             0.0415              1.94052                     0.445185
6     12     0.1          174             0.0425              1.12346                     0.338735
6     12     0.1          174             0.0435              1.02133                     0.322972
6     12     0.1          174             0.0445              1.12346                     0.338735
6     12     0.1          174             0.0455              1.32772                     0.368244
6     12     0.1          174             0.0465              1.53199                     0.395558
6     12     0.1          174             0.0475              1.12346                     0.338735
6     12     0.1          174             0.0485              0.510663                     0.228375
6     12     0.1          174             0.0495              0.612795                     0.250173
6     12     0.1          174             0.0505              0                     0
6     12     0.1          174             0.0515              0                     0
6     12     0.1          174             0.0525              0                     0
6     12     0.1          174             0.0535              0                     0
6     12     0.1          174             0.0545              0                     0
6     12     0.1          174             0.0555              0                     0
6     12     0.1          174             0.0565              0                     0
6     12     0.1          174             0.0575              0                     0
6     12     0.1          174             0.0585              0                     0
6     12     0.1          174             0.0595              0                     0
6     12     0.1          174             0.0605              0                     0
6     12     0.1          174             0.0615              0                     0
6     12     0.1          174             0.0625              0                     0
6     12     0.1          174             0.0635              0                     0
6     12     0.1          174             0.0645              0                     0
6     12     0.1          174             0.0655              0                     0
6     12     0.1          174             0.0665              0                     0
6     12     0.1          174             0.0675              0                     0
6     12     0.1          174             0.0685              0                     0
6     12     0.1          174             0.0695              0                     0
6     12     0.1          174             0.0705              0                     0
6     12     0.1          174             0.0715              0                     0
6     12     0.1          174             0.0725              0                     0
6     12     0.1          174             0.0735              0                     0
6     12     0.1          174             0.0745              0                     0
6     12     0.1          174             0.0755              0                     0
6     12     0.1          174             0.0765              0                     0
6     12     0.1          174             0.0775              0                     0
6     12     0.1          174             0.0785              0                     0
6     12     0.1          174             0.0795              0                     0
6     12     0.1          174             0.0805              0                     0
6     12     0.1          174             0.0815              0                     0
6     12     0.1          174             0.0825              0                     0
6     12     0.1          174             0.0835              0                     0
6     12     0.1          174             0.0845              0                     0
6     12     0.1          174             0.0855              0                     0
6     12     0.1          174             0.0865              0                     0
6     12     0.1          174             0.0875              0                     0
6     12     0.1          174             0.0885              0                     0
6     12     0.1          174             0.0895              0                     0
6     12     0.1          174             0.0905              0                     0
6     12     0.1          174             0.0915              0                     0
6     12     0.1          174             0.0925              0                     0
6     12     0.1          174             0.0935              0                     0
6     12     0.1          174             0.0945              0                     0
6     12     0.1          174             0.0955              0                     0
6     12     0.1          174             0.0965              0                     0
6     12     0.1          174             0.0975              0                     0
6     12     0.1          174             0.0985              0                     0
*******************************************************************************************************
 Average angle 175.377 +- 6.06919 deg 
 Average E' 0.0761245 +- 0.0026344 GeV 
