*******************************************************************************************************
Z     A     E(GeV)     Theta(deg)     Energy Loss(GeV)     Sigma(nb/sr/GeV)     ERROR     Citation     
*******************************************************************************************************
6     12     1          132.4             0.005              0                     0
6     12     1          132.4             0.015              0                     0
6     12     1          132.4             0.025              0                     0
6     12     1          132.4             0.035              0                     0
6     12     1          132.4             0.045              0                     0
6     12     1          132.4             0.055              0                     0
6     12     1          132.4             0.065              0                     0
6     12     1          132.4             0.075              0                     0
6     12     1          132.4             0.085              0                     0
6     12     1          132.4             0.095              0                     0
6     12     1          132.4             0.105              0                     0
6     12     1          132.4             0.115              0                     0
6     12     1          132.4             0.125              0                     0
6     12     1          132.4             0.135              0                     0
6     12     1          132.4             0.145              0                     0
6     12     1          132.4             0.155              0                     0
6     12     1          132.4             0.165              0                     0
6     12     1          132.4             0.175              0                     0
6     12     1          132.4             0.185              0                     0
6     12     1          132.4             0.195              0                     0
6     12     1          132.4             0.205              0                     0
6     12     1          132.4             0.215              0                     0
6     12     1          132.4             0.225              0                     0
6     12     1          132.4             0.235              0                     0
6     12     1          132.4             0.245              0                     0
6     12     1          132.4             0.255              0                     0
6     12     1          132.4             0.265              0                     0
6     12     1          132.4             0.275              0                     0
6     12     1          132.4             0.285              0                     0
6     12     1          132.4             0.295              0                     0
6     12     1          132.4             0.305              0                     0
6     12     1          132.4             0.315              0                     0
6     12     1          132.4             0.325              0                     0
6     12     1          132.4             0.335              0                     0
6     12     1          132.4             0.345              0                     0
6     12     1          132.4             0.355              0                     0
6     12     1          132.4             0.365              0                     0
6     12     1          132.4             0.375              0                     0
6     12     1          132.4             0.385              0                     0
6     12     1          132.4             0.395              0                     0
6     12     1          132.4             0.405              0                     0
6     12     1          132.4             0.415              0                     0
6     12     1          132.4             0.425              0                     0
6     12     1          132.4             0.435              0                     0
6     12     1          132.4             0.445              0                     0
6     12     1          132.4             0.455              0                     0
6     12     1          132.4             0.465              0                     0
6     12     1          132.4             0.475              0                     0
6     12     1          132.4             0.485              0                     0
6     12     1          132.4             0.495              0                     0
6     12     1          132.4             0.505              0                     0
6     12     1          132.4             0.515              0                     0
6     12     1          132.4             0.525              0                     0
6     12     1          132.4             0.535              0                     0
6     12     1          132.4             0.545              0                     0
6     12     1          132.4             0.555              0                     0
6     12     1          132.4             0.565              0                     0
6     12     1          132.4             0.575              0                     0
6     12     1          132.4             0.585              0                     0
6     12     1          132.4             0.595              0.0333582                     0.0235878
6     12     1          132.4             0.605              0                     0
6     12     1          132.4             0.615              0.0333582                     0.0235878
6     12     1          132.4             0.625              0.0166791                     0.0166791
6     12     1          132.4             0.635              0.0166791                     0.0166791
6     12     1          132.4             0.645              0.0166791                     0.0166791
6     12     1          132.4             0.655              0                     0
6     12     1          132.4             0.665              0.0500373                     0.0288891
6     12     1          132.4             0.675              0.0166791                     0.0166791
6     12     1          132.4             0.685              0.116754                     0.0441288
6     12     1          132.4             0.695              0.0667165                     0.0333582
6     12     1          132.4             0.705              0.0333582                     0.0235878
6     12     1          132.4             0.715              0.0333582                     0.0235878
6     12     1          132.4             0.725              0.0166791                     0.0166791
6     12     1          132.4             0.735              0.0333582                     0.0235878
6     12     1          132.4             0.745              0.0500373                     0.0288891
6     12     1          132.4             0.755              0.0333582                     0.0235878
6     12     1          132.4             0.765              0.0667165                     0.0333582
6     12     1          132.4             0.775              0.0333582                     0.0235878
6     12     1          132.4             0.785              0.0500373                     0.0288891
6     12     1          132.4             0.795              0.0333582                     0.0235878
6     12     1          132.4             0.805              0.0166791                     0.0166791
6     12     1          132.4             0.815              0.0667165                     0.0333582
6     12     1          132.4             0.825              0.0667165                     0.0333582
6     12     1          132.4             0.835              0.0500373                     0.0288891
6     12     1          132.4             0.845              0.100075                     0.0408553
6     12     1          132.4             0.855              0                     0
6     12     1          132.4             0.865              0.0333582                     0.0235878
6     12     1          132.4             0.875              0.0667165                     0.0333582
6     12     1          132.4             0.885              0.100075                     0.0408553
6     12     1          132.4             0.895              0.133433                     0.0471757
6     12     1          132.4             0.905              0.100075                     0.0408553
6     12     1          132.4             0.915              0.166791                     0.052744
6     12     1          132.4             0.925              0.166791                     0.052744
6     12     1          132.4             0.935              0.100075                     0.0408553
6     12     1          132.4             0.945              0.250187                     0.0645979
6     12     1          132.4             0.955              0.333582                     0.0745913
6     12     1          132.4             0.965              0.250187                     0.0645979
6     12     1          132.4             0.975              0.200149                     0.0577781
6     12     1          132.4             0.985              0.216828                     0.0601374
*******************************************************************************************************
 Average angle 132.815 +- 9.43875 deg 
 Average E' 0.120599 +- 0.00857059 GeV 
