*******************************************************************************************************
Z     A     E(GeV)     Theta(deg)     Energy Loss(GeV)     Sigma(nb/sr/GeV)     ERROR     Citation     
*******************************************************************************************************
6     12     0.12          142.8             0.0006              0.788777                     0.131463
6     12     0.12          142.8             0.0018              0.701135                     0.123944
6     12     0.12          142.8             0.003              0.985971                     0.14698
6     12     0.12          142.8             0.0042              1.2489                     0.16542
6     12     0.12          142.8             0.0054              1.22699                     0.163963
6     12     0.12          142.8             0.0066              1.22699                     0.163963
6     12     0.12          142.8             0.0078              1.2489                     0.16542
6     12     0.12          142.8             0.009              1.6652                     0.191011
6     12     0.12          142.8             0.0102              1.68711                     0.192264
6     12     0.12          142.8             0.0114              1.6652                     0.191011
6     12     0.12          142.8             0.0126              2.21296                     0.220198
6     12     0.12          142.8             0.0138              1.92812                     0.205538
6     12     0.12          142.8             0.015              1.64329                     0.18975
6     12     0.12          142.8             0.0162              1.99385                     0.209013
6     12     0.12          142.8             0.0174              2.16914                     0.218006
6     12     0.12          142.8             0.0186              2.19105                     0.219105
6     12     0.12          142.8             0.0198              2.38824                     0.228752
6     12     0.12          142.8             0.021              2.21296                     0.220198
6     12     0.12          142.8             0.0222              2.54162                     0.235983
6     12     0.12          142.8             0.0234              2.54162                     0.235983
6     12     0.12          142.8             0.0246              2.25678                     0.222367
6     12     0.12          142.8             0.0258              2.0815                     0.213557
6     12     0.12          142.8             0.027              2.23487                     0.221285
6     12     0.12          142.8             0.0282              2.12532                     0.215793
6     12     0.12          142.8             0.0294              1.99385                     0.209013
6     12     0.12          142.8             0.0306              2.12532                     0.215793
6     12     0.12          142.8             0.0318              2.05958                     0.21243
6     12     0.12          142.8             0.033              2.16914                     0.218006
6     12     0.12          142.8             0.0342              1.70902                     0.193508
6     12     0.12          142.8             0.0354              1.86239                     0.202005
6     12     0.12          142.8             0.0366              1.81857                     0.199614
6     12     0.12          142.8             0.0378              1.70902                     0.193508
6     12     0.12          142.8             0.039              1.75284                     0.195973
6     12     0.12          142.8             0.0402              1.79666                     0.198408
6     12     0.12          142.8             0.0414              2.05958                     0.21243
6     12     0.12          142.8             0.0426              1.99385                     0.209013
6     12     0.12          142.8             0.0438              1.77475                     0.197194
6     12     0.12          142.8             0.045              1.6652                     0.191011
6     12     0.12          142.8             0.0462              1.6652                     0.191011
6     12     0.12          142.8             0.0474              0.942151                     0.143677
6     12     0.12          142.8             0.0486              1.09552                     0.15493
6     12     0.12          142.8             0.0498              1.33654                     0.171126
6     12     0.12          142.8             0.051              1.48991                     0.180678
6     12     0.12          142.8             0.0522              1.16126                     0.159511
6     12     0.12          142.8             0.0534              1.09552                     0.15493
6     12     0.12          142.8             0.0546              1.02979                     0.150211
6     12     0.12          142.8             0.0558              1.11743                     0.156472
6     12     0.12          142.8             0.057              0.854509                     0.136831
6     12     0.12          142.8             0.0582              1.13934                     0.157999
6     12     0.12          142.8             0.0594              0.832598                     0.135065
6     12     0.12          142.8             0.0606              0.964061                     0.145338
6     12     0.12          142.8             0.0618              0.788777                     0.131463
6     12     0.12          142.8             0.063              0.766867                     0.129624
6     12     0.12          142.8             0.0642              0.701135                     0.123944
6     12     0.12          142.8             0.0654              0.657314                     0.120009
6     12     0.12          142.8             0.0666              0.503941                     0.105079
6     12     0.12          142.8             0.0678              0.723046                     0.125866
6     12     0.12          142.8             0.069              0.416299                     0.0955056
6     12     0.12          142.8             0.0702              0.328657                     0.0848589
6     12     0.12          142.8             0.0714              0.416299                     0.0955056
6     12     0.12          142.8             0.0726              0.284836                     0.0789993
6     12     0.12          142.8             0.0738              0.197194                     0.0657314
6     12     0.12          142.8             0.075              0                     0
6     12     0.12          142.8             0.0762              0                     0
6     12     0.12          142.8             0.0774              0                     0
6     12     0.12          142.8             0.0786              0                     0
6     12     0.12          142.8             0.0798              0                     0
6     12     0.12          142.8             0.081              0                     0
6     12     0.12          142.8             0.0822              0                     0
6     12     0.12          142.8             0.0834              0                     0
6     12     0.12          142.8             0.0846              0                     0
6     12     0.12          142.8             0.0858              0                     0
6     12     0.12          142.8             0.087              0                     0
6     12     0.12          142.8             0.0882              0                     0
6     12     0.12          142.8             0.0894              0                     0
6     12     0.12          142.8             0.0906              0                     0
6     12     0.12          142.8             0.0918              0                     0
6     12     0.12          142.8             0.093              0                     0
6     12     0.12          142.8             0.0942              0                     0
6     12     0.12          142.8             0.0954              0                     0
6     12     0.12          142.8             0.0966              0                     0
6     12     0.12          142.8             0.0978              0                     0
6     12     0.12          142.8             0.099              0                     0
6     12     0.12          142.8             0.1002              0                     0
6     12     0.12          142.8             0.1014              0                     0
6     12     0.12          142.8             0.1026              0                     0
6     12     0.12          142.8             0.1038              0                     0
6     12     0.12          142.8             0.105              0                     0
6     12     0.12          142.8             0.1062              0                     0
6     12     0.12          142.8             0.1074              0                     0
6     12     0.12          142.8             0.1086              0                     0
6     12     0.12          142.8             0.1098              0                     0
6     12     0.12          142.8             0.111              0                     0
6     12     0.12          142.8             0.1122              0                     0
6     12     0.12          142.8             0.1134              0                     0
6     12     0.12          142.8             0.1146              0                     0
6     12     0.12          142.8             0.1158              0                     0
6     12     0.12          142.8             0.117              0                     0
6     12     0.12          142.8             0.1182              0                     0
*******************************************************************************************************
 Average angle 144.193 +- 2.25026 deg 
 Average E' 0.0882509 +- 0.00137724 GeV 
