*******************************************************************************************************
Z     A     E(GeV)     Theta(deg)     Energy Loss(GeV)     Sigma(nb/sr/GeV)     ERROR     Citation     
*******************************************************************************************************
6     12     0.24          90.4             0.0012              0.0494236                     0.0349478
6     12     0.24          90.4             0.0036              0.222406                     0.0741354
6     12     0.24          90.4             0.006              0.642507                     0.126006
6     12     0.24          90.4             0.0084              1.01318                     0.158233
6     12     0.24          90.4             0.0108              1.23559                     0.174739
6     12     0.24          90.4             0.0132              1.95223                     0.219643
6     12     0.24          90.4             0.0156              2.05108                     0.225135
6     12     0.24          90.4             0.018              2.86657                     0.266154
6     12     0.24          90.4             0.0204              3.18782                     0.280672
6     12     0.24          90.4             0.0228              3.50908                     0.294475
6     12     0.24          90.4             0.0252              3.9786                     0.313558
6     12     0.24          90.4             0.0276              4.00331                     0.31453
6     12     0.24          90.4             0.03              4.47284                     0.332463
6     12     0.24          90.4             0.0324              4.84352                     0.345965
6     12     0.24          90.4             0.0348              5.46131                     0.367368
6     12     0.24          90.4             0.0372              5.58487                     0.3715
6     12     0.24          90.4             0.0396              6.6969                     0.406808
6     12     0.24          90.4             0.042              6.79575                     0.409799
6     12     0.24          90.4             0.0444              6.12853                     0.389162
6     12     0.24          90.4             0.0468              5.78256                     0.378018
6     12     0.24          90.4             0.0492              7.28999                     0.424439
6     12     0.24          90.4             0.0516              6.91931                     0.413508
6     12     0.24          90.4             0.054              7.38883                     0.427307
6     12     0.24          90.4             0.0564              7.14171                     0.420101
6     12     0.24          90.4             0.0588              6.79575                     0.409799
6     12     0.24          90.4             0.0612              7.46297                     0.429446
6     12     0.24          90.4             0.0636              6.59805                     0.403794
6     12     0.24          90.4             0.066              6.02968                     0.386011
6     12     0.24          90.4             0.0684              6.99344                     0.415717
6     12     0.24          90.4             0.0708              6.54863                     0.402279
6     12     0.24          90.4             0.0732              7.06758                     0.417915
6     12     0.24          90.4             0.0756              5.90612                     0.382035
6     12     0.24          90.4             0.078              5.88141                     0.381235
6     12     0.24          90.4             0.0804              5.65901                     0.373958
6     12     0.24          90.4             0.0828              5.26362                     0.360657
6     12     0.24          90.4             0.0852              5.68372                     0.374773
6     12     0.24          90.4             0.0876              4.67053                     0.339731
6     12     0.24          90.4             0.09              4.1763                     0.321254
6     12     0.24          90.4             0.0924              4.05274                     0.316466
6     12     0.24          90.4             0.0948              4.47284                     0.332463
6     12     0.24          90.4             0.0972              3.33609                     0.287125
6     12     0.24          90.4             0.0996              3.92918                     0.311604
6     12     0.24          90.4             0.102              2.99013                     0.27183
6     12     0.24          90.4             0.1044              2.7183                     0.25918
6     12     0.24          90.4             0.1068              2.47118                     0.247118
6     12     0.24          90.4             0.1092              2.42176                     0.244634
6     12     0.24          90.4             0.1116              2.14993                     0.230496
6     12     0.24          90.4             0.114              1.97695                     0.221029
6     12     0.24          90.4             0.1164              2.27349                     0.237027
6     12     0.24          90.4             0.1188              1.75454                     0.208225
6     12     0.24          90.4             0.1212              1.458                     0.189815
6     12     0.24          90.4             0.1236              1.48271                     0.191417
6     12     0.24          90.4             0.126              1.40857                     0.18657
6     12     0.24          90.4             0.1284              0.988473                     0.156291
6     12     0.24          90.4             0.1308              1.01318                     0.158233
6     12     0.24          90.4             0.1332              1.18617                     0.171208
6     12     0.24          90.4             0.1356              0.790778                     0.139791
6     12     0.24          90.4             0.138              0.988473                     0.156291
6     12     0.24          90.4             0.1404              0.691931                     0.130763
6     12     0.24          90.4             0.1428              0.840202                     0.144093
6     12     0.24          90.4             0.1452              0.716643                     0.133077
6     12     0.24          90.4             0.1476              0.741354                     0.135352
6     12     0.24          90.4             0.15              0.741354                     0.135352
6     12     0.24          90.4             0.1524              0.716643                     0.133077
6     12     0.24          90.4             0.1548              0.790778                     0.139791
6     12     0.24          90.4             0.1572              0.766066                     0.13759
6     12     0.24          90.4             0.1596              0.840202                     0.144093
6     12     0.24          90.4             0.162              0.716643                     0.133077
6     12     0.24          90.4             0.1644              0.691931                     0.130763
6     12     0.24          90.4             0.1668              0.617795                     0.123559
6     12     0.24          90.4             0.1692              0.617795                     0.123559
6     12     0.24          90.4             0.1716              0.617795                     0.123559
6     12     0.24          90.4             0.174              0.864914                     0.146197
6     12     0.24          90.4             0.1764              0.766066                     0.13759
6     12     0.24          90.4             0.1788              0.864914                     0.146197
6     12     0.24          90.4             0.1812              0.642507                     0.126006
6     12     0.24          90.4             0.1836              0.617795                     0.123559
6     12     0.24          90.4             0.186              0.81549                     0.141959
6     12     0.24          90.4             0.1884              0.741354                     0.135352
6     12     0.24          90.4             0.1908              0.963761                     0.154325
6     12     0.24          90.4             0.1932              0.939049                     0.152334
6     12     0.24          90.4             0.1956              0.568372                     0.118514
6     12     0.24          90.4             0.198              0.593084                     0.121063
6     12     0.24          90.4             0.2004              0.123559                     0.0552573
6     12     0.24          90.4             0.2028              0                     0
6     12     0.24          90.4             0.2052              0                     0
6     12     0.24          90.4             0.2076              0                     0
6     12     0.24          90.4             0.21              0                     0
6     12     0.24          90.4             0.2124              0                     0
6     12     0.24          90.4             0.2148              0                     0
6     12     0.24          90.4             0.2172              0                     0
6     12     0.24          90.4             0.2196              0                     0
6     12     0.24          90.4             0.222              0                     0
6     12     0.24          90.4             0.2244              0                     0
6     12     0.24          90.4             0.2268              0                     0
6     12     0.24          90.4             0.2292              0                     0
6     12     0.24          90.4             0.2316              0                     0
6     12     0.24          90.4             0.234              0                     0
6     12     0.24          90.4             0.2364              0                     0
*******************************************************************************************************
 Average angle 90.9821 +- 0.911097 deg 
 Average E' 0.167316 +- 0.00167551 GeV 
