*******************************************************************************************************
Z     A     E(GeV)     Theta(deg)     Energy Loss(GeV)     Sigma(nb/sr/GeV)     ERROR     Citation     
*******************************************************************************************************
6     12     1.2044          10             0.006022              1781.82                     10.8256
6     12     1.2044          10             0.018066              2901.46                     13.8143
6     12     1.2044          10             0.03011              2891.99                     13.7917
6     12     1.2044          10             0.042154              2538.99                     12.9226
6     12     1.2044          10             0.054198              2000.32                     11.4702
6     12     1.2044          10             0.066242              1464.01                     9.81279
6     12     1.2044          10             0.078286              974.344                     8.00527
6     12     1.2044          10             0.09033              638.052                     6.47811
6     12     1.2044          10             0.102374              420.085                     5.2564
6     12     1.2044          10             0.114418              275.387                     4.2559
6     12     1.2044          10             0.126462              200.736                     3.63356
6     12     1.2044          10             0.138506              153.972                     3.1823
6     12     1.2044          10             0.15055              128.518                     2.90738
6     12     1.2044          10             0.162594              112.404                     2.71901
6     12     1.2044          10             0.174638              113.719                     2.73487
6     12     1.2044          10             0.186682              120.954                     2.82053
6     12     1.2044          10             0.198726              122.007                     2.83277
6     12     1.2044          10             0.21077              129.505                     2.91852
6     12     1.2044          10             0.222814              131.412                     2.93993
6     12     1.2044          10             0.234858              134.372                     2.97286
6     12     1.2044          10             0.246902              137.858                     3.01117
6     12     1.2044          10             0.258946              135.49                     2.9852
6     12     1.2044          10             0.27099              131.149                     2.93699
6     12     1.2044          10             0.283034              128.715                     2.90961
6     12     1.2044          10             0.295078              130.952                     2.93478
6     12     1.2044          10             0.307122              130.82                     2.9333
6     12     1.2044          10             0.319166              150.223                     3.14331
6     12     1.2044          10             0.33121              156.997                     3.21341
6     12     1.2044          10             0.343254              161.996                     3.26416
6     12     1.2044          10             0.355298              161.47                     3.25886
6     12     1.2044          10             0.367342              151.341                     3.15499
6     12     1.2044          10             0.379386              147.658                     3.11636
6     12     1.2044          10             0.39143              142.659                     3.06316
6     12     1.2044          10             0.403474              130.754                     2.93257
6     12     1.2044          10             0.415518              120.099                     2.81054
6     12     1.2044          10             0.427562              106.682                     2.6489
6     12     1.2044          10             0.439606              98.5919                     2.54648
6     12     1.2044          10             0.45165              92.2778                     2.46359
6     12     1.2044          10             0.463694              81.3597                     2.31326
6     12     1.2044          10             0.475738              76.1638                     2.23818
6     12     1.2044          10             0.487782              63.7987                     2.04845
6     12     1.2044          10             0.499826              61.1678                     2.00577
6     12     1.2044          10             0.51187              49.5262                     1.80483
6     12     1.2044          10             0.523914              47.2899                     1.76362
6     12     1.2044          10             0.535958              42.094                     1.66391
6     12     1.2044          10             0.548002              40.647                     1.63506
6     12     1.2044          10             0.560046              35.1879                     1.52131
6     12     1.2044          10             0.57209              33.8725                     1.4926
6     12     1.2044          10             0.584134              30.5839                     1.41829
6     12     1.2044          10             0.596178              29.2027                     1.3859
6     12     1.2044          10             0.608222              29.2685                     1.38746
6     12     1.2044          10             0.620266              23.5463                     1.24446
6     12     1.2044          10             0.63231              21.3101                     1.18389
6     12     1.2044          10             0.644354              21.8362                     1.19842
6     12     1.2044          10             0.656398              21.2443                     1.18206
6     12     1.2044          10             0.668442              20.7839                     1.16919
6     12     1.2044          10             0.680486              18.9423                     1.11618
6     12     1.2044          10             0.69253              18.8107                     1.1123
6     12     1.2044          10             0.704574              16.706                     1.04823
6     12     1.2044          10             0.716618              14.9302                     0.990952
6     12     1.2044          10             0.728662              13.1544                     0.930154
6     12     1.2044          10             0.740706              14.1409                     0.964404
6     12     1.2044          10             0.75275              10.4577                     0.829351
6     12     1.2044          10             0.764794              7.76107                     0.714465
6     12     1.2044          10             0.776838              7.03758                     0.680349
6     12     1.2044          10             0.788882              5.52483                     0.602809
6     12     1.2044          10             0.800926              3.74899                     0.496566
6     12     1.2044          10             0.81297              1.6443                     0.328859
6     12     1.2044          10             0.825014              0.197315                     0.11392
6     12     1.2044          10             0.837058              0                     0
6     12     1.2044          10             0.849102              0                     0
6     12     1.2044          10             0.861146              0                     0
6     12     1.2044          10             0.87319              0                     0
6     12     1.2044          10             0.885234              0                     0
6     12     1.2044          10             0.897278              0                     0
6     12     1.2044          10             0.909322              0                     0
6     12     1.2044          10             0.921366              0                     0
6     12     1.2044          10             0.93341              0                     0
6     12     1.2044          10             0.945454              0                     0
6     12     1.2044          10             0.957498              0                     0
6     12     1.2044          10             0.969542              0                     0
6     12     1.2044          10             0.981586              0                     0
6     12     1.2044          10             0.99363              0                     0
6     12     1.2044          10             1.00567              0                     0
6     12     1.2044          10             1.01772              0                     0
6     12     1.2044          10             1.02976              0                     0
6     12     1.2044          10             1.04181              0                     0
6     12     1.2044          10             1.05385              0                     0
6     12     1.2044          10             1.06589              0                     0
6     12     1.2044          10             1.07794              0                     0
6     12     1.2044          10             1.08998              0                     0
6     12     1.2044          10             1.10203              0                     0
6     12     1.2044          10             1.11407              0                     0
6     12     1.2044          10             1.12611              0                     0
6     12     1.2044          10             1.13816              0                     0
6     12     1.2044          10             1.1502              0                     0
6     12     1.2044          10             1.16225              0                     0
6     12     1.2044          10             1.17429              0                     0
6     12     1.2044          10             1.18633              0                     0
*******************************************************************************************************
 Average angle 9.79468 +- 0.0175392 deg 
 Average E' 1.09556 +- 0.00196181 GeV 
