*******************************************************************************************************
Z     A     E(GeV)     Theta(deg)     Energy Loss(GeV)     Sigma(nb/sr/GeV)     ERROR     Citation     
*******************************************************************************************************
6     12     0.48          100             0.0024              0                     0
6     12     0.48          100             0.0072              0                     0
6     12     0.48          100             0.012              0                     0
6     12     0.48          100             0.0168              0                     0
6     12     0.48          100             0.0216              0                     0
6     12     0.48          100             0.0264              0                     0
6     12     0.48          100             0.0312              0                     0
6     12     0.48          100             0.036              0                     0
6     12     0.48          100             0.0408              0                     0
6     12     0.48          100             0.0456              0                     0
6     12     0.48          100             0.0504              0                     0
6     12     0.48          100             0.0552              0.0198549                     0.0198549
6     12     0.48          100             0.06              0.0198549                     0.0198549
6     12     0.48          100             0.0648              0                     0
6     12     0.48          100             0.0696              0                     0
6     12     0.48          100             0.0744              0                     0
6     12     0.48          100             0.0792              0                     0
6     12     0.48          100             0.084              0.0397099                     0.0280791
6     12     0.48          100             0.0888              0.0595648                     0.0343898
6     12     0.48          100             0.0936              0.0992747                     0.044397
6     12     0.48          100             0.0984              0.0992747                     0.044397
6     12     0.48          100             0.1032              0.138985                     0.0525312
6     12     0.48          100             0.108              0.0992747                     0.044397
6     12     0.48          100             0.1128              0.138985                     0.0525312
6     12     0.48          100             0.1176              0.178694                     0.0595648
6     12     0.48          100             0.1224              0.218404                     0.0658514
6     12     0.48          100             0.1272              0.238259                     0.0687795
6     12     0.48          100             0.132              0.178694                     0.0595648
6     12     0.48          100             0.1368              0.317679                     0.0794197
6     12     0.48          100             0.1416              0.357389                     0.0842374
6     12     0.48          100             0.1464              0.277969                     0.0742904
6     12     0.48          100             0.1512              0.456664                     0.0952209
6     12     0.48          100             0.156              0.595648                     0.10875
6     12     0.48          100             0.1608              0.635358                     0.112316
6     12     0.48          100             0.1656              0.436809                     0.0931279
6     12     0.48          100             0.1704              0.734633                     0.120773
6     12     0.48          100             0.1752              0.694923                     0.117463
6     12     0.48          100             0.18              0.734633                     0.120773
6     12     0.48          100             0.1848              0.714778                     0.11913
6     12     0.48          100             0.1896              0.774343                     0.123994
6     12     0.48          100             0.1944              0.655213                     0.114058
6     12     0.48          100             0.1992              0.913327                     0.134663
6     12     0.48          100             0.204              0.675068                     0.115773
6     12     0.48          100             0.2088              0.794197                     0.125574
6     12     0.48          100             0.2136              0.794197                     0.125574
6     12     0.48          100             0.2184              0.754488                     0.122394
6     12     0.48          100             0.2232              0.734633                     0.120773
6     12     0.48          100             0.228              0.675068                     0.115773
6     12     0.48          100             0.2328              0.536083                     0.103169
6     12     0.48          100             0.2376              0.496373                     0.0992747
6     12     0.48          100             0.2424              0.615503                     0.110548
6     12     0.48          100             0.2472              0.357389                     0.0842374
6     12     0.48          100             0.252              0.436809                     0.0931279
6     12     0.48          100             0.2568              0.496373                     0.0992747
6     12     0.48          100             0.2616              0.536083                     0.103169
6     12     0.48          100             0.2664              0.635358                     0.112316
6     12     0.48          100             0.2712              0.436809                     0.0931279
6     12     0.48          100             0.276              0.496373                     0.0992747
6     12     0.48          100             0.2808              0.397099                     0.088794
6     12     0.48          100             0.2856              0.456664                     0.0952209
6     12     0.48          100             0.2904              0.536083                     0.103169
6     12     0.48          100             0.2952              0.496373                     0.0992747
6     12     0.48          100             0.3              0.476518                     0.0972689
6     12     0.48          100             0.3048              0.416954                     0.0909868
6     12     0.48          100             0.3096              0.377244                     0.0865457
6     12     0.48          100             0.3144              0.536083                     0.103169
6     12     0.48          100             0.3192              0.436809                     0.0931279
6     12     0.48          100             0.324              0.377244                     0.0865457
6     12     0.48          100             0.3288              0.516228                     0.101241
6     12     0.48          100             0.3336              0.456664                     0.0952209
6     12     0.48          100             0.3384              0.416954                     0.0909868
6     12     0.48          100             0.3432              0.436809                     0.0931279
6     12     0.48          100             0.348              0.595648                     0.10875
6     12     0.48          100             0.3528              0.595648                     0.10875
6     12     0.48          100             0.3576              0.436809                     0.0931279
6     12     0.48          100             0.3624              0.694923                     0.117463
6     12     0.48          100             0.3672              0.774343                     0.123994
6     12     0.48          100             0.372              0.972892                     0.138985
6     12     0.48          100             0.3768              0.595648                     0.10875
6     12     0.48          100             0.3816              0.972892                     0.138985
6     12     0.48          100             0.3864              0.655213                     0.114058
6     12     0.48          100             0.3912              1.27072                     0.158839
6     12     0.48          100             0.396              1.0126                     0.141793
6     12     0.48          100             0.4008              1.07217                     0.145903
6     12     0.48          100             0.4056              1.09202                     0.147248
6     12     0.48          100             0.4104              1.09202                     0.147248
6     12     0.48          100             0.4152              1.21115                     0.155072
6     12     0.48          100             0.42              1.15159                     0.151211
6     12     0.48          100             0.4248              1.11188                     0.148581
6     12     0.48          100             0.4296              1.33028                     0.16252
6     12     0.48          100             0.4344              1.27072                     0.158839
6     12     0.48          100             0.4392              1.35014                     0.163728
6     12     0.48          100             0.444              1.54869                     0.175354
6     12     0.48          100             0.4488              1.4097                     0.167301
6     12     0.48          100             0.4536              1.21115                     0.155072
6     12     0.48          100             0.4584              1.44941                     0.169641
6     12     0.48          100             0.4632              0.397099                     0.088794
6     12     0.48          100             0.468              0                     0
6     12     0.48          100             0.4728              0                     0
*******************************************************************************************************
 Average angle 100.387 +- 1.98252 deg 
 Average E' 0.160647 +- 0.00317258 GeV 
