*******************************************************************************************************
Z     A     E(GeV)     Theta(deg)     Energy Loss(GeV)     Sigma(nb/sr/GeV)     ERROR     Citation     
*******************************************************************************************************
6     12     1.2044          30.4             0.006022              0                     0
6     12     1.2044          30.4             0.018066              0                     0
6     12     1.2044          30.4             0.03011              0.0677098                     0.0390923
6     12     1.2044          30.4             0.042154              0.383689                     0.0930583
6     12     1.2044          30.4             0.054198              0.586819                     0.115085
6     12     1.2044          30.4             0.066242              1.03822                     0.153077
6     12     1.2044          30.4             0.078286              2.36984                     0.231273
6     12     1.2044          30.4             0.09033              3.20493                     0.268952
6     12     1.2044          30.4             0.102374              4.53656                     0.319984
6     12     1.2044          30.4             0.114418              5.39422                     0.348923
6     12     1.2044          30.4             0.126462              8.0349                     0.425849
6     12     1.2044          30.4             0.138506              9.41167                     0.460891
6     12     1.2044          30.4             0.15055              10.653                     0.490345
6     12     1.2044          30.4             0.162594              13.2034                     0.545894
6     12     1.2044          30.4             0.174638              14.6705                     0.575423
6     12     1.2044          30.4             0.186682              15.009                     0.582025
6     12     1.2044          30.4             0.198726              15.483                     0.591143
6     12     1.2044          30.4             0.21077              14.1965                     0.566051
6     12     1.2044          30.4             0.222814              14.7833                     0.577632
6     12     1.2044          30.4             0.234858              13.4291                     0.55054
6     12     1.2044          30.4             0.246902              12.8197                     0.537904
6     12     1.2044          30.4             0.258946              11.3978                     0.507196
6     12     1.2044          30.4             0.27099              10.4273                     0.485123
6     12     1.2044          30.4             0.283034              8.712                     0.443429
6     12     1.2044          30.4             0.295078              8.08004                     0.427043
6     12     1.2044          30.4             0.307122              7.56093                     0.413098
6     12     1.2044          30.4             0.319166              5.61992                     0.356148
6     12     1.2044          30.4             0.33121              5.41679                     0.349652
6     12     1.2044          30.4             0.343254              4.73969                     0.32707
6     12     1.2044          30.4             0.355298              4.33343                     0.312738
6     12     1.2044          30.4             0.367342              4.28829                     0.311105
6     12     1.2044          30.4             0.379386              4.85254                     0.33094
6     12     1.2044          30.4             0.39143              4.19801                     0.307813
6     12     1.2044          30.4             0.403474              3.85946                     0.29514
6     12     1.2044          30.4             0.415518              4.5817                     0.321572
6     12     1.2044          30.4             0.427562              4.46885                     0.317587
6     12     1.2044          30.4             0.439606              4.53656                     0.319984
6     12     1.2044          30.4             0.45165              4.22058                     0.308639
6     12     1.2044          30.4             0.463694              5.0331                     0.337041
6     12     1.2044          30.4             0.475738              4.51399                     0.319187
6     12     1.2044          30.4             0.487782              4.67198                     0.324725
6     12     1.2044          30.4             0.499826              4.26572                     0.310285
6     12     1.2044          30.4             0.51187              4.76226                     0.327847
6     12     1.2044          30.4             0.523914              4.356                     0.313552
6     12     1.2044          30.4             0.535958              3.76918                     0.291668
6     12     1.2044          30.4             0.548002              3.4532                     0.279175
6     12     1.2044          30.4             0.560046              4.78483                     0.328623
6     12     1.2044          30.4             0.57209              4.10773                     0.304485
6     12     1.2044          30.4             0.584134              3.49834                     0.280994
6     12     1.2044          30.4             0.596178              4.01745                     0.301121
6     12     1.2044          30.4             0.608222              3.27264                     0.271778
6     12     1.2044          30.4             0.620266              3.0018                     0.260289
6     12     1.2044          30.4             0.63231              3.31778                     0.273646
6     12     1.2044          30.4             0.644354              2.91152                     0.256345
6     12     1.2044          30.4             0.656398              3.27264                     0.271778
6     12     1.2044          30.4             0.668442              2.75353                     0.249293
6     12     1.2044          30.4             0.680486              2.7761                     0.250313
6     12     1.2044          30.4             0.69253              2.5504                     0.239922
6     12     1.2044          30.4             0.704574              3.20493                     0.268952
6     12     1.2044          30.4             0.716618              2.97923                     0.259309
6     12     1.2044          30.4             0.728662              3.40806                     0.277344
6     12     1.2044          30.4             0.740706              3.18236                     0.268003
6     12     1.2044          30.4             0.75275              2.93409                     0.257337
6     12     1.2044          30.4             0.764794              3.09208                     0.264174
6     12     1.2044          30.4             0.776838              2.82124                     0.25234
6     12     1.2044          30.4             0.788882              3.11465                     0.265137
6     12     1.2044          30.4             0.800926              3.40806                     0.277344
6     12     1.2044          30.4             0.81297              3.70147                     0.289036
6     12     1.2044          30.4             0.825014              3.11465                     0.265137
6     12     1.2044          30.4             0.837058              3.34035                     0.274575
6     12     1.2044          30.4             0.849102              3.13722                     0.266096
6     12     1.2044          30.4             0.861146              2.82124                     0.25234
6     12     1.2044          30.4             0.87319              3.52091                     0.281899
6     12     1.2044          30.4             0.885234              3.02437                     0.261266
6     12     1.2044          30.4             0.897278              3.94974                     0.298572
6     12     1.2044          30.4             0.909322              3.29521                     0.272714
6     12     1.2044          30.4             0.921366              3.36292                     0.275501
6     12     1.2044          30.4             0.93341              3.72404                     0.289916
6     12     1.2044          30.4             0.945454              3.31778                     0.273646
6     12     1.2044          30.4             0.957498              3.06951                     0.263209
6     12     1.2044          30.4             0.969542              3.06951                     0.263209
6     12     1.2044          30.4             0.981586              2.88895                     0.25535
6     12     1.2044          30.4             0.99363              2.82124                     0.25234
6     12     1.2044          30.4             1.00567              2.97923                     0.259309
6     12     1.2044          30.4             1.01772              3.11465                     0.265137
6     12     1.2044          30.4             1.02976              2.93409                     0.257337
6     12     1.2044          30.4             1.04181              2.75353                     0.249293
6     12     1.2044          30.4             1.05385              3.02437                     0.261266
6     12     1.2044          30.4             1.06589              2.70839                     0.247241
6     12     1.2044          30.4             1.07794              2.46012                     0.235637
6     12     1.2044          30.4             1.08998              2.50526                     0.237789
6     12     1.2044          30.4             1.10203              2.099                     0.217657
6     12     1.2044          30.4             1.11407              2.39241                     0.232372
6     12     1.2044          30.4             1.12611              1.94102                     0.209305
6     12     1.2044          30.4             1.13816              1.55733                     0.18748
6     12     1.2044          30.4             1.1502              0.20313                     0.0677098
6     12     1.2044          30.4             1.16225              0                     0
6     12     1.2044          30.4             1.17429              0                     0
6     12     1.2044          30.4             1.18633              0                     0
*******************************************************************************************************
 Average angle 30.5951 +- 0.21749 deg 
 Average E' 0.742731 +- 0.00527983 GeV 
