*******************************************************************************************************
Z     A     E(GeV)     Theta(deg)     Energy Loss(GeV)     Sigma(nb/sr/GeV)     ERROR     Citation     
*******************************************************************************************************
6     12     0.12          136.8             0.0006              0.832117                     0.126897
6     12     0.12          136.8             0.0018              0.98693                     0.138198
6     12     0.12          136.8             0.003              1.00628                     0.139546
6     12     0.12          136.8             0.0042              1.16109                     0.149897
6     12     0.12          136.8             0.0054              1.33526                     0.160746
6     12     0.12          136.8             0.0066              1.70294                     0.181534
6     12     0.12          136.8             0.0078              1.62553                     0.17736
6     12     0.12          136.8             0.009              1.66423                     0.179459
6     12     0.12          136.8             0.0102              1.8771                     0.190591
6     12     0.12          136.8             0.0114              2.57376                     0.223173
6     12     0.12          136.8             0.0126              2.28348                     0.210212
6     12     0.12          136.8             0.0138              2.08997                     0.201107
6     12     0.12          136.8             0.015              2.20608                     0.206618
6     12     0.12          136.8             0.0162              2.01256                     0.197348
6     12     0.12          136.8             0.0174              2.4383                     0.217221
6     12     0.12          136.8             0.0186              2.98014                     0.240147
6     12     0.12          136.8             0.0198              2.45765                     0.218081
6     12     0.12          136.8             0.021              2.68987                     0.228152
6     12     0.12          136.8             0.0222              2.57376                     0.223173
6     12     0.12          136.8             0.0234              3.0382                     0.242474
6     12     0.12          136.8             0.0246              2.70922                     0.228971
6     12     0.12          136.8             0.0258              2.5157                     0.220642
6     12     0.12          136.8             0.027              2.74792                     0.2306
6     12     0.12          136.8             0.0282              2.49635                     0.219791
6     12     0.12          136.8             0.0294              2.28348                     0.210212
6     12     0.12          136.8             0.0306              2.57376                     0.223173
6     12     0.12          136.8             0.0318              2.28348                     0.210212
6     12     0.12          136.8             0.033              2.07062                     0.200174
6     12     0.12          136.8             0.0342              2.08997                     0.201107
6     12     0.12          136.8             0.0354              2.55441                     0.222333
6     12     0.12          136.8             0.0366              2.08997                     0.201107
6     12     0.12          136.8             0.0378              2.05127                     0.199237
6     12     0.12          136.8             0.039              2.14802                     0.203881
6     12     0.12          136.8             0.0402              2.10932                     0.202036
6     12     0.12          136.8             0.0414              1.97386                     0.195441
6     12     0.12          136.8             0.0426              1.7997                     0.18662
6     12     0.12          136.8             0.0438              2.10932                     0.202036
6     12     0.12          136.8             0.045              1.78034                     0.185614
6     12     0.12          136.8             0.0462              1.9158                     0.192546
6     12     0.12          136.8             0.0474              1.50942                     0.170908
6     12     0.12          136.8             0.0486              1.58683                     0.175236
6     12     0.12          136.8             0.0498              1.72229                     0.182562
6     12     0.12          136.8             0.051              1.8771                     0.190591
6     12     0.12          136.8             0.0522              1.2772                     0.157213
6     12     0.12          136.8             0.0534              1.29655                     0.158399
6     12     0.12          136.8             0.0546              1.14174                     0.148642
6     12     0.12          136.8             0.0558              1.1998                     0.152374
6     12     0.12          136.8             0.057              1.31591                     0.159577
6     12     0.12          136.8             0.0582              0.967578                     0.136836
6     12     0.12          136.8             0.0594              0.928875                     0.134072
6     12     0.12          136.8             0.0606              0.774062                     0.12239
6     12     0.12          136.8             0.0618              0.812766                     0.125412
6     12     0.12          136.8             0.063              1.06434                     0.143515
6     12     0.12          136.8             0.0642              0.928875                     0.134072
6     12     0.12          136.8             0.0654              0.793414                     0.12391
6     12     0.12          136.8             0.0666              0.599898                     0.107745
6     12     0.12          136.8             0.0678              0.464437                     0.0948029
6     12     0.12          136.8             0.069              0.677305                     0.114485
6     12     0.12          136.8             0.0702              0.464437                     0.0948029
6     12     0.12          136.8             0.0714              0.580547                     0.105993
6     12     0.12          136.8             0.0726              0.0193516                     0.0193516
6     12     0.12          136.8             0.0738              0                     0
6     12     0.12          136.8             0.075              0                     0
6     12     0.12          136.8             0.0762              0                     0
6     12     0.12          136.8             0.0774              0                     0
6     12     0.12          136.8             0.0786              0                     0
6     12     0.12          136.8             0.0798              0                     0
6     12     0.12          136.8             0.081              0                     0
6     12     0.12          136.8             0.0822              0                     0
6     12     0.12          136.8             0.0834              0                     0
6     12     0.12          136.8             0.0846              0                     0
6     12     0.12          136.8             0.0858              0                     0
6     12     0.12          136.8             0.087              0                     0
6     12     0.12          136.8             0.0882              0                     0
6     12     0.12          136.8             0.0894              0                     0
6     12     0.12          136.8             0.0906              0                     0
6     12     0.12          136.8             0.0918              0                     0
6     12     0.12          136.8             0.093              0                     0
6     12     0.12          136.8             0.0942              0                     0
6     12     0.12          136.8             0.0954              0                     0
6     12     0.12          136.8             0.0966              0                     0
6     12     0.12          136.8             0.0978              0                     0
6     12     0.12          136.8             0.099              0                     0
6     12     0.12          136.8             0.1002              0                     0
6     12     0.12          136.8             0.1014              0                     0
6     12     0.12          136.8             0.1026              0                     0
6     12     0.12          136.8             0.1038              0                     0
6     12     0.12          136.8             0.105              0                     0
6     12     0.12          136.8             0.1062              0                     0
6     12     0.12          136.8             0.1074              0                     0
6     12     0.12          136.8             0.1086              0                     0
6     12     0.12          136.8             0.1098              0                     0
6     12     0.12          136.8             0.111              0                     0
6     12     0.12          136.8             0.1122              0                     0
6     12     0.12          136.8             0.1134              0                     0
6     12     0.12          136.8             0.1146              0                     0
6     12     0.12          136.8             0.1158              0                     0
6     12     0.12          136.8             0.117              0                     0
6     12     0.12          136.8             0.1182              0                     0
*******************************************************************************************************
 Average angle 138.205 +- 1.88667 deg 
 Average E' 0.0884236 +- 0.0012071 GeV 
