*******************************************************************************************************
Z     A     E(GeV)     Theta(deg)     Energy Loss(GeV)     Sigma(nb/sr/GeV)     ERROR     Citation     
*******************************************************************************************************
6     12     0.2          143.6             0.001              0                     0
6     12     0.2          143.6             0.003              0                     0
6     12     0.2          143.6             0.005              0.0412516                     0.0412516
6     12     0.2          143.6             0.007              0.123755                     0.0714498
6     12     0.2          143.6             0.009              0.53627                     0.148735
6     12     0.2          143.6             0.011              0.165006                     0.0825031
6     12     0.2          143.6             0.013              0.330013                     0.116677
6     12     0.2          143.6             0.015              0.453767                     0.136816
6     12     0.2          143.6             0.017              0.495019                     0.1429
6     12     0.2          143.6             0.019              0.742528                     0.175016
6     12     0.2          143.6             0.021              0.577522                     0.154349
6     12     0.2          143.6             0.023              0.577522                     0.154349
6     12     0.2          143.6             0.025              0.78378                     0.179811
6     12     0.2          143.6             0.027              0.948786                     0.197836
6     12     0.2          143.6             0.029              1.56756                     0.254292
6     12     0.2          143.6             0.031              1.03129                     0.206258
6     12     0.2          143.6             0.033              1.65006                     0.260898
6     12     0.2          143.6             0.035              1.65006                     0.260898
6     12     0.2          143.6             0.037              1.85632                     0.276724
6     12     0.2          143.6             0.039              1.77382                     0.270505
6     12     0.2          143.6             0.041              1.85632                     0.276724
6     12     0.2          143.6             0.043              1.52631                     0.250923
6     12     0.2          143.6             0.045              1.98008                     0.285799
6     12     0.2          143.6             0.047              1.3613                     0.236972
6     12     0.2          143.6             0.049              2.02133                     0.288761
6     12     0.2          143.6             0.051              2.14508                     0.297469
6     12     0.2          143.6             0.053              2.10383                     0.294595
6     12     0.2          143.6             0.055              2.47509                     0.319533
6     12     0.2          143.6             0.057              2.68135                     0.332581
6     12     0.2          143.6             0.059              1.77382                     0.270505
6     12     0.2          143.6             0.061              2.26884                     0.30593
6     12     0.2          143.6             0.063              3.09387                     0.357249
6     12     0.2          143.6             0.065              2.80511                     0.340169
6     12     0.2          143.6             0.067              2.26884                     0.30593
6     12     0.2          143.6             0.069              2.35134                     0.311443
6     12     0.2          143.6             0.071              2.47509                     0.319533
6     12     0.2          143.6             0.073              1.93882                     0.282807
6     12     0.2          143.6             0.075              2.31009                     0.308698
6     12     0.2          143.6             0.077              1.81507                     0.273632
6     12     0.2          143.6             0.079              2.39259                     0.314163
6     12     0.2          143.6             0.081              1.77382                     0.270505
6     12     0.2          143.6             0.083              2.14508                     0.297469
6     12     0.2          143.6             0.085              2.26884                     0.30593
6     12     0.2          143.6             0.087              2.22758                     0.303136
6     12     0.2          143.6             0.089              1.65006                     0.260898
6     12     0.2          143.6             0.091              1.4438                     0.244048
6     12     0.2          143.6             0.093              1.85632                     0.276724
6     12     0.2          143.6             0.095              1.1963                     0.222146
6     12     0.2          143.6             0.097              1.89757                     0.279782
6     12     0.2          143.6             0.099              1.40255                     0.240536
6     12     0.2          143.6             0.101              0.990038                     0.202091
6     12     0.2          143.6             0.103              1.52631                     0.250923
6     12     0.2          143.6             0.105              1.07254                     0.210343
6     12     0.2          143.6             0.107              1.32005                     0.233354
6     12     0.2          143.6             0.109              0.825031                     0.184483
6     12     0.2          143.6             0.111              1.07254                     0.210343
6     12     0.2          143.6             0.113              0.701277                     0.170085
6     12     0.2          143.6             0.115              0.701277                     0.170085
6     12     0.2          143.6             0.117              0.618774                     0.159767
6     12     0.2          143.6             0.119              0.660025                     0.165006
6     12     0.2          143.6             0.121              0.618774                     0.159767
6     12     0.2          143.6             0.123              0.577522                     0.154349
6     12     0.2          143.6             0.125              0.618774                     0.159767
6     12     0.2          143.6             0.127              0.618774                     0.159767
6     12     0.2          143.6             0.129              0.453767                     0.136816
6     12     0.2          143.6             0.131              0.453767                     0.136816
6     12     0.2          143.6             0.133              0.412516                     0.130449
6     12     0.2          143.6             0.135              0.453767                     0.136816
6     12     0.2          143.6             0.137              0.412516                     0.130449
6     12     0.2          143.6             0.139              0.53627                     0.148735
6     12     0.2          143.6             0.141              0.577522                     0.154349
6     12     0.2          143.6             0.143              0.288761                     0.109141
6     12     0.2          143.6             0.145              0.53627                     0.148735
6     12     0.2          143.6             0.147              0.288761                     0.109141
6     12     0.2          143.6             0.149              0.453767                     0.136816
6     12     0.2          143.6             0.151              0.53627                     0.148735
6     12     0.2          143.6             0.153              0.330013                     0.116677
6     12     0.2          143.6             0.155              0.247509                     0.101045
6     12     0.2          143.6             0.157              0.330013                     0.116677
6     12     0.2          143.6             0.159              0.453767                     0.136816
6     12     0.2          143.6             0.161              0.206258                     0.0922413
6     12     0.2          143.6             0.163              0.412516                     0.130449
6     12     0.2          143.6             0.165              0.412516                     0.130449
6     12     0.2          143.6             0.167              0.288761                     0.109141
6     12     0.2          143.6             0.169              0.412516                     0.130449
6     12     0.2          143.6             0.171              0.495019                     0.1429
6     12     0.2          143.6             0.173              0.123755                     0.0714498
6     12     0.2          143.6             0.175              0                     0
6     12     0.2          143.6             0.177              0                     0
6     12     0.2          143.6             0.179              0                     0
6     12     0.2          143.6             0.181              0                     0
6     12     0.2          143.6             0.183              0                     0
6     12     0.2          143.6             0.185              0                     0
6     12     0.2          143.6             0.187              0                     0
6     12     0.2          143.6             0.189              0                     0
6     12     0.2          143.6             0.191              0                     0
6     12     0.2          143.6             0.193              0                     0
6     12     0.2          143.6             0.195              0                     0
6     12     0.2          143.6             0.197              0                     0
*******************************************************************************************************
 Average angle 144.18 +- 2.96037 deg 
 Average E' 0.124494 +- 0.00255618 GeV 
