*******************************************************************************************************
Z     A     E(GeV)     Theta(deg)     Energy Loss(GeV)     Sigma(nb/sr/GeV)     ERROR     Citation     
*******************************************************************************************************
6     12     0.1          163.2             0.0005              0.960343                     0.188339
6     12     0.1          163.2             0.0015              1.36664                     0.224675
6     12     0.1          163.2             0.0025              1.32971                     0.221618
6     12     0.1          163.2             0.0035              1.03422                     0.195448
6     12     0.1          163.2             0.0045              2.1423                     0.281298
6     12     0.1          163.2             0.0055              2.06843                     0.276406
6     12     0.1          163.2             0.0065              2.40086                     0.29779
6     12     0.1          163.2             0.0075              2.06843                     0.276406
6     12     0.1          163.2             0.0085              2.62248                     0.311231
6     12     0.1          163.2             0.0095              2.9549                     0.330368
6     12     0.1          163.2             0.0105              2.1423                     0.281298
6     12     0.1          163.2             0.0115              2.65941                     0.313415
6     12     0.1          163.2             0.0125              2.99184                     0.332427
6     12     0.1          163.2             0.0135              2.69635                     0.315584
6     12     0.1          163.2             0.0145              2.65941                     0.313415
6     12     0.1          163.2             0.0155              3.28733                     0.348456
6     12     0.1          163.2             0.0165              3.17652                     0.342533
6     12     0.1          163.2             0.0175              2.84409                     0.324115
6     12     0.1          163.2             0.0185              3.06571                     0.336506
6     12     0.1          163.2             0.0195              2.99184                     0.332427
6     12     0.1          163.2             0.0205              3.39814                     0.35428
6     12     0.1          163.2             0.0215              3.28733                     0.348456
6     12     0.1          163.2             0.0225              2.99184                     0.332427
6     12     0.1          163.2             0.0235              3.25039                     0.346493
6     12     0.1          163.2             0.0245              2.84409                     0.324115
6     12     0.1          163.2             0.0255              2.73328                     0.317738
6     12     0.1          163.2             0.0265              2.69635                     0.315584
6     12     0.1          163.2             0.0275              2.88103                     0.326212
6     12     0.1          163.2             0.0285              2.65941                     0.313415
6     12     0.1          163.2             0.0295              2.51167                     0.304584
6     12     0.1          163.2             0.0305              2.62248                     0.311231
6     12     0.1          163.2             0.0315              2.25311                     0.288482
6     12     0.1          163.2             0.0325              2.69635                     0.315584
6     12     0.1          163.2             0.0335              1.88375                     0.263778
6     12     0.1          163.2             0.0345              2.73328                     0.317738
6     12     0.1          163.2             0.0355              2.40086                     0.29779
6     12     0.1          163.2             0.0365              2.69635                     0.315584
6     12     0.1          163.2             0.0375              2.43779                     0.300072
6     12     0.1          163.2             0.0385              1.80988                     0.258554
6     12     0.1          163.2             0.0395              1.88375                     0.263778
6     12     0.1          163.2             0.0405              2.0315                     0.273927
6     12     0.1          163.2             0.0415              1.80988                     0.258554
6     12     0.1          163.2             0.0425              1.55132                     0.239374
6     12     0.1          163.2             0.0435              1.88375                     0.263778
6     12     0.1          163.2             0.0445              1.29277                     0.218518
6     12     0.1          163.2             0.0455              1.84681                     0.261179
6     12     0.1          163.2             0.0465              1.6252                     0.245008
6     12     0.1          163.2             0.0475              1.58826                     0.242207
6     12     0.1          163.2             0.0485              1.58826                     0.242207
6     12     0.1          163.2             0.0495              0.147745                     0.0738726
6     12     0.1          163.2             0.0505              0                     0
6     12     0.1          163.2             0.0515              0                     0
6     12     0.1          163.2             0.0525              0                     0
6     12     0.1          163.2             0.0535              0                     0
6     12     0.1          163.2             0.0545              0                     0
6     12     0.1          163.2             0.0555              0                     0
6     12     0.1          163.2             0.0565              0                     0
6     12     0.1          163.2             0.0575              0                     0
6     12     0.1          163.2             0.0585              0                     0
6     12     0.1          163.2             0.0595              0                     0
6     12     0.1          163.2             0.0605              0                     0
6     12     0.1          163.2             0.0615              0                     0
6     12     0.1          163.2             0.0625              0                     0
6     12     0.1          163.2             0.0635              0                     0
6     12     0.1          163.2             0.0645              0                     0
6     12     0.1          163.2             0.0655              0                     0
6     12     0.1          163.2             0.0665              0                     0
6     12     0.1          163.2             0.0675              0                     0
6     12     0.1          163.2             0.0685              0                     0
6     12     0.1          163.2             0.0695              0                     0
6     12     0.1          163.2             0.0705              0                     0
6     12     0.1          163.2             0.0715              0                     0
6     12     0.1          163.2             0.0725              0                     0
6     12     0.1          163.2             0.0735              0                     0
6     12     0.1          163.2             0.0745              0                     0
6     12     0.1          163.2             0.0755              0                     0
6     12     0.1          163.2             0.0765              0                     0
6     12     0.1          163.2             0.0775              0                     0
6     12     0.1          163.2             0.0785              0                     0
6     12     0.1          163.2             0.0795              0                     0
6     12     0.1          163.2             0.0805              0                     0
6     12     0.1          163.2             0.0815              0                     0
6     12     0.1          163.2             0.0825              0                     0
6     12     0.1          163.2             0.0835              0                     0
6     12     0.1          163.2             0.0845              0                     0
6     12     0.1          163.2             0.0855              0                     0
6     12     0.1          163.2             0.0865              0                     0
6     12     0.1          163.2             0.0875              0                     0
6     12     0.1          163.2             0.0885              0                     0
6     12     0.1          163.2             0.0895              0                     0
6     12     0.1          163.2             0.0905              0                     0
6     12     0.1          163.2             0.0915              0                     0
6     12     0.1          163.2             0.0925              0                     0
6     12     0.1          163.2             0.0935              0                     0
6     12     0.1          163.2             0.0945              0                     0
6     12     0.1          163.2             0.0955              0                     0
6     12     0.1          163.2             0.0965              0                     0
6     12     0.1          163.2             0.0975              0                     0
6     12     0.1          163.2             0.0985              0                     0
*******************************************************************************************************
 Average angle 164.586 +- 2.94327 deg 
 Average E' 0.0760409 +- 0.00135983 GeV 
