*******************************************************************************************************
Z     A     E(GeV)     Theta(deg)     Energy Loss(GeV)     Sigma(nb/sr/GeV)     ERROR     Citation     
*******************************************************************************************************
6     12     0.2          132.4             0.001              0.0662991                     0.0468805
6     12     0.2          132.4             0.003              0.165748                     0.0741246
6     12     0.2          132.4             0.005              0.0662991                     0.0468805
6     12     0.2          132.4             0.007              0.0331495                     0.0331495
6     12     0.2          132.4             0.009              0.331495                     0.104828
6     12     0.2          132.4             0.011              0.397795                     0.114833
6     12     0.2          132.4             0.013              0.430944                     0.119522
6     12     0.2          132.4             0.015              0.828739                     0.165748
6     12     0.2          132.4             0.017              0.596692                     0.140642
6     12     0.2          132.4             0.019              0.994486                     0.181568
6     12     0.2          132.4             0.021              0.895038                     0.17225
6     12     0.2          132.4             0.023              1.19338                     0.198897
6     12     0.2          132.4             0.025              1.16023                     0.196115
6     12     0.2          132.4             0.027              1.52488                     0.224831
6     12     0.2          132.4             0.029              1.39228                     0.214834
6     12     0.2          132.4             0.031              1.29283                     0.207019
6     12     0.2          132.4             0.033              1.92267                     0.252459
6     12     0.2          132.4             0.035              1.55803                     0.227262
6     12     0.2          132.4             0.037              1.72378                     0.239045
6     12     0.2          132.4             0.039              2.15472                     0.26726
6     12     0.2          132.4             0.041              2.25417                     0.273358
6     12     0.2          132.4             0.043              2.22102                     0.271341
6     12     0.2          132.4             0.045              2.75141                     0.302007
6     12     0.2          132.4             0.047              2.41992                     0.28323
6     12     0.2          132.4             0.049              3.01661                     0.316227
6     12     0.2          132.4             0.051              2.51937                     0.288991
6     12     0.2          132.4             0.053              2.75141                     0.302007
6     12     0.2          132.4             0.055              2.88401                     0.309198
6     12     0.2          132.4             0.057              3.04976                     0.317959
6     12     0.2          132.4             0.059              3.24866                     0.328164
6     12     0.2          132.4             0.061              2.38677                     0.281283
6     12     0.2          132.4             0.063              2.68511                     0.298346
6     12     0.2          132.4             0.065              3.01661                     0.316227
6     12     0.2          132.4             0.067              3.18236                     0.324798
6     12     0.2          132.4             0.069              2.32047                     0.277349
6     12     0.2          132.4             0.071              2.68511                     0.298346
6     12     0.2          132.4             0.073              2.58566                     0.292769
6     12     0.2          132.4             0.075              2.32047                     0.277349
6     12     0.2          132.4             0.077              2.85086                     0.307416
6     12     0.2          132.4             0.079              2.55252                     0.290886
6     12     0.2          132.4             0.081              2.12157                     0.265196
6     12     0.2          132.4             0.083              2.15472                     0.26726
6     12     0.2          132.4             0.085              2.32047                     0.277349
6     12     0.2          132.4             0.087              2.22102                     0.271341
6     12     0.2          132.4             0.089              1.55803                     0.227262
6     12     0.2          132.4             0.091              1.62433                     0.232047
6     12     0.2          132.4             0.093              1.59118                     0.229667
6     12     0.2          132.4             0.095              1.49173                     0.222374
6     12     0.2          132.4             0.097              1.19338                     0.198897
6     12     0.2          132.4             0.099              1.35913                     0.212261
6     12     0.2          132.4             0.101              1.42543                     0.217376
6     12     0.2          132.4             0.103              1.55803                     0.227262
6     12     0.2          132.4             0.105              1.32598                     0.209656
6     12     0.2          132.4             0.107              1.29283                     0.207019
6     12     0.2          132.4             0.109              1.02764                     0.184569
6     12     0.2          132.4             0.111              0.76244                     0.15898
6     12     0.2          132.4             0.113              0.994486                     0.181568
6     12     0.2          132.4             0.115              0.861888                     0.16903
6     12     0.2          132.4             0.117              0.994486                     0.181568
6     12     0.2          132.4             0.119              0.76244                     0.15898
6     12     0.2          132.4             0.121              0.861888                     0.16903
6     12     0.2          132.4             0.123              0.596692                     0.140642
6     12     0.2          132.4             0.125              0.563542                     0.136679
6     12     0.2          132.4             0.127              0.72929                     0.155485
6     12     0.2          132.4             0.129              0.629841                     0.144496
6     12     0.2          132.4             0.131              0.464094                     0.124034
6     12     0.2          132.4             0.133              0.331495                     0.104828
6     12     0.2          132.4             0.135              0.298346                     0.0994486
6     12     0.2          132.4             0.137              0.828739                     0.165748
6     12     0.2          132.4             0.139              0.497243                     0.128388
6     12     0.2          132.4             0.141              0.662991                     0.148249
6     12     0.2          132.4             0.143              0.298346                     0.0994486
6     12     0.2          132.4             0.145              0.563542                     0.136679
6     12     0.2          132.4             0.147              0.0994486                     0.0574167
6     12     0.2          132.4             0.149              0.430944                     0.119522
6     12     0.2          132.4             0.151              0.331495                     0.104828
6     12     0.2          132.4             0.153              0.497243                     0.128388
6     12     0.2          132.4             0.155              0.331495                     0.104828
6     12     0.2          132.4             0.157              0.596692                     0.140642
6     12     0.2          132.4             0.159              0.364645                     0.109945
6     12     0.2          132.4             0.161              0.497243                     0.128388
6     12     0.2          132.4             0.163              0.298346                     0.0994486
6     12     0.2          132.4             0.165              0.662991                     0.148249
6     12     0.2          132.4             0.167              0.497243                     0.128388
6     12     0.2          132.4             0.169              0.563542                     0.136679
6     12     0.2          132.4             0.171              0                     0
6     12     0.2          132.4             0.173              0                     0
6     12     0.2          132.4             0.175              0                     0
6     12     0.2          132.4             0.177              0                     0
6     12     0.2          132.4             0.179              0                     0
6     12     0.2          132.4             0.181              0                     0
6     12     0.2          132.4             0.183              0                     0
6     12     0.2          132.4             0.185              0                     0
6     12     0.2          132.4             0.187              0                     0
6     12     0.2          132.4             0.189              0                     0
6     12     0.2          132.4             0.191              0                     0
6     12     0.2          132.4             0.193              0                     0
6     12     0.2          132.4             0.195              0                     0
6     12     0.2          132.4             0.197              0                     0
*******************************************************************************************************
 Average angle 132.982 +- 2.27195 deg 
 Average E' 0.126873 +- 0.00216758 GeV 
