*******************************************************************************************************
Z     A     E(GeV)     Theta(deg)     Energy Loss(GeV)     Sigma(nb/sr/GeV)     ERROR     Citation     
*******************************************************************************************************
6     12     0.68          44             0.0034              0                     0
6     12     0.68          44             0.0102              0.0234254                     0.0234254
6     12     0.68          44             0.017              0.117127                     0.0523808
6     12     0.68          44             0.0238              0.515358                     0.109875
6     12     0.68          44             0.0306              0.538784                     0.112344
6     12     0.68          44             0.0374              0.796463                     0.136592
6     12     0.68          44             0.0442              1.7569                     0.20287
6     12     0.68          44             0.051              2.06143                     0.21975
6     12     0.68          44             0.0578              3.02187                     0.266061
6     12     0.68          44             0.0646              3.74806                     0.29631
6     12     0.68          44             0.0714              5.22386                     0.349816
6     12     0.68          44             0.0782              6.23115                     0.382056
6     12     0.68          44             0.085              5.87977                     0.371128
6     12     0.68          44             0.0918              7.19159                     0.410446
6     12     0.68          44             0.0986              6.93391                     0.403026
6     12     0.68          44             0.1054              8.29259                     0.440746
6     12     0.68          44             0.1122              8.73767                     0.452419
6     12     0.68          44             0.119              9.06562                     0.460832
6     12     0.68          44             0.1258              8.55027                     0.447541
6     12     0.68          44             0.1326              9.79181                     0.478933
6     12     0.68          44             0.1394              9.55756                     0.47317
6     12     0.68          44             0.1462              9.11247                     0.462021
6     12     0.68          44             0.153              7.7538                     0.426188
6     12     0.68          44             0.1598              7.6601                     0.423605
6     12     0.68          44             0.1666              7.51955                     0.4197
6     12     0.68          44             0.1734              7.07447                     0.40709
6     12     0.68          44             0.1802              6.60596                     0.393379
6     12     0.68          44             0.187              6.13745                     0.379173
6     12     0.68          44             0.1938              6.0906                     0.377723
6     12     0.68          44             0.2006              4.68508                     0.331285
6     12     0.68          44             0.2074              4.59138                     0.327955
6     12     0.68          44             0.2142              4.09944                     0.309889
6     12     0.68          44             0.221              4.09944                     0.309889
6     12     0.68          44             0.2278              3.65436                     0.292583
6     12     0.68          44             0.2346              3.70121                     0.294453
6     12     0.68          44             0.2414              3.0453                     0.26709
6     12     0.68          44             0.2482              2.57679                     0.245687
6     12     0.68          44             0.255              3.37326                     0.281105
6     12     0.68          44             0.2618              3.20928                     0.274187
6     12     0.68          44             0.2686              2.36596                     0.235422
6     12     0.68          44             0.2754              2.67049                     0.250115
6     12     0.68          44             0.2822              2.34254                     0.234254
6     12     0.68          44             0.289              3.139                     0.271168
6     12     0.68          44             0.2958              2.50652                     0.242314
6     12     0.68          44             0.3026              2.64707                     0.249015
6     12     0.68          44             0.3094              2.50652                     0.242314
6     12     0.68          44             0.3162              3.16243                     0.272178
6     12     0.68          44             0.323              2.57679                     0.245687
6     12     0.68          44             0.3298              2.9516                     0.262949
6     12     0.68          44             0.3366              2.90475                     0.260854
6     12     0.68          44             0.3434              3.0453                     0.26709
6     12     0.68          44             0.3502              3.88861                     0.301815
6     12     0.68          44             0.357              3.30298                     0.278161
6     12     0.68          44             0.3638              3.74806                     0.29631
6     12     0.68          44             0.3706              3.58408                     0.289756
6     12     0.68          44             0.3774              3.86519                     0.300905
6     12     0.68          44             0.3842              4.02917                     0.307221
6     12     0.68          44             0.391              4.47425                     0.323745
6     12     0.68          44             0.3978              4.00574                     0.306327
6     12     0.68          44             0.4046              3.98232                     0.30543
6     12     0.68          44             0.4114              4.02917                     0.307221
6     12     0.68          44             0.4182              3.98232                     0.30543
6     12     0.68          44             0.425              3.98232                     0.30543
6     12     0.68          44             0.4318              4.31027                     0.317757
6     12     0.68          44             0.4386              4.4274                     0.322046
6     12     0.68          44             0.4454              3.74806                     0.29631
6     12     0.68          44             0.4522              3.44353                     0.284018
6     12     0.68          44             0.459              4.00574                     0.306327
6     12     0.68          44             0.4658              3.72464                     0.295383
6     12     0.68          44             0.4726              3.72464                     0.295383
6     12     0.68          44             0.4794              3.30298                     0.278161
6     12     0.68          44             0.4862              2.7642                     0.254465
6     12     0.68          44             0.493              3.60751                     0.290701
6     12     0.68          44             0.4998              3.20928                     0.274187
6     12     0.68          44             0.5066              3.2327                     0.275186
6     12     0.68          44             0.5134              2.81105                     0.256612
6     12     0.68          44             0.5202              2.81105                     0.256612
6     12     0.68          44             0.527              2.45967                     0.240039
6     12     0.68          44             0.5338              2.17856                     0.225906
6     12     0.68          44             0.5406              2.55337                     0.244568
6     12     0.68          44             0.5474              2.50652                     0.242314
6     12     0.68          44             0.5542              2.36596                     0.235422
6     12     0.68          44             0.561              2.03801                     0.218497
6     12     0.68          44             0.5678              2.22541                     0.228322
6     12     0.68          44             0.5746              1.78033                     0.204218
6     12     0.68          44             0.5814              2.01458                     0.217238
6     12     0.68          44             0.5882              1.52265                     0.188861
6     12     0.68          44             0.595              1.87403                     0.209523
6     12     0.68          44             0.6018              1.80375                     0.205557
6     12     0.68          44             0.6086              1.71005                     0.200147
6     12     0.68          44             0.6154              1.82718                     0.206887
6     12     0.68          44             0.6222              1.4758                     0.185933
6     12     0.68          44             0.629              0.655911                     0.123955
6     12     0.68          44             0.6358              0                     0
6     12     0.68          44             0.6426              0                     0
6     12     0.68          44             0.6494              0                     0
6     12     0.68          44             0.6562              0                     0
6     12     0.68          44             0.663              0                     0
6     12     0.68          44             0.6698              0                     0
*******************************************************************************************************
 Average angle 44.2353 +- 0.360436 deg 
 Average E' 0.403875 +- 0.00329083 GeV 
