*******************************************************************************************************
Z     A     E(GeV)     Theta(deg)     Energy Loss(GeV)     Sigma(nb/sr/GeV)     ERROR     Citation     
*******************************************************************************************************
6     12     0.06          35             0.0003              256.495                     2.71793
6     12     0.06          35             0.0009              252.78                     2.69817
6     12     0.06          35             0.0015              246.617                     2.66508
6     12     0.06          35             0.0021              247.193                     2.66819
6     12     0.06          35             0.0027              245.983                     2.66165
6     12     0.06          35             0.0033              235.673                     2.60527
6     12     0.06          35             0.0039              222.972                     2.5341
6     12     0.06          35             0.0045              218.191                     2.50678
6     12     0.06          35             0.0051              198.837                     2.39302
6     12     0.06          35             0.0057              185.675                     2.31247
6     12     0.06          35             0.0063              162.837                     2.16558
6     12     0.06          35             0.0069              138.04                     1.99389
6     12     0.06          35             0.0075              122.286                     1.87667
6     12     0.06          35             0.0081              103.998                     1.73066
6     12     0.06          35             0.0087              81.2168                     1.5294
6     12     0.06          35             0.0093              62.7846                     1.3447
6     12     0.06          35             0.0099              44.5252                     1.1324
6     12     0.06          35             0.0105              34.4451                     0.996007
6     12     0.06          35             0.0111              29.8371                     0.926993
6     12     0.06          35             0.0117              22.5794                     0.806408
6     12     0.06          35             0.0123              18.4322                     0.728596
6     12     0.06          35             0.0129              14.0833                     0.636871
6     12     0.06          35             0.0135              10.2529                     0.543403
6     12     0.06          35             0.0141              6.71047                     0.439617
6     12     0.06          35             0.0147              4.26244                     0.350371
6     12     0.06          35             0.0153              2.96643                     0.292291
6     12     0.06          35             0.0159              2.30402                     0.257598
6     12     0.06          35             0.0165              1.61282                     0.215522
6     12     0.06          35             0.0171              0.748807                     0.146853
6     12     0.06          35             0.0177              0.633606                     0.135085
6     12     0.06          35             0.0183              0.0576006                     0.0407298
6     12     0.06          35             0.0189              0                     0
6     12     0.06          35             0.0195              0                     0
6     12     0.06          35             0.0201              0                     0
6     12     0.06          35             0.0207              0                     0
6     12     0.06          35             0.0213              0                     0
6     12     0.06          35             0.0219              0                     0
6     12     0.06          35             0.0225              0                     0
6     12     0.06          35             0.0231              0                     0
6     12     0.06          35             0.0237              0                     0
6     12     0.06          35             0.0243              0                     0
6     12     0.06          35             0.0249              0                     0
6     12     0.06          35             0.0255              0                     0
6     12     0.06          35             0.0261              0                     0
6     12     0.06          35             0.0267              0                     0
6     12     0.06          35             0.0273              0                     0
6     12     0.06          35             0.0279              0                     0
6     12     0.06          35             0.0285              0                     0
6     12     0.06          35             0.0291              0                     0
6     12     0.06          35             0.0297              0                     0
6     12     0.06          35             0.0303              0                     0
6     12     0.06          35             0.0309              0                     0
6     12     0.06          35             0.0315              0                     0
6     12     0.06          35             0.0321              0                     0
6     12     0.06          35             0.0327              0                     0
6     12     0.06          35             0.0333              0                     0
6     12     0.06          35             0.0339              0                     0
6     12     0.06          35             0.0345              0                     0
6     12     0.06          35             0.0351              0                     0
6     12     0.06          35             0.0357              0                     0
6     12     0.06          35             0.0363              0                     0
6     12     0.06          35             0.0369              0                     0
6     12     0.06          35             0.0375              0                     0
6     12     0.06          35             0.0381              0                     0
6     12     0.06          35             0.0387              0                     0
6     12     0.06          35             0.0393              0                     0
6     12     0.06          35             0.0399              0                     0
6     12     0.06          35             0.0405              0                     0
6     12     0.06          35             0.0411              0                     0
6     12     0.06          35             0.0417              0                     0
6     12     0.06          35             0.0423              0                     0
6     12     0.06          35             0.0429              0                     0
6     12     0.06          35             0.0435              0                     0
6     12     0.06          35             0.0441              0                     0
6     12     0.06          35             0.0447              0                     0
6     12     0.06          35             0.0453              0                     0
6     12     0.06          35             0.0459              0                     0
6     12     0.06          35             0.0465              0                     0
6     12     0.06          35             0.0471              0                     0
6     12     0.06          35             0.0477              0                     0
6     12     0.06          35             0.0483              0                     0
6     12     0.06          35             0.0489              0                     0
6     12     0.06          35             0.0495              0                     0
6     12     0.06          35             0.0501              0                     0
6     12     0.06          35             0.0507              0                     0
6     12     0.06          35             0.0513              0                     0
6     12     0.06          35             0.0519              0                     0
6     12     0.06          35             0.0525              0                     0
6     12     0.06          35             0.0531              0                     0
6     12     0.06          35             0.0537              0                     0
6     12     0.06          35             0.0543              0                     0
6     12     0.06          35             0.0549              0                     0
6     12     0.06          35             0.0555              0                     0
6     12     0.06          35             0.0561              0                     0
6     12     0.06          35             0.0567              0                     0
6     12     0.06          35             0.0573              0                     0
6     12     0.06          35             0.0579              0                     0
6     12     0.06          35             0.0585              0                     0
6     12     0.06          35             0.0591              0                     0
*******************************************************************************************************
 Average angle 34.9431 +- 0.105241 deg 
 Average E' 0.05565 +- 0.000167606 GeV 
