*******************************************************************************************************
Z     A     E(GeV)     Theta(deg)     Energy Loss(GeV)     Sigma(nb/sr/GeV)     ERROR     Citation     
*******************************************************************************************************
6     12     0.24          51.2             0.0012              25.9054                     0.906315
6     12     0.24          51.2             0.0036              35.9568                     1.06776
6     12     0.24          51.2             0.006              44.6131                     1.18937
6     12     0.24          51.2             0.0084              56.1231                     1.334
6     12     0.24          51.2             0.0108              62.9086                     1.41234
6     12     0.24          51.2             0.0132              69.155                     1.4808
6     12     0.24          51.2             0.0156              76.3528                     1.55595
6     12     0.24          51.2             0.018              78.6991                     1.57968
6     12     0.24          51.2             0.0204              77.7162                     1.56978
6     12     0.24          51.2             0.0228              80.9187                     1.6018
6     12     0.24          51.2             0.0252              80.126                     1.59394
6     12     0.24          51.2             0.0276              79.1113                     1.58381
6     12     0.24          51.2             0.03              78.0333                     1.57298
6     12     0.24          51.2             0.0324              75.9723                     1.55207
6     12     0.24          51.2             0.0348              73.6893                     1.52857
6     12     0.24          51.2             0.0372              70.5185                     1.49533
6     12     0.24          51.2             0.0396              69.0599                     1.47978
6     12     0.24          51.2             0.042              65.7306                     1.44367
6     12     0.24          51.2             0.0444              63.0354                     1.41376
6     12     0.24          51.2             0.0468              58.9451                     1.36712
6     12     0.24          51.2             0.0492              54.9816                     1.32036
6     12     0.24          51.2             0.0516              51.0181                     1.27188
6     12     0.24          51.2             0.054              48.3863                     1.23864
6     12     0.24          51.2             0.0564              43.4716                     1.17405
6     12     0.24          51.2             0.0588              38.2398                     1.10114
6     12     0.24          51.2             0.0612              36.4007                     1.07433
6     12     0.24          51.2             0.0636              33.6738                     1.03331
6     12     0.24          51.2             0.066              28.6006                     0.952295
6     12     0.24          51.2             0.0684              27.2688                     0.92986
6     12     0.24          51.2             0.0708              24.0663                     0.873553
6     12     0.24          51.2             0.0732              20.4833                     0.805906
6     12     0.24          51.2             0.0756              18.5492                     0.766913
6     12     0.24          51.2             0.078              15.8857                     0.70972
6     12     0.24          51.2             0.0804              14.9662                     0.688873
6     12     0.24          51.2             0.0828              12.2076                     0.622155
6     12     0.24          51.2             0.0852              11.288                     0.598264
6     12     0.24          51.2             0.0876              8.81481                     0.528677
6     12     0.24          51.2             0.09              7.41966                     0.485038
6     12     0.24          51.2             0.0924              6.97575                     0.470305
6     12     0.24          51.2             0.0948              6.11964                     0.440501
6     12     0.24          51.2             0.0972              5.00986                     0.398563
6     12     0.24          51.2             0.0996              4.43911                     0.375174
6     12     0.24          51.2             0.102              4.34399                     0.371132
6     12     0.24          51.2             0.1044              3.70983                     0.342974
6     12     0.24          51.2             0.1068              3.9952                     0.355921
6     12     0.24          51.2             0.1092              3.61471                     0.338548
6     12     0.24          51.2             0.1116              3.13909                     0.31549
6     12     0.24          51.2             0.114              2.91713                     0.304132
6     12     0.24          51.2             0.1164              2.72688                     0.294047
6     12     0.24          51.2             0.1188              2.98055                     0.30742
6     12     0.24          51.2             0.1212              3.23421                     0.320235
6     12     0.24          51.2             0.1236              3.04396                     0.310673
6     12     0.24          51.2             0.126              2.21956                     0.265288
6     12     0.24          51.2             0.1284              1.9976                     0.251674
6     12     0.24          51.2             0.1308              1.39515                     0.210327
6     12     0.24          51.2             0.1332              0.602451                     0.138212
6     12     0.24          51.2             0.1356              0.15854                     0.0709011
6     12     0.24          51.2             0.138              0                     0
6     12     0.24          51.2             0.1404              0                     0
6     12     0.24          51.2             0.1428              0                     0
6     12     0.24          51.2             0.1452              0                     0
6     12     0.24          51.2             0.1476              0                     0
6     12     0.24          51.2             0.15              0                     0
6     12     0.24          51.2             0.1524              0                     0
6     12     0.24          51.2             0.1548              0                     0
6     12     0.24          51.2             0.1572              0                     0
6     12     0.24          51.2             0.1596              0                     0
6     12     0.24          51.2             0.162              0                     0
6     12     0.24          51.2             0.1644              0                     0
6     12     0.24          51.2             0.1668              0                     0
6     12     0.24          51.2             0.1692              0                     0
6     12     0.24          51.2             0.1716              0                     0
6     12     0.24          51.2             0.174              0                     0
6     12     0.24          51.2             0.1764              0                     0
6     12     0.24          51.2             0.1788              0                     0
6     12     0.24          51.2             0.1812              0                     0
6     12     0.24          51.2             0.1836              0                     0
6     12     0.24          51.2             0.186              0                     0
6     12     0.24          51.2             0.1884              0                     0
6     12     0.24          51.2             0.1908              0                     0
6     12     0.24          51.2             0.1932              0                     0
6     12     0.24          51.2             0.1956              0                     0
6     12     0.24          51.2             0.198              0                     0
6     12     0.24          51.2             0.2004              0                     0
6     12     0.24          51.2             0.2028              0                     0
6     12     0.24          51.2             0.2052              0                     0
6     12     0.24          51.2             0.2076              0                     0
6     12     0.24          51.2             0.21              0                     0
6     12     0.24          51.2             0.2124              0                     0
6     12     0.24          51.2             0.2148              0                     0
6     12     0.24          51.2             0.2172              0                     0
6     12     0.24          51.2             0.2196              0                     0
6     12     0.24          51.2             0.222              0                     0
6     12     0.24          51.2             0.2244              0                     0
6     12     0.24          51.2             0.2268              0                     0
6     12     0.24          51.2             0.2292              0                     0
6     12     0.24          51.2             0.2316              0                     0
6     12     0.24          51.2             0.234              0                     0
6     12     0.24          51.2             0.2364              0                     0
*******************************************************************************************************
 Average angle 51.7585 +- 0.212511 deg 
 Average E' 0.201855 +- 0.000828778 GeV 
