*******************************************************************************************************
Z     A     E(GeV)     Theta(deg)     Energy Loss(GeV)     Sigma(nb/sr/GeV)     ERROR     Citation     
*******************************************************************************************************
6     12     0.2          51.2             0.001              51.0108                     1.26581
6     12     0.2          51.2             0.003              63.7007                     1.41452
6     12     0.2          51.2             0.005              83.8663                     1.62305
6     12     0.2          51.2             0.007              96.7446                     1.74322
6     12     0.2          51.2             0.009              106.482                     1.82884
6     12     0.2          51.2             0.011              116.313                     1.91141
6     12     0.2          51.2             0.013              124.009                     1.97362
6     12     0.2          51.2             0.015              130.731                     2.02641
6     12     0.2          51.2             0.017              127.496                     2.00118
6     12     0.2          51.2             0.019              132.615                     2.04096
6     12     0.2          51.2             0.021              129.789                     2.01909
6     12     0.2          51.2             0.023              125.108                     1.98235
6     12     0.2          51.2             0.025              121.433                     1.95302
6     12     0.2          51.2             0.027              119.988                     1.94137
6     12     0.2          51.2             0.029              108.367                     1.84495
6     12     0.2          51.2             0.031              105.414                     1.81965
6     12     0.2          51.2             0.033              98.2837                     1.75703
6     12     0.2          51.2             0.035              95.0484                     1.72787
6     12     0.2          51.2             0.037              88.1381                     1.66387
6     12     0.2          51.2             0.039              81.3848                     1.59886
6     12     0.2          51.2             0.041              74.9457                     1.5343
6     12     0.2          51.2             0.043              73.4379                     1.51879
6     12     0.2          51.2             0.045              66.4962                     1.44523
6     12     0.2          51.2             0.047              62.2244                     1.39804
6     12     0.2          51.2             0.049              57.1044                     1.33928
6     12     0.2          51.2             0.051              52.4557                     1.28361
6     12     0.2          51.2             0.053              47.0845                     1.21612
6     12     0.2          51.2             0.055              43.0325                     1.16262
6     12     0.2          51.2             0.057              40.0799                     1.12202
6     12     0.2          51.2             0.059              35.1799                     1.0512
6     12     0.2          51.2             0.061              30.5625                     0.979789
6     12     0.2          51.2             0.063              23.9035                     0.8665
6     12     0.2          51.2             0.065              17.6842                     0.745298
6     12     0.2          51.2             0.067              12.8783                     0.636016
6     12     0.2          51.2             0.069              8.0097                     0.501587
6     12     0.2          51.2             0.071              4.20902                     0.363604
6     12     0.2          51.2             0.073              2.35579                     0.272024
6     12     0.2          51.2             0.075              0.376927                     0.108809
6     12     0.2          51.2             0.077              0                     0
6     12     0.2          51.2             0.079              0                     0
6     12     0.2          51.2             0.081              0                     0
6     12     0.2          51.2             0.083              0                     0
6     12     0.2          51.2             0.085              0                     0
6     12     0.2          51.2             0.087              0                     0
6     12     0.2          51.2             0.089              0                     0
6     12     0.2          51.2             0.091              0                     0
6     12     0.2          51.2             0.093              0                     0
6     12     0.2          51.2             0.095              0                     0
6     12     0.2          51.2             0.097              0                     0
6     12     0.2          51.2             0.099              0                     0
6     12     0.2          51.2             0.101              0                     0
6     12     0.2          51.2             0.103              0                     0
6     12     0.2          51.2             0.105              0                     0
6     12     0.2          51.2             0.107              0                     0
6     12     0.2          51.2             0.109              0                     0
6     12     0.2          51.2             0.111              0                     0
6     12     0.2          51.2             0.113              0                     0
6     12     0.2          51.2             0.115              0                     0
6     12     0.2          51.2             0.117              0                     0
6     12     0.2          51.2             0.119              0                     0
6     12     0.2          51.2             0.121              0                     0
6     12     0.2          51.2             0.123              0                     0
6     12     0.2          51.2             0.125              0                     0
6     12     0.2          51.2             0.127              0                     0
6     12     0.2          51.2             0.129              0                     0
6     12     0.2          51.2             0.131              0                     0
6     12     0.2          51.2             0.133              0                     0
6     12     0.2          51.2             0.135              0                     0
6     12     0.2          51.2             0.137              0                     0
6     12     0.2          51.2             0.139              0                     0
6     12     0.2          51.2             0.141              0                     0
6     12     0.2          51.2             0.143              0                     0
6     12     0.2          51.2             0.145              0                     0
6     12     0.2          51.2             0.147              0                     0
6     12     0.2          51.2             0.149              0                     0
6     12     0.2          51.2             0.151              0                     0
6     12     0.2          51.2             0.153              0                     0
6     12     0.2          51.2             0.155              0                     0
6     12     0.2          51.2             0.157              0                     0
6     12     0.2          51.2             0.159              0                     0
6     12     0.2          51.2             0.161              0                     0
6     12     0.2          51.2             0.163              0                     0
6     12     0.2          51.2             0.165              0                     0
6     12     0.2          51.2             0.167              0                     0
6     12     0.2          51.2             0.169              0                     0
6     12     0.2          51.2             0.171              0                     0
6     12     0.2          51.2             0.173              0                     0
6     12     0.2          51.2             0.175              0                     0
6     12     0.2          51.2             0.177              0                     0
6     12     0.2          51.2             0.179              0                     0
6     12     0.2          51.2             0.181              0                     0
6     12     0.2          51.2             0.183              0                     0
6     12     0.2          51.2             0.185              0                     0
6     12     0.2          51.2             0.187              0                     0
6     12     0.2          51.2             0.189              0                     0
6     12     0.2          51.2             0.191              0                     0
6     12     0.2          51.2             0.193              0                     0
6     12     0.2          51.2             0.195              0                     0
6     12     0.2          51.2             0.197              0                     0
*******************************************************************************************************
 Average angle 51.765 +- 0.174695 deg 
 Average E' 0.172299 +- 0.00058147 GeV 
