*******************************************************************************************************
Z     A     E(GeV)     Theta(deg)     Energy Loss(GeV)     Sigma(nb/sr/GeV)     ERROR     Citation     
*******************************************************************************************************
6     12     0.32          165             0.0016              0                     0
6     12     0.32          165             0.0048              0                     0
6     12     0.32          165             0.008              0                     0
6     12     0.32          165             0.0112              0                     0
6     12     0.32          165             0.0144              0                     0
6     12     0.32          165             0.0176              0                     0
6     12     0.32          165             0.0208              0                     0
6     12     0.32          165             0.024              0                     0
6     12     0.32          165             0.0272              0                     0
6     12     0.32          165             0.0304              0                     0
6     12     0.32          165             0.0336              0                     0
6     12     0.32          165             0.0368              0                     0
6     12     0.32          165             0.04              0.0903226                     0.0903226
6     12     0.32          165             0.0432              0                     0
6     12     0.32          165             0.0464              0.0903226                     0.0903226
6     12     0.32          165             0.0496              0                     0
6     12     0.32          165             0.0528              0                     0
6     12     0.32          165             0.056              0                     0
6     12     0.32          165             0.0592              0.0903226                     0.0903226
6     12     0.32          165             0.0624              0                     0
6     12     0.32          165             0.0656              0.0903226                     0.0903226
6     12     0.32          165             0.0688              0.36129                     0.180645
6     12     0.32          165             0.072              0.0903226                     0.0903226
6     12     0.32          165             0.0752              0.0903226                     0.0903226
6     12     0.32          165             0.0784              0.0903226                     0.0903226
6     12     0.32          165             0.0816              0.270968                     0.156443
6     12     0.32          165             0.0848              0.36129                     0.180645
6     12     0.32          165             0.088              0.451613                     0.201967
6     12     0.32          165             0.0912              0.541935                     0.221244
6     12     0.32          165             0.0944              0.270968                     0.156443
6     12     0.32          165             0.0976              0.36129                     0.180645
6     12     0.32          165             0.1008              0.541935                     0.221244
6     12     0.32          165             0.104              0.451613                     0.201967
6     12     0.32          165             0.1072              0.541935                     0.221244
6     12     0.32          165             0.1104              0.36129                     0.180645
6     12     0.32          165             0.1136              0.36129                     0.180645
6     12     0.32          165             0.1168              1.08387                     0.312886
6     12     0.32          165             0.12              0.72258                     0.255471
6     12     0.32          165             0.1232              0.180645                     0.127735
6     12     0.32          165             0.1264              1.17419                     0.325663
6     12     0.32          165             0.1296              0.632258                     0.238971
6     12     0.32          165             0.1328              0.632258                     0.238971
6     12     0.32          165             0.136              0.812903                     0.270968
6     12     0.32          165             0.1392              0.451613                     0.201967
6     12     0.32          165             0.1424              1.08387                     0.312886
6     12     0.32          165             0.1456              0.903226                     0.285625
6     12     0.32          165             0.1488              0.632258                     0.238971
6     12     0.32          165             0.152              0.632258                     0.238971
6     12     0.32          165             0.1552              0.72258                     0.255471
6     12     0.32          165             0.1584              0.36129                     0.180645
6     12     0.32          165             0.1616              0.270968                     0.156443
6     12     0.32          165             0.1648              0.812903                     0.270968
6     12     0.32          165             0.168              0.541935                     0.221244
6     12     0.32          165             0.1712              0.72258                     0.255471
6     12     0.32          165             0.1744              0.72258                     0.255471
6     12     0.32          165             0.1776              0.180645                     0.127735
6     12     0.32          165             0.1808              0.36129                     0.180645
6     12     0.32          165             0.184              0.270968                     0.156443
6     12     0.32          165             0.1872              0.541935                     0.221244
6     12     0.32          165             0.1904              0.451613                     0.201967
6     12     0.32          165             0.1936              0.180645                     0.127735
6     12     0.32          165             0.1968              0.72258                     0.255471
6     12     0.32          165             0.2              0.451613                     0.201967
6     12     0.32          165             0.2032              0.451613                     0.201967
6     12     0.32          165             0.2064              0.451613                     0.201967
6     12     0.32          165             0.2096              0.270968                     0.156443
6     12     0.32          165             0.2128              0.36129                     0.180645
6     12     0.32          165             0.216              0.36129                     0.180645
6     12     0.32          165             0.2192              0.270968                     0.156443
6     12     0.32          165             0.2224              0.270968                     0.156443
6     12     0.32          165             0.2256              0.451613                     0.201967
6     12     0.32          165             0.2288              0.541935                     0.221244
6     12     0.32          165             0.232              0.180645                     0.127735
6     12     0.32          165             0.2352              0.270968                     0.156443
6     12     0.32          165             0.2384              0.451613                     0.201967
6     12     0.32          165             0.2416              0.36129                     0.180645
6     12     0.32          165             0.2448              0.451613                     0.201967
6     12     0.32          165             0.248              0.632258                     0.238971
6     12     0.32          165             0.2512              0.36129                     0.180645
6     12     0.32          165             0.2544              0.180645                     0.127735
6     12     0.32          165             0.2576              0.180645                     0.127735
6     12     0.32          165             0.2608              0.270968                     0.156443
6     12     0.32          165             0.264              0.180645                     0.127735
6     12     0.32          165             0.2672              0.812903                     0.270968
6     12     0.32          165             0.2704              0.72258                     0.255471
6     12     0.32          165             0.2736              0.632258                     0.238971
6     12     0.32          165             0.2768              0.270968                     0.156443
6     12     0.32          165             0.28              0.270968                     0.156443
6     12     0.32          165             0.2832              0.632258                     0.238971
6     12     0.32          165             0.2864              0.541935                     0.221244
6     12     0.32          165             0.2896              0.632258                     0.238971
6     12     0.32          165             0.2928              0.903226                     0.285625
6     12     0.32          165             0.296              1.26452                     0.337956
6     12     0.32          165             0.2992              1.26452                     0.337956
6     12     0.32          165             0.3024              0.903226                     0.285625
6     12     0.32          165             0.3056              0                     0
6     12     0.32          165             0.3088              0                     0
6     12     0.32          165             0.312              0                     0
6     12     0.32          165             0.3152              0                     0
*******************************************************************************************************
 Average angle 165.481 +- 8.11335 deg 
 Average E' 0.129525 +- 0.00635051 GeV 
