*******************************************************************************************************
Z     A     E(GeV)     Theta(deg)     Energy Loss(GeV)     Sigma(nb/sr/GeV)     ERROR     Citation     
*******************************************************************************************************
6     12     0.12          129.6             0.0006              0.498583                     0.0925845
6     12     0.12          129.6             0.0018              1.08313                     0.136461
6     12     0.12          129.6             0.003              1.23786                     0.145883
6     12     0.12          129.6             0.0042              1.56452                     0.164006
6     12     0.12          129.6             0.0054              1.66767                     0.169327
6     12     0.12          129.6             0.0066              1.8396                     0.177841
6     12     0.12          129.6             0.0078              2.09749                     0.189897
6     12     0.12          129.6             0.009              2.26941                     0.197527
6     12     0.12          129.6             0.0102              2.47572                     0.20631
6     12     0.12          129.6             0.0114              2.54449                     0.209156
6     12     0.12          129.6             0.0126              2.56168                     0.209861
6     12     0.12          129.6             0.0138              2.40695                     0.203424
6     12     0.12          129.6             0.015              2.59607                     0.211265
6     12     0.12          129.6             0.0162              3.19781                     0.234475
6     12     0.12          129.6             0.0174              3.42131                     0.24253
6     12     0.12          129.6             0.0186              2.9915                     0.226785
6     12     0.12          129.6             0.0198              3.00869                     0.227436
6     12     0.12          129.6             0.021              3.19781                     0.234475
6     12     0.12          129.6             0.0222              3.11184                     0.231302
6     12     0.12          129.6             0.0234              2.78519                     0.218825
6     12     0.12          129.6             0.0246              2.83676                     0.220842
6     12     0.12          129.6             0.0258              3.09465                     0.230662
6     12     0.12          129.6             0.027              2.78519                     0.218825
6     12     0.12          129.6             0.0282              2.9743                     0.226132
6     12     0.12          129.6             0.0294              2.76799                     0.218148
6     12     0.12          129.6             0.0306              2.90553                     0.223503
6     12     0.12          129.6             0.0318              2.64765                     0.213353
6     12     0.12          129.6             0.033              2.61326                     0.211963
6     12     0.12          129.6             0.0342              2.73361                     0.216789
6     12     0.12          129.6             0.0354              2.87115                     0.222176
6     12     0.12          129.6             0.0366              2.56168                     0.209861
6     12     0.12          129.6             0.0378              2.45853                     0.205592
6     12     0.12          129.6             0.039              2.35537                     0.201233
6     12     0.12          129.6             0.0402              2.38976                     0.202697
6     12     0.12          129.6             0.0414              2.5273                     0.208448
6     12     0.12          129.6             0.0426              2.14906                     0.192218
6     12     0.12          129.6             0.0438              2.14906                     0.192218
6     12     0.12          129.6             0.045              2.14906                     0.192218
6     12     0.12          129.6             0.0462              1.95995                     0.183566
6     12     0.12          129.6             0.0474              2.08029                     0.189118
6     12     0.12          129.6             0.0486              1.85679                     0.17867
6     12     0.12          129.6             0.0498              1.68487                     0.170197
6     12     0.12          129.6             0.051              1.8396                     0.177841
6     12     0.12          129.6             0.0522              2.01152                     0.185965
6     12     0.12          129.6             0.0534              1.28944                     0.148891
6     12     0.12          129.6             0.0546              1.53013                     0.162194
6     12     0.12          129.6             0.0558              1.28944                     0.148891
6     12     0.12          129.6             0.057              1.30663                     0.149881
6     12     0.12          129.6             0.0582              1.46136                     0.158507
6     12     0.12          129.6             0.0594              1.22067                     0.144867
6     12     0.12          129.6             0.0606              0.945588                     0.127503
6     12     0.12          129.6             0.0618              0.876818                     0.122779
6     12     0.12          129.6             0.063              0.89401                     0.123977
6     12     0.12          129.6             0.0642              0.911203                     0.125163
6     12     0.12          129.6             0.0654              0.790855                     0.116605
6     12     0.12          129.6             0.0666              0.653315                     0.105982
6     12     0.12          129.6             0.0678              0.808048                     0.117866
6     12     0.12          129.6             0.069              0.75647                     0.114042
6     12     0.12          129.6             0.0702              0.0171925                     0.0171925
6     12     0.12          129.6             0.0714              0                     0
6     12     0.12          129.6             0.0726              0                     0
6     12     0.12          129.6             0.0738              0                     0
6     12     0.12          129.6             0.075              0                     0
6     12     0.12          129.6             0.0762              0                     0
6     12     0.12          129.6             0.0774              0                     0
6     12     0.12          129.6             0.0786              0                     0
6     12     0.12          129.6             0.0798              0                     0
6     12     0.12          129.6             0.081              0                     0
6     12     0.12          129.6             0.0822              0                     0
6     12     0.12          129.6             0.0834              0                     0
6     12     0.12          129.6             0.0846              0                     0
6     12     0.12          129.6             0.0858              0                     0
6     12     0.12          129.6             0.087              0                     0
6     12     0.12          129.6             0.0882              0                     0
6     12     0.12          129.6             0.0894              0                     0
6     12     0.12          129.6             0.0906              0                     0
6     12     0.12          129.6             0.0918              0                     0
6     12     0.12          129.6             0.093              0                     0
6     12     0.12          129.6             0.0942              0                     0
6     12     0.12          129.6             0.0954              0                     0
6     12     0.12          129.6             0.0966              0                     0
6     12     0.12          129.6             0.0978              0                     0
6     12     0.12          129.6             0.099              0                     0
6     12     0.12          129.6             0.1002              0                     0
6     12     0.12          129.6             0.1014              0                     0
6     12     0.12          129.6             0.1026              0                     0
6     12     0.12          129.6             0.1038              0                     0
6     12     0.12          129.6             0.105              0                     0
6     12     0.12          129.6             0.1062              0                     0
6     12     0.12          129.6             0.1074              0                     0
6     12     0.12          129.6             0.1086              0                     0
6     12     0.12          129.6             0.1098              0                     0
6     12     0.12          129.6             0.111              0                     0
6     12     0.12          129.6             0.1122              0                     0
6     12     0.12          129.6             0.1134              0                     0
6     12     0.12          129.6             0.1146              0                     0
6     12     0.12          129.6             0.1158              0                     0
6     12     0.12          129.6             0.117              0                     0
6     12     0.12          129.6             0.1182              0                     0
*******************************************************************************************************
 Average angle 130.996 +- 1.56986 deg 
 Average E' 0.0889901 +- 0.00106646 GeV 
