*******************************************************************************************************
Z     A     E(GeV)     Theta(deg)     Energy Loss(GeV)     Sigma(nb/sr/GeV)     ERROR     Citation     
*******************************************************************************************************
6     12     0.56          37.44             0.0028              0.642012                     0.136877
6     12     0.56          37.44             0.0084              4.08553                     0.34529
6     12     0.56          37.44             0.014              8.52125                     0.498668
6     12     0.56          37.44             0.0196              12.2274                     0.597348
6     12     0.56          37.44             0.0252              15.4375                     0.671194
6     12     0.56          37.44             0.0308              19.8148                     0.760423
6     12     0.56          37.44             0.0364              24.9801                     0.853802
6     12     0.56          37.44             0.042              29.7368                     0.931553
6     12     0.56          37.44             0.0476              33.9391                     0.9952
6     12     0.56          37.44             0.0532              34.406                     1.00202
6     12     0.56          37.44             0.0588              38.3456                     1.05784
6     12     0.56          37.44             0.0644              40.3592                     1.08525
6     12     0.56          37.44             0.07              39.8047                     1.07777
6     12     0.56          37.44             0.0756              39.2211                     1.06984
6     12     0.56          37.44             0.0812              37.8787                     1.05138
6     12     0.56          37.44             0.0868              36.4196                     1.03093
6     12     0.56          37.44             0.0924              34.727                     1.00669
6     12     0.56          37.44             0.098              32.5383                     0.974446
6     12     0.56          37.44             0.1036              31.8088                     0.96346
6     12     0.56          37.44             0.1092              27.5481                     0.896616
6     12     0.56          37.44             0.1148              23.2583                     0.823853
6     12     0.56          37.44             0.1204              23.1124                     0.821264
6     12     0.56          37.44             0.126              19.0853                     0.746293
6     12     0.56          37.44             0.1316              17.1592                     0.707635
6     12     0.56          37.44             0.1372              14.8246                     0.657737
6     12     0.56          37.44             0.1428              14.6787                     0.654492
6     12     0.56          37.44             0.1484              11.4687                     0.578518
6     12     0.56          37.44             0.154              10.6807                     0.558291
6     12     0.56          37.44             0.1596              8.84226                     0.507974
6     12     0.56          37.44             0.1652              7.47068                     0.466918
6     12     0.56          37.44             0.1708              6.1283                     0.422893
6     12     0.56          37.44             0.1764              6.09911                     0.421885
6     12     0.56          37.44             0.182              5.71974                     0.408553
6     12     0.56          37.44             0.1876              5.16528                     0.388246
6     12     0.56          37.44             0.1932              5.69056                     0.407509
6     12     0.56          37.44             0.1988              4.02717                     0.342815
6     12     0.56          37.44             0.2044              4.26062                     0.352612
6     12     0.56          37.44             0.21              5.34037                     0.394772
6     12     0.56          37.44             0.2156              4.31899                     0.355019
6     12     0.56          37.44             0.2212              4.81509                     0.374854
6     12     0.56          37.44             0.2268              5.10691                     0.386046
6     12     0.56          37.44             0.2324              5.19446                     0.389341
6     12     0.56          37.44             0.238              5.04855                     0.383834
6     12     0.56          37.44             0.2436              4.93182                     0.379371
6     12     0.56          37.44             0.2492              5.25283                     0.391522
6     12     0.56          37.44             0.2548              4.84427                     0.375988
6     12     0.56          37.44             0.2604              4.61081                     0.366817
6     12     0.56          37.44             0.266              4.78591                     0.373717
6     12     0.56          37.44             0.2716              5.19446                     0.389341
6     12     0.56          37.44             0.2772              4.52327                     0.363317
6     12     0.56          37.44             0.2828              4.23144                     0.351402
6     12     0.56          37.44             0.2884              5.51547                     0.401191
6     12     0.56          37.44             0.294              5.1361                     0.387148
6     12     0.56          37.44             0.2996              5.89484                     0.414759
6     12     0.56          37.44             0.3052              5.16528                     0.388246
6     12     0.56          37.44             0.3108              5.71974                     0.408553
6     12     0.56          37.44             0.3164              6.15748                     0.423898
6     12     0.56          37.44             0.322              6.77031                     0.444492
6     12     0.56          37.44             0.3276              6.77031                     0.444492
6     12     0.56          37.44             0.3332              7.23723                     0.459564
6     12     0.56          37.44             0.3388              6.50767                     0.435786
6     12     0.56          37.44             0.3444              6.04075                     0.419861
6     12     0.56          37.44             0.35              6.88704                     0.448308
6     12     0.56          37.44             0.3556              7.4415                     0.466005
6     12     0.56          37.44             0.3612              6.6244                     0.439677
6     12     0.56          37.44             0.3668              7.35396                     0.463256
6     12     0.56          37.44             0.3724              6.77031                     0.444492
6     12     0.56          37.44             0.378              7.70414                     0.474157
6     12     0.56          37.44             0.3836              7.64578                     0.472358
6     12     0.56          37.44             0.3892              7.87924                     0.479515
6     12     0.56          37.44             0.3948              7.76251                     0.47595
6     12     0.56          37.44             0.4004              7.32477                     0.462336
6     12     0.56          37.44             0.406              7.96678                     0.482172
6     12     0.56          37.44             0.4116              7.29559                     0.461414
6     12     0.56          37.44             0.4172              6.9454                     0.450204
6     12     0.56          37.44             0.4228              6.9454                     0.450204
6     12     0.56          37.44             0.4284              5.22364                     0.390433
6     12     0.56          37.44             0.434              6.4493                     0.433827
6     12     0.56          37.44             0.4396              5.71974                     0.408553
6     12     0.56          37.44             0.4452              5.04855                     0.383834
6     12     0.56          37.44             0.4508              4.75672                     0.372575
6     12     0.56          37.44             0.4564              4.58163                     0.365654
6     12     0.56          37.44             0.462              5.42792                     0.397994
6     12     0.56          37.44             0.4676              4.58163                     0.365654
6     12     0.56          37.44             0.4732              2.71396                     0.281424
6     12     0.56          37.44             0.4788              1.07975                     0.177509
6     12     0.56          37.44             0.4844              0                     0
6     12     0.56          37.44             0.49              0                     0
6     12     0.56          37.44             0.4956              0                     0
6     12     0.56          37.44             0.5012              0                     0
6     12     0.56          37.44             0.5068              0                     0
6     12     0.56          37.44             0.5124              0                     0
6     12     0.56          37.44             0.518              0                     0
6     12     0.56          37.44             0.5236              0                     0
6     12     0.56          37.44             0.5292              0                     0
6     12     0.56          37.44             0.5348              0                     0
6     12     0.56          37.44             0.5404              0                     0
6     12     0.56          37.44             0.546              0                     0
6     12     0.56          37.44             0.5516              0                     0
*******************************************************************************************************
 Average angle 37.7493 +- 0.202576 deg 
 Average E' 0.40027 +- 0.00214799 GeV 
