*******************************************************************************************************
Z     A     E(GeV)     Theta(deg)     Energy Loss(GeV)     Sigma(nb/sr/GeV)     ERROR     Citation     
*******************************************************************************************************
6     12     0.4          93.2             0.002              0                     0
6     12     0.4          93.2             0.006              0                     0
6     12     0.4          93.2             0.01              0                     0
6     12     0.4          93.2             0.014              0                     0
6     12     0.4          93.2             0.018              0                     0
6     12     0.4          93.2             0.022              0                     0
6     12     0.4          93.2             0.026              0.043358                     0.0306587
6     12     0.4          93.2             0.03              0.021679                     0.021679
6     12     0.4          93.2             0.034              0.021679                     0.021679
6     12     0.4          93.2             0.038              0.108395                     0.0484757
6     12     0.4          93.2             0.042              0.086716                     0.043358
6     12     0.4          93.2             0.046              0.043358                     0.0306587
6     12     0.4          93.2             0.05              0.173432                     0.0613175
6     12     0.4          93.2             0.054              0.173432                     0.0613175
6     12     0.4          93.2             0.058              0.195111                     0.065037
6     12     0.4          93.2             0.062              0.303506                     0.0811154
6     12     0.4          93.2             0.066              0.303506                     0.0811154
6     12     0.4          93.2             0.07              0.476938                     0.101684
6     12     0.4          93.2             0.074              0.43358                     0.0969515
6     12     0.4          93.2             0.078              0.672049                     0.120704
6     12     0.4          93.2             0.082              0.737086                     0.126409
6     12     0.4          93.2             0.086              0.715407                     0.124536
6     12     0.4          93.2             0.09              0.607012                     0.114715
6     12     0.4          93.2             0.094              1.19235                     0.160776
6     12     0.4          93.2             0.098              0.910518                     0.140496
6     12     0.4          93.2             0.102              1.3441                     0.170701
6     12     0.4          93.2             0.106              1.3441                     0.170701
6     12     0.4          93.2             0.11              1.12731                     0.15633
6     12     0.4          93.2             0.114              1.6476                     0.188993
6     12     0.4          93.2             0.118              1.08395                     0.153294
6     12     0.4          93.2             0.122              1.47417                     0.17877
6     12     0.4          93.2             0.126              1.43081                     0.176121
6     12     0.4          93.2             0.13              1.71264                     0.192687
6     12     0.4          93.2             0.134              1.79936                     0.197505
6     12     0.4          93.2             0.138              2.01615                     0.209065
6     12     0.4          93.2             0.142              1.6476                     0.188993
6     12     0.4          93.2             0.146              1.73432                     0.193903
6     12     0.4          93.2             0.15              1.60425                     0.18649
6     12     0.4          93.2             0.154              1.38746                     0.173432
6     12     0.4          93.2             0.158              1.43081                     0.176121
6     12     0.4          93.2             0.162              1.66928                     0.190233
6     12     0.4          93.2             0.166              1.27906                     0.16652
6     12     0.4          93.2             0.17              1.58257                     0.185226
6     12     0.4          93.2             0.174              1.25738                     0.165102
6     12     0.4          93.2             0.178              1.47417                     0.17877
6     12     0.4          93.2             0.182              1.19235                     0.160776
6     12     0.4          93.2             0.186              1.08395                     0.153294
6     12     0.4          93.2             0.19              0.953876                     0.143802
6     12     0.4          93.2             0.194              1.17067                     0.159308
6     12     0.4          93.2             0.198              1.19235                     0.160776
6     12     0.4          93.2             0.202              1.04059                     0.150197
6     12     0.4          93.2             0.206              0.715407                     0.124536
6     12     0.4          93.2             0.21              0.65037                     0.118741
6     12     0.4          93.2             0.214              0.758765                     0.128255
6     12     0.4          93.2             0.218              0.737086                     0.126409
6     12     0.4          93.2             0.222              0.758765                     0.128255
6     12     0.4          93.2             0.226              0.780444                     0.130074
6     12     0.4          93.2             0.23              0.563654                     0.110542
6     12     0.4          93.2             0.234              0.802123                     0.131868
6     12     0.4          93.2             0.238              0.65037                     0.118741
6     12     0.4          93.2             0.242              0.715407                     0.124536
6     12     0.4          93.2             0.246              0.823802                     0.133638
6     12     0.4          93.2             0.25              0.607012                     0.114715
6     12     0.4          93.2             0.254              0.737086                     0.126409
6     12     0.4          93.2             0.258              0.910518                     0.140496
6     12     0.4          93.2             0.262              0.672049                     0.120704
6     12     0.4          93.2             0.266              0.693728                     0.122635
6     12     0.4          93.2             0.27              0.43358                     0.0969515
6     12     0.4          93.2             0.274              0.628691                     0.116745
6     12     0.4          93.2             0.278              0.975555                     0.145427
6     12     0.4          93.2             0.282              0.607012                     0.114715
6     12     0.4          93.2             0.286              0.672049                     0.120704
6     12     0.4          93.2             0.29              0.932197                     0.142159
6     12     0.4          93.2             0.294              0.975555                     0.145427
6     12     0.4          93.2             0.298              0.758765                     0.128255
6     12     0.4          93.2             0.302              0.715407                     0.124536
6     12     0.4          93.2             0.306              0.932197                     0.142159
6     12     0.4          93.2             0.31              0.715407                     0.124536
6     12     0.4          93.2             0.314              1.06227                     0.151753
6     12     0.4          93.2             0.318              0.997234                     0.147034
6     12     0.4          93.2             0.322              1.10563                     0.154819
6     12     0.4          93.2             0.326              0.953876                     0.143802
6     12     0.4          93.2             0.33              0.997234                     0.147034
6     12     0.4          93.2             0.334              1.12731                     0.15633
6     12     0.4          93.2             0.338              1.27906                     0.16652
6     12     0.4          93.2             0.342              1.51753                     0.18138
6     12     0.4          93.2             0.346              1.56089                     0.183952
6     12     0.4          93.2             0.35              1.84272                     0.199871
6     12     0.4          93.2             0.354              1.77768                     0.196312
6     12     0.4          93.2             0.358              2.03783                     0.210186
6     12     0.4          93.2             0.362              2.2763                     0.222144
6     12     0.4          93.2             0.366              2.14622                     0.215703
6     12     0.4          93.2             0.37              3.05674                     0.257424
6     12     0.4          93.2             0.374              2.2763                     0.222144
6     12     0.4          93.2             0.378              0.43358                     0.0969515
6     12     0.4          93.2             0.382              0                     0
6     12     0.4          93.2             0.386              0                     0
6     12     0.4          93.2             0.39              0                     0
6     12     0.4          93.2             0.394              0                     0
*******************************************************************************************************
 Average angle 93.658 +- 1.45141 deg 
 Average E' 0.172789 +- 0.00267769 GeV 
