*******************************************************************************************************
Z     A     E(GeV)     Theta(deg)     Energy Loss(GeV)     Sigma(nb/sr/GeV)     ERROR     Citation     
*******************************************************************************************************
6     12     0.16          164             0.0008              0.147203                     0.104088
6     12     0.16          164             0.0024              0.0736013                     0.0736013
6     12     0.16          164             0.004              0                     0
6     12     0.16          164             0.0056              0.220804                     0.127481
6     12     0.16          164             0.0072              0.0736013                     0.0736013
6     12     0.16          164             0.0088              0.441608                     0.180286
6     12     0.16          164             0.0104              0.515209                     0.194731
6     12     0.16          164             0.012              0.294405                     0.147203
6     12     0.16          164             0.0136              0.515209                     0.194731
6     12     0.16          164             0.0152              0.736013                     0.232748
6     12     0.16          164             0.0168              0.58881                     0.208176
6     12     0.16          164             0.0184              1.32482                     0.312264
6     12     0.16          164             0.02              0.736013                     0.232748
6     12     0.16          164             0.0216              0.956816                     0.265373
6     12     0.16          164             0.0232              0.515209                     0.194731
6     12     0.16          164             0.0248              1.25122                     0.303466
6     12     0.16          164             0.0264              0.956816                     0.265373
6     12     0.16          164             0.028              1.17762                     0.294405
6     12     0.16          164             0.0296              0.58881                     0.208176
6     12     0.16          164             0.0312              1.17762                     0.294405
6     12     0.16          164             0.0328              1.39842                     0.32082
6     12     0.16          164             0.0344              1.10402                     0.285056
6     12     0.16          164             0.036              1.76643                     0.360571
6     12     0.16          164             0.0376              1.54563                     0.337283
6     12     0.16          164             0.0392              0.956816                     0.265373
6     12     0.16          164             0.0408              1.03042                     0.275391
6     12     0.16          164             0.0424              1.54563                     0.337283
6     12     0.16          164             0.044              1.91363                     0.375294
6     12     0.16          164             0.0456              1.98723                     0.382443
6     12     0.16          164             0.0472              1.32482                     0.312264
6     12     0.16          164             0.0488              1.69283                     0.352979
6     12     0.16          164             0.0504              0.956816                     0.265373
6     12     0.16          164             0.052              1.10402                     0.285056
6     12     0.16          164             0.0536              1.47203                     0.329155
6     12     0.16          164             0.0552              1.25122                     0.303466
6     12     0.16          164             0.0568              1.69283                     0.352979
6     12     0.16          164             0.0584              0.956816                     0.265373
6     12     0.16          164             0.06              1.54563                     0.337283
6     12     0.16          164             0.0616              1.98723                     0.382443
6     12     0.16          164             0.0632              1.17762                     0.294405
6     12     0.16          164             0.0648              1.39842                     0.32082
6     12     0.16          164             0.0664              1.03042                     0.275391
6     12     0.16          164             0.068              1.10402                     0.285056
6     12     0.16          164             0.0696              0.956816                     0.265373
6     12     0.16          164             0.0712              0.809614                     0.244108
6     12     0.16          164             0.0728              0.809614                     0.244108
6     12     0.16          164             0.0744              1.03042                     0.275391
6     12     0.16          164             0.076              0.736013                     0.232748
6     12     0.16          164             0.0776              0.662411                     0.220804
6     12     0.16          164             0.0792              0.736013                     0.232748
6     12     0.16          164             0.0808              0.515209                     0.194731
6     12     0.16          164             0.0824              0.368006                     0.164577
6     12     0.16          164             0.084              0.736013                     0.232748
6     12     0.16          164             0.0856              0.809614                     0.244108
6     12     0.16          164             0.0872              0.58881                     0.208176
6     12     0.16          164             0.0888              0.58881                     0.208176
6     12     0.16          164             0.0904              0.736013                     0.232748
6     12     0.16          164             0.092              0.58881                     0.208176
6     12     0.16          164             0.0936              0.368006                     0.164577
6     12     0.16          164             0.0952              0.220804                     0.127481
6     12     0.16          164             0.0968              0.368006                     0.164577
6     12     0.16          164             0.0984              0.147203                     0.104088
6     12     0.16          164             0.1              0.220804                     0.127481
6     12     0.16          164             0.1016              0.147203                     0.104088
6     12     0.16          164             0.1032              0.147203                     0.104088
6     12     0.16          164             0.1048              0.441608                     0.180286
6     12     0.16          164             0.1064              0.220804                     0.127481
6     12     0.16          164             0.108              0.368006                     0.164577
6     12     0.16          164             0.1096              0.147203                     0.104088
6     12     0.16          164             0.1112              0.441608                     0.180286
6     12     0.16          164             0.1128              0.147203                     0.104088
6     12     0.16          164             0.1144              0.220804                     0.127481
6     12     0.16          164             0.116              0.220804                     0.127481
6     12     0.16          164             0.1176              0.294405                     0.147203
6     12     0.16          164             0.1192              0.294405                     0.147203
6     12     0.16          164             0.1208              0.147203                     0.104088
6     12     0.16          164             0.1224              0.368006                     0.164577
6     12     0.16          164             0.124              0.147203                     0.104088
6     12     0.16          164             0.1256              0.147203                     0.104088
6     12     0.16          164             0.1272              0.294405                     0.147203
6     12     0.16          164             0.1288              0                     0
6     12     0.16          164             0.1304              0                     0
6     12     0.16          164             0.132              0                     0
6     12     0.16          164             0.1336              0                     0
6     12     0.16          164             0.1352              0                     0
6     12     0.16          164             0.1368              0                     0
6     12     0.16          164             0.1384              0                     0
6     12     0.16          164             0.14              0                     0
6     12     0.16          164             0.1416              0                     0
6     12     0.16          164             0.1432              0                     0
6     12     0.16          164             0.1448              0                     0
6     12     0.16          164             0.1464              0                     0
6     12     0.16          164             0.148              0                     0
6     12     0.16          164             0.1496              0                     0
6     12     0.16          164             0.1512              0                     0
6     12     0.16          164             0.1528              0                     0
6     12     0.16          164             0.1544              0                     0
6     12     0.16          164             0.156              0                     0
6     12     0.16          164             0.1576              0                     0
*******************************************************************************************************
 Average angle 165.201 +- 5.76556 deg 
 Average E' 0.105078 +- 0.00366724 GeV 
