*******************************************************************************************************
Z     A     E(GeV)     Theta(deg)     Energy Loss(GeV)     Sigma(nb/sr/GeV)     ERROR     Citation     
*******************************************************************************************************
6     12     0.12          141.6             0.0006              0.682456                     0.120642
6     12     0.12          141.6             0.0018              0.874396                     0.136558
6     12     0.12          141.6             0.003              0.810416                     0.131467
6     12     0.12          141.6             0.0042              1.00236                     0.146209
6     12     0.12          141.6             0.0054              1.2796                     0.165196
6     12     0.12          141.6             0.0066              1.30093                     0.166567
6     12     0.12          141.6             0.0078              1.21562                     0.161013
6     12     0.12          141.6             0.009              1.57818                     0.18346
6     12     0.12          141.6             0.0102              1.66349                     0.188353
6     12     0.12          141.6             0.0114              2.19665                     0.216443
6     12     0.12          141.6             0.0126              2.00471                     0.20677
6     12     0.12          141.6             0.0138              1.77012                     0.194296
6     12     0.12          141.6             0.015              1.87675                     0.200063
6     12     0.12          141.6             0.0162              2.02604                     0.207867
6     12     0.12          141.6             0.0174              2.13267                     0.213267
6     12     0.12          141.6             0.0186              2.00471                     0.20677
6     12     0.12          141.6             0.0198              2.43125                     0.227707
6     12     0.12          141.6             0.021              2.66584                     0.23844
6     12     0.12          141.6             0.0222              2.23931                     0.218534
6     12     0.12          141.6             0.0234              1.79145                     0.195463
6     12     0.12          141.6             0.0246              2.17533                     0.215389
6     12     0.12          141.6             0.0258              2.53788                     0.232647
6     12     0.12          141.6             0.027              2.02604                     0.207867
6     12     0.12          141.6             0.0282              2.62319                     0.236525
6     12     0.12          141.6             0.0294              2.00471                     0.20677
6     12     0.12          141.6             0.0306              2.17533                     0.215389
6     12     0.12          141.6             0.0318              2.30329                     0.221634
6     12     0.12          141.6             0.033              2.09002                     0.211124
6     12     0.12          141.6             0.0342              2.11135                     0.212198
6     12     0.12          141.6             0.0354              2.02604                     0.207867
6     12     0.12          141.6             0.0366              2.02604                     0.207867
6     12     0.12          141.6             0.0378              1.8341                     0.197776
6     12     0.12          141.6             0.039              2.55921                     0.233623
6     12     0.12          141.6             0.0402              1.94073                     0.203444
6     12     0.12          141.6             0.0414              1.8341                     0.197776
6     12     0.12          141.6             0.0426              2.23931                     0.218534
6     12     0.12          141.6             0.0438              1.49287                     0.178432
6     12     0.12          141.6             0.045              1.81277                     0.196623
6     12     0.12          141.6             0.0462              1.66349                     0.188353
6     12     0.12          141.6             0.0474              1.66349                     0.188353
6     12     0.12          141.6             0.0486              1.38624                     0.171942
6     12     0.12          141.6             0.0498              1.47154                     0.177153
6     12     0.12          141.6             0.051              1.25828                     0.163814
6     12     0.12          141.6             0.0522              1.47154                     0.177153
6     12     0.12          141.6             0.0534              1.04501                     0.149287
6     12     0.12          141.6             0.0546              1.08766                     0.152303
6     12     0.12          141.6             0.0558              1.2796                     0.165196
6     12     0.12          141.6             0.057              1.10899                     0.153789
6     12     0.12          141.6             0.0582              1.10899                     0.153789
6     12     0.12          141.6             0.0594              0.853069                     0.134882
6     12     0.12          141.6             0.0606              1.02368                     0.147756
6     12     0.12          141.6             0.0618              0.874396                     0.136558
6     12     0.12          141.6             0.063              0.682456                     0.120642
6     12     0.12          141.6             0.0642              0.618475                     0.114848
6     12     0.12          141.6             0.0654              0.597149                     0.11285
6     12     0.12          141.6             0.0666              0.490515                     0.102279
6     12     0.12          141.6             0.0678              0.831743                     0.133185
6     12     0.12          141.6             0.069              0.490515                     0.102279
6     12     0.12          141.6             0.0702              0.511842                     0.104479
6     12     0.12          141.6             0.0714              0.447861                     0.0977314
6     12     0.12          141.6             0.0726              0.597149                     0.11285
6     12     0.12          141.6             0.0738              0.277248                     0.0768946
6     12     0.12          141.6             0.075              0                     0
6     12     0.12          141.6             0.0762              0                     0
6     12     0.12          141.6             0.0774              0                     0
6     12     0.12          141.6             0.0786              0                     0
6     12     0.12          141.6             0.0798              0                     0
6     12     0.12          141.6             0.081              0                     0
6     12     0.12          141.6             0.0822              0                     0
6     12     0.12          141.6             0.0834              0                     0
6     12     0.12          141.6             0.0846              0                     0
6     12     0.12          141.6             0.0858              0                     0
6     12     0.12          141.6             0.087              0                     0
6     12     0.12          141.6             0.0882              0                     0
6     12     0.12          141.6             0.0894              0                     0
6     12     0.12          141.6             0.0906              0                     0
6     12     0.12          141.6             0.0918              0                     0
6     12     0.12          141.6             0.093              0                     0
6     12     0.12          141.6             0.0942              0                     0
6     12     0.12          141.6             0.0954              0                     0
6     12     0.12          141.6             0.0966              0                     0
6     12     0.12          141.6             0.0978              0                     0
6     12     0.12          141.6             0.099              0                     0
6     12     0.12          141.6             0.1002              0                     0
6     12     0.12          141.6             0.1014              0                     0
6     12     0.12          141.6             0.1026              0                     0
6     12     0.12          141.6             0.1038              0                     0
6     12     0.12          141.6             0.105              0                     0
6     12     0.12          141.6             0.1062              0                     0
6     12     0.12          141.6             0.1074              0                     0
6     12     0.12          141.6             0.1086              0                     0
6     12     0.12          141.6             0.1098              0                     0
6     12     0.12          141.6             0.111              0                     0
6     12     0.12          141.6             0.1122              0                     0
6     12     0.12          141.6             0.1134              0                     0
6     12     0.12          141.6             0.1146              0                     0
6     12     0.12          141.6             0.1158              0                     0
6     12     0.12          141.6             0.117              0                     0
6     12     0.12          141.6             0.1182              0                     0
*******************************************************************************************************
 Average angle 142.998 +- 2.15162 deg 
 Average E' 0.0874701 +- 0.00131612 GeV 
