*******************************************************************************************************
Z     A     E(GeV)     Theta(deg)     Energy Loss(GeV)     Sigma(nb/sr/GeV)     ERROR     Citation     
*******************************************************************************************************
6     12     3.595          64.4             0.017975              0                     0
6     12     3.595          64.4             0.053925              0                     0
6     12     3.595          64.4             0.089875              0                     0
6     12     3.595          64.4             0.125825              0                     0
6     12     3.595          64.4             0.161775              0                     0
6     12     3.595          64.4             0.197725              0                     0
6     12     3.595          64.4             0.233675              0                     0
6     12     3.595          64.4             0.269625              0                     0
6     12     3.595          64.4             0.305575              0                     0
6     12     3.595          64.4             0.341525              0                     0
6     12     3.595          64.4             0.377475              0                     0
6     12     3.595          64.4             0.413425              0                     0
6     12     3.595          64.4             0.449375              0                     0
6     12     3.595          64.4             0.485325              0                     0
6     12     3.595          64.4             0.521275              0                     0
6     12     3.595          64.4             0.557225              0                     0
6     12     3.595          64.4             0.593175              0                     0
6     12     3.595          64.4             0.629125              0                     0
6     12     3.595          64.4             0.665075              0                     0
6     12     3.595          64.4             0.701025              0                     0
6     12     3.595          64.4             0.736975              0                     0
6     12     3.595          64.4             0.772925              0                     0
6     12     3.595          64.4             0.808875              0                     0
6     12     3.595          64.4             0.844825              0                     0
6     12     3.595          64.4             0.880775              0                     0
6     12     3.595          64.4             0.916725              0                     0
6     12     3.595          64.4             0.952675              0                     0
6     12     3.595          64.4             0.988625              0                     0
6     12     3.595          64.4             1.02458              0                     0
6     12     3.595          64.4             1.06053              0                     0
6     12     3.595          64.4             1.09648              0                     0
6     12     3.595          64.4             1.13243              0                     0
6     12     3.595          64.4             1.16838              0                     0
6     12     3.595          64.4             1.20433              0                     0
6     12     3.595          64.4             1.24028              0                     0
6     12     3.595          64.4             1.27623              0                     0
6     12     3.595          64.4             1.31218              0                     0
6     12     3.595          64.4             1.34813              0                     0
6     12     3.595          64.4             1.38408              0                     0
6     12     3.595          64.4             1.42003              0                     0
6     12     3.595          64.4             1.45598              0                     0
6     12     3.595          64.4             1.49193              0                     0
6     12     3.595          64.4             1.52788              0                     0
6     12     3.595          64.4             1.56383              0                     0
6     12     3.595          64.4             1.59978              0                     0
6     12     3.595          64.4             1.63573              0                     0
6     12     3.595          64.4             1.67168              0                     0
6     12     3.595          64.4             1.70763              0                     0
6     12     3.595          64.4             1.74358              0                     0
6     12     3.595          64.4             1.77953              0                     0
6     12     3.595          64.4             1.81548              0                     0
6     12     3.595          64.4             1.85143              0                     0
6     12     3.595          64.4             1.88738              0                     0
6     12     3.595          64.4             1.92333              0                     0
6     12     3.595          64.4             1.95928              0                     0
6     12     3.595          64.4             1.99523              0                     0
6     12     3.595          64.4             2.03118              0                     0
6     12     3.595          64.4             2.06712              0                     0
6     12     3.595          64.4             2.10308              0                     0
6     12     3.595          64.4             2.13903              0                     0
6     12     3.595          64.4             2.17497              0                     0
6     12     3.595          64.4             2.21093              0                     0
6     12     3.595          64.4             2.24688              0                     0
6     12     3.595          64.4             2.28282              0                     0
6     12     3.595          64.4             2.31878              0                     0
6     12     3.595          64.4             2.35473              0                     0
6     12     3.595          64.4             2.39067              0                     0
6     12     3.595          64.4             2.42663              0                     0
6     12     3.595          64.4             2.46258              0                     0
6     12     3.595          64.4             2.49852              0                     0
6     12     3.595          64.4             2.53448              0                     0
6     12     3.595          64.4             2.57043              0                     0
6     12     3.595          64.4             2.60637              0.00596464                     0.00596464
6     12     3.595          64.4             2.64233              0.00596464                     0.00596464
6     12     3.595          64.4             2.67828              0.00596464                     0.00596464
6     12     3.595          64.4             2.71422              0.00596464                     0.00596464
6     12     3.595          64.4             2.75018              0.00596464                     0.00596464
6     12     3.595          64.4             2.78613              0.00596464                     0.00596464
6     12     3.595          64.4             2.82207              0                     0
6     12     3.595          64.4             2.85803              0                     0
6     12     3.595          64.4             2.89398              0.0119293                     0.00843527
6     12     3.595          64.4             2.92992              0.0119293                     0.00843527
6     12     3.595          64.4             2.96588              0                     0
6     12     3.595          64.4             3.00183              0.00596464                     0.00596464
6     12     3.595          64.4             3.03777              0.0178939                     0.0103311
6     12     3.595          64.4             3.07373              0.0119293                     0.00843527
6     12     3.595          64.4             3.10968              0.00596464                     0.00596464
6     12     3.595          64.4             3.14562              0.00596464                     0.00596464
6     12     3.595          64.4             3.18158              0.00596464                     0.00596464
6     12     3.595          64.4             3.21753              0.0298232                     0.0133373
6     12     3.595          64.4             3.25347              0.0178939                     0.0103311
6     12     3.595          64.4             3.28943              0.0477171                     0.0168705
6     12     3.595          64.4             3.32538              0.0238585                     0.0119293
6     12     3.595          64.4             3.36132              0.0357878                     0.0146103
6     12     3.595          64.4             3.39728              0.0357878                     0.0146103
6     12     3.595          64.4             3.43323              0.0417525                     0.0157809
6     12     3.595          64.4             3.46917              0.0596464                     0.0188618
6     12     3.595          64.4             3.50513              0.0477171                     0.0168705
6     12     3.595          64.4             3.54108              0.0417525                     0.0157809
*******************************************************************************************************
 Average angle 64.5846 +- 7.04676 deg 
 Average E' 0.299513 +- 0.0326795 GeV 
