*******************************************************************************************************
Z     A     E(GeV)     Theta(deg)     Energy Loss(GeV)     Sigma(nb/sr/GeV)     ERROR     Citation     
*******************************************************************************************************
6     12     0.62          24.9             0.0031              41.9148                     1.3458
6     12     0.62          24.9             0.0093              92.9471                     2.00408
6     12     0.62          24.9             0.0155              136.677                     2.43022
6     12     0.62          24.9             0.0217              163.9                     2.66126
6     12     0.62          24.9             0.0279              188.055                     2.85062
6     12     0.62          24.9             0.0341              205.383                     2.97906
6     12     0.62          24.9             0.0403              216.315                     3.05732
6     12     0.62          24.9             0.0465              213.938                     3.04048
6     12     0.62          24.9             0.0527              208.148                     2.99905
6     12     0.62          24.9             0.0589              196.87                     2.91667
6     12     0.62          24.9             0.0651              178.203                     2.77495
6     12     0.62          24.9             0.0713              153.183                     2.57279
6     12     0.62          24.9             0.0775              139.874                     2.45848
6     12     0.62          24.9             0.0837              119.911                     2.27629
6     12     0.62          24.9             0.0899              99.5152                     2.07368
6     12     0.62          24.9             0.0961              83.1814                     1.89588
6     12     0.62          24.9             0.1023              66.3291                     1.69297
6     12     0.62          24.9             0.1085              56.2177                     1.5586
6     12     0.62          24.9             0.1147              47.3162                     1.42989
6     12     0.62          24.9             0.1209              38.3283                     1.28694
6     12     0.62          24.9             0.1271              31.0688                     1.15867
6     12     0.62          24.9             0.1333              24.8896                     1.03707
6     12     0.62          24.9             0.1395              21.1302                     0.955543
6     12     0.62          24.9             0.1457              17.5005                     0.869607
6     12     0.62          24.9             0.1519              15.2967                     0.813013
6     12     0.62          24.9             0.1581              13.3522                     0.759582
6     12     0.62          24.9             0.1643              11.5374                     0.706076
6     12     0.62          24.9             0.1705              11.5806                     0.707397
6     12     0.62          24.9             0.1767              10.3275                     0.668028
6     12     0.62          24.9             0.1829              10.6299                     0.67774
6     12     0.62          24.9             0.1891              10.5003                     0.673595
6     12     0.62          24.9             0.1953              11.1917                     0.695417
6     12     0.62          24.9             0.2015              11.3645                     0.700767
6     12     0.62          24.9             0.2077              13.093                     0.752172
6     12     0.62          24.9             0.2139              13.2226                     0.755886
6     12     0.62          24.9             0.2201              13.093                     0.752172
6     12     0.62          24.9             0.2263              13.1362                     0.753412
6     12     0.62          24.9             0.2325              14.0436                     0.779
6     12     0.62          24.9             0.2387              13.5683                     0.765703
6     12     0.62          24.9             0.2449              15.0375                     0.806093
6     12     0.62          24.9             0.2511              13.309                     0.758352
6     12     0.62          24.9             0.2573              14.5189                     0.792073
6     12     0.62          24.9             0.2635              12.7905                     0.743432
6     12     0.62          24.9             0.2697              13.1794                     0.75465
6     12     0.62          24.9             0.2759              14.0004                     0.7778
6     12     0.62          24.9             0.2821              14.5189                     0.792073
6     12     0.62          24.9             0.2883              14.0004                     0.7778
6     12     0.62          24.9             0.2945              13.8276                     0.772984
6     12     0.62          24.9             0.3007              15.1671                     0.80956
6     12     0.62          24.9             0.3069              15.4696                     0.817593
6     12     0.62          24.9             0.3131              14.6486                     0.795601
6     12     0.62          24.9             0.3193              15.1239                     0.808406
6     12     0.62          24.9             0.3255              17.4573                     0.868533
6     12     0.62          24.9             0.3317              17.6301                     0.872822
6     12     0.62          24.9             0.3379              17.4141                     0.867457
6     12     0.62          24.9             0.3441              18.3647                     0.89082
6     12     0.62          24.9             0.3503              17.9326                     0.880278
6     12     0.62          24.9             0.3565              19.1857                     0.910515
6     12     0.62          24.9             0.3627              18.4079                     0.891868
6     12     0.62          24.9             0.3689              18.5376                     0.895003
6     12     0.62          24.9             0.3751              18.019                     0.882396
6     12     0.62          24.9             0.3813              17.5869                     0.871752
6     12     0.62          24.9             0.3875              17.9758                     0.881338
6     12     0.62          24.9             0.3937              14.3893                     0.788529
6     12     0.62          24.9             0.3999              14.2165                     0.783779
6     12     0.62          24.9             0.4061              16.5067                     0.844554
6     12     0.62          24.9             0.4123              14.0436                     0.779
6     12     0.62          24.9             0.4185              14.2597                     0.784969
6     12     0.62          24.9             0.4247              13.9572                     0.776599
6     12     0.62          24.9             0.4309              13.2658                     0.75712
6     12     0.62          24.9             0.4371              9.98177                     0.656752
6     12     0.62          24.9             0.4433              7.64837                     0.574887
6     12     0.62          24.9             0.4495              6.95699                     0.548288
6     12     0.62          24.9             0.4557              4.19148                     0.42558
6     12     0.62          24.9             0.4619              2.63588                     0.33749
6     12     0.62          24.9             0.4681              0.561745                     0.1558
6     12     0.62          24.9             0.4743              0                     0
6     12     0.62          24.9             0.4805              0                     0
6     12     0.62          24.9             0.4867              0                     0
6     12     0.62          24.9             0.4929              0                     0
6     12     0.62          24.9             0.4991              0                     0
6     12     0.62          24.9             0.5053              0                     0
6     12     0.62          24.9             0.5115              0                     0
6     12     0.62          24.9             0.5177              0                     0
6     12     0.62          24.9             0.5239              0                     0
6     12     0.62          24.9             0.5301              0                     0
6     12     0.62          24.9             0.5363              0                     0
6     12     0.62          24.9             0.5425              0                     0
6     12     0.62          24.9             0.5487              0                     0
6     12     0.62          24.9             0.5549              0                     0
6     12     0.62          24.9             0.5611              0                     0
6     12     0.62          24.9             0.5673              0                     0
6     12     0.62          24.9             0.5735              0                     0
6     12     0.62          24.9             0.5797              0                     0
6     12     0.62          24.9             0.5859              0                     0
6     12     0.62          24.9             0.5921              0                     0
6     12     0.62          24.9             0.5983              0                     0
6     12     0.62          24.9             0.6045              0                     0
6     12     0.62          24.9             0.6107              0                     0
*******************************************************************************************************
 Average angle 25.155 +- 0.0891098 deg 
 Average E' 0.512069 +- 0.00181397 GeV 
