*******************************************************************************************************
Z     A     E(GeV)     Theta(deg)     Energy Loss(GeV)     Sigma(nb/sr/GeV)     ERROR     Citation     
*******************************************************************************************************
6     12     0.24          163.2             0.0012              0                     0
6     12     0.24          163.2             0.0036              0                     0
6     12     0.24          163.2             0.006              0                     0
6     12     0.24          163.2             0.0084              0                     0
6     12     0.24          163.2             0.0108              0                     0
6     12     0.24          163.2             0.0132              0.0854965                     0.0854965
6     12     0.24          163.2             0.0156              0.0854965                     0.0854965
6     12     0.24          163.2             0.018              0                     0
6     12     0.24          163.2             0.0204              0                     0
6     12     0.24          163.2             0.0228              0.170993                     0.12091
6     12     0.24          163.2             0.0252              0.341986                     0.170993
6     12     0.24          163.2             0.0276              0.170993                     0.12091
6     12     0.24          163.2             0.03              0.341986                     0.170993
6     12     0.24          163.2             0.0324              0.683972                     0.241821
6     12     0.24          163.2             0.0348              0.598476                     0.226203
6     12     0.24          163.2             0.0372              0.683972                     0.241821
6     12     0.24          163.2             0.0396              0.341986                     0.170993
6     12     0.24          163.2             0.042              0.512979                     0.209423
6     12     0.24          163.2             0.0444              0.427483                     0.191176
6     12     0.24          163.2             0.0468              0.427483                     0.191176
6     12     0.24          163.2             0.0492              1.02596                     0.296169
6     12     0.24          163.2             0.0516              0.769469                     0.25649
6     12     0.24          163.2             0.054              0.769469                     0.25649
6     12     0.24          163.2             0.0564              0.769469                     0.25649
6     12     0.24          163.2             0.0588              1.11145                     0.308262
6     12     0.24          163.2             0.0612              1.19695                     0.319899
6     12     0.24          163.2             0.0636              0.683972                     0.241821
6     12     0.24          163.2             0.066              1.36794                     0.341986
6     12     0.24          163.2             0.0684              1.11145                     0.308262
6     12     0.24          163.2             0.0708              0.598476                     0.226203
6     12     0.24          163.2             0.0732              1.70993                     0.382352
6     12     0.24          163.2             0.0756              1.28245                     0.331127
6     12     0.24          163.2             0.078              1.28245                     0.331127
6     12     0.24          163.2             0.0804              1.96642                     0.410027
6     12     0.24          163.2             0.0828              1.53894                     0.362731
6     12     0.24          163.2             0.0852              1.45344                     0.352511
6     12     0.24          163.2             0.0876              0.940462                     0.28356
6     12     0.24          163.2             0.09              2.05192                     0.418846
6     12     0.24          163.2             0.0924              1.11145                     0.308262
6     12     0.24          163.2             0.0948              1.36794                     0.341986
6     12     0.24          163.2             0.0972              1.28245                     0.331127
6     12     0.24          163.2             0.0996              1.28245                     0.331127
6     12     0.24          163.2             0.102              0.854965                     0.270364
6     12     0.24          163.2             0.1044              1.36794                     0.341986
6     12     0.24          163.2             0.1068              0.769469                     0.25649
6     12     0.24          163.2             0.1092              1.70993                     0.382352
6     12     0.24          163.2             0.1116              0.769469                     0.25649
6     12     0.24          163.2             0.114              0.683972                     0.241821
6     12     0.24          163.2             0.1164              1.45344                     0.352511
6     12     0.24          163.2             0.1188              1.36794                     0.341986
6     12     0.24          163.2             0.1212              1.11145                     0.308262
6     12     0.24          163.2             0.1236              0.512979                     0.209423
6     12     0.24          163.2             0.126              1.02596                     0.296169
6     12     0.24          163.2             0.1284              0.854965                     0.270364
6     12     0.24          163.2             0.1308              0.769469                     0.25649
6     12     0.24          163.2             0.1332              0.598476                     0.226203
6     12     0.24          163.2             0.1356              0.940462                     0.28356
6     12     0.24          163.2             0.138              0.854965                     0.270364
6     12     0.24          163.2             0.1404              0.512979                     0.209423
6     12     0.24          163.2             0.1428              0.598476                     0.226203
6     12     0.24          163.2             0.1452              0.769469                     0.25649
6     12     0.24          163.2             0.1476              0.598476                     0.226203
6     12     0.24          163.2             0.15              0.341986                     0.170993
6     12     0.24          163.2             0.1524              0.341986                     0.170993
6     12     0.24          163.2             0.1548              0.341986                     0.170993
6     12     0.24          163.2             0.1572              0.427483                     0.191176
6     12     0.24          163.2             0.1596              0.512979                     0.209423
6     12     0.24          163.2             0.162              0.598476                     0.226203
6     12     0.24          163.2             0.1644              0.427483                     0.191176
6     12     0.24          163.2             0.1668              0.25649                     0.148084
6     12     0.24          163.2             0.1692              0.427483                     0.191176
6     12     0.24          163.2             0.1716              0.25649                     0.148084
6     12     0.24          163.2             0.174              0.683972                     0.241821
6     12     0.24          163.2             0.1764              0.427483                     0.191176
6     12     0.24          163.2             0.1788              0.427483                     0.191176
6     12     0.24          163.2             0.1812              0.170993                     0.12091
6     12     0.24          163.2             0.1836              0.341986                     0.170993
6     12     0.24          163.2             0.186              0.341986                     0.170993
6     12     0.24          163.2             0.1884              0.427483                     0.191176
6     12     0.24          163.2             0.1908              0.25649                     0.148084
6     12     0.24          163.2             0.1932              0.341986                     0.170993
6     12     0.24          163.2             0.1956              0.598476                     0.226203
6     12     0.24          163.2             0.198              0.683972                     0.241821
6     12     0.24          163.2             0.2004              0.25649                     0.148084
6     12     0.24          163.2             0.2028              0.170993                     0.12091
6     12     0.24          163.2             0.2052              0.769469                     0.25649
6     12     0.24          163.2             0.2076              0.25649                     0.148084
6     12     0.24          163.2             0.21              0.25649                     0.148084
6     12     0.24          163.2             0.2124              0.25649                     0.148084
6     12     0.24          163.2             0.2148              0.341986                     0.170993
6     12     0.24          163.2             0.2172              0.512979                     0.209423
6     12     0.24          163.2             0.2196              0                     0
6     12     0.24          163.2             0.222              0                     0
6     12     0.24          163.2             0.2244              0                     0
6     12     0.24          163.2             0.2268              0                     0
6     12     0.24          163.2             0.2292              0                     0
6     12     0.24          163.2             0.2316              0                     0
6     12     0.24          163.2             0.234              0                     0
6     12     0.24          163.2             0.2364              0                     0
*******************************************************************************************************
 Average angle 163.78 +- 6.12504 deg 
 Average E' 0.133111 +- 0.00497806 GeV 
