*******************************************************************************************************
Z     A     E(GeV)     Theta(deg)     Energy Loss(GeV)     Sigma(nb/sr/GeV)     ERROR     Citation     
*******************************************************************************************************
6     12     2.222          40.6             0.01111              0                     0
6     12     2.222          40.6             0.03333              0                     0
6     12     2.222          40.6             0.05555              0                     0
6     12     2.222          40.6             0.07777              0                     0
6     12     2.222          40.6             0.09999              0                     0
6     12     2.222          40.6             0.12221              0                     0
6     12     2.222          40.6             0.14443              0                     0
6     12     2.222          40.6             0.16665              0                     0
6     12     2.222          40.6             0.18887              0                     0
6     12     2.222          40.6             0.21109              0                     0
6     12     2.222          40.6             0.23331              0                     0
6     12     2.222          40.6             0.25553              0                     0
6     12     2.222          40.6             0.27775              0                     0
6     12     2.222          40.6             0.29997              0                     0
6     12     2.222          40.6             0.32219              0                     0
6     12     2.222          40.6             0.34441              0                     0
6     12     2.222          40.6             0.36663              0                     0
6     12     2.222          40.6             0.38885              0                     0
6     12     2.222          40.6             0.41107              0                     0
6     12     2.222          40.6             0.43329              0                     0
6     12     2.222          40.6             0.45551              0                     0
6     12     2.222          40.6             0.47773              0                     0
6     12     2.222          40.6             0.49995              0                     0
6     12     2.222          40.6             0.52217              0                     0
6     12     2.222          40.6             0.54439              0                     0
6     12     2.222          40.6             0.56661              0                     0
6     12     2.222          40.6             0.58883              0                     0
6     12     2.222          40.6             0.61105              0                     0
6     12     2.222          40.6             0.63327              0                     0
6     12     2.222          40.6             0.65549              0.0130921                     0.0130921
6     12     2.222          40.6             0.67771              0                     0
6     12     2.222          40.6             0.69993              0                     0
6     12     2.222          40.6             0.72215              0                     0
6     12     2.222          40.6             0.74437              0.0130921                     0.0130921
6     12     2.222          40.6             0.76659              0.0392764                     0.0226762
6     12     2.222          40.6             0.78881              0.0130921                     0.0130921
6     12     2.222          40.6             0.81103              0.0654607                     0.0292749
6     12     2.222          40.6             0.83325              0.0523685                     0.0261843
6     12     2.222          40.6             0.85547              0.0785528                     0.032069
6     12     2.222          40.6             0.87769              0.0654607                     0.0292749
6     12     2.222          40.6             0.89991              0.117829                     0.0392764
6     12     2.222          40.6             0.92213              0.0785528                     0.032069
6     12     2.222          40.6             0.94435              0.0392764                     0.0226762
6     12     2.222          40.6             0.96657              0.0392764                     0.0226762
6     12     2.222          40.6             0.98879              0.0261843                     0.0185151
6     12     2.222          40.6             1.01101              0.130921                     0.041401
6     12     2.222          40.6             1.03323              0.0523685                     0.0261843
6     12     2.222          40.6             1.05545              0.0392764                     0.0226762
6     12     2.222          40.6             1.07767              0.0916449                     0.0346385
6     12     2.222          40.6             1.09989              0.0916449                     0.0346385
6     12     2.222          40.6             1.12211              0.0916449                     0.0346385
6     12     2.222          40.6             1.14433              0.144013                     0.0434217
6     12     2.222          40.6             1.16655              0.0916449                     0.0346385
6     12     2.222          40.6             1.18877              0.117829                     0.0392764
6     12     2.222          40.6             1.21099              0.0654607                     0.0292749
6     12     2.222          40.6             1.23321              0.104737                     0.0370301
6     12     2.222          40.6             1.25543              0.0654607                     0.0292749
6     12     2.222          40.6             1.27765              0.144013                     0.0434217
6     12     2.222          40.6             1.29987              0.0785528                     0.032069
6     12     2.222          40.6             1.32209              0.209474                     0.0523685
6     12     2.222          40.6             1.34431              0.209474                     0.0523685
6     12     2.222          40.6             1.36653              0.196382                     0.0507056
6     12     2.222          40.6             1.38875              0.274935                     0.0599957
6     12     2.222          40.6             1.41097              0.274935                     0.0599957
6     12     2.222          40.6             1.43319              0.209474                     0.0523685
6     12     2.222          40.6             1.45541              0.314211                     0.0641381
6     12     2.222          40.6             1.47763              0.36658                     0.0692771
6     12     2.222          40.6             1.49985              0.314211                     0.0641381
6     12     2.222          40.6             1.52207              0.209474                     0.0523685
6     12     2.222          40.6             1.54429              0.327303                     0.0654607
6     12     2.222          40.6             1.56651              0.157106                     0.0453525
6     12     2.222          40.6             1.58873              0.261843                     0.0585498
6     12     2.222          40.6             1.61095              0.314211                     0.0641381
6     12     2.222          40.6             1.63317              0.261843                     0.0585498
6     12     2.222          40.6             1.65539              0.392764                     0.0717086
6     12     2.222          40.6             1.67761              0.248751                     0.0570673
6     12     2.222          40.6             1.69983              0.314211                     0.0641381
6     12     2.222          40.6             1.72205              0.327303                     0.0654607
6     12     2.222          40.6             1.74427              0.314211                     0.0641381
6     12     2.222          40.6             1.76649              0.248751                     0.0570673
6     12     2.222          40.6             1.78871              0.340395                     0.066757
6     12     2.222          40.6             1.81093              0.327303                     0.0654607
6     12     2.222          40.6             1.83315              0.261843                     0.0585498
6     12     2.222          40.6             1.85537              0.301119                     0.0627877
6     12     2.222          40.6             1.87759              0.340395                     0.066757
6     12     2.222          40.6             1.89981              0.248751                     0.0570673
6     12     2.222          40.6             1.92203              0.405856                     0.0728939
6     12     2.222          40.6             1.94425              0.43204                     0.0752086
6     12     2.222          40.6             1.96647              0.288027                     0.0614075
6     12     2.222          40.6             1.98869              0.117829                     0.0392764
6     12     2.222          40.6             2.01091              0.222566                     0.0539802
6     12     2.222          40.6             2.03313              0.209474                     0.0523685
6     12     2.222          40.6             2.05535              0.261843                     0.0585498
6     12     2.222          40.6             2.07757              0.144013                     0.0434217
6     12     2.222          40.6             2.09979              0.144013                     0.0434217
6     12     2.222          40.6             2.12201              0.222566                     0.0539802
6     12     2.222          40.6             2.14423              0.261843                     0.0585498
6     12     2.222          40.6             2.16645              0.157106                     0.0453525
6     12     2.222          40.6             2.18867              0.0916449                     0.0346385
*******************************************************************************************************
 Average angle 40.8313 +- 1.32127 deg 
 Average E' 0.587326 +- 0.0190054 GeV 
