*******************************************************************************************************
Z     A     E(GeV)     Theta(deg)     Energy Loss(GeV)     Sigma(nb/sr/GeV)     ERROR     Citation     
*******************************************************************************************************
6     12     0.4          62.2             0.002              0                     0
6     12     0.4          62.2             0.006              0.0978778                     0.0489389
6     12     0.4          62.2             0.01              0.415981                     0.10089
6     12     0.4          62.2             0.014              0.709614                     0.131772
6     12     0.4          62.2             0.018              1.15006                     0.167754
6     12     0.4          62.2             0.022              1.54158                     0.19422
6     12     0.4          62.2             0.026              2.22672                     0.233424
6     12     0.4          62.2             0.03              2.56929                     0.250737
6     12     0.4          62.2             0.034              3.69489                     0.300686
6     12     0.4          62.2             0.038              3.98852                     0.312405
6     12     0.4          62.2             0.042              4.77154                     0.341697
6     12     0.4          62.2             0.046              5.79926                     0.376702
6     12     0.4          62.2             0.05              6.58228                     0.401329
6     12     0.4          62.2             0.054              6.63122                     0.402818
6     12     0.4          62.2             0.058              7.07167                     0.415981
6     12     0.4          62.2             0.062              7.3653                     0.424529
6     12     0.4          62.2             0.066              8.1728                     0.447195
6     12     0.4          62.2             0.07              8.71112                     0.461689
6     12     0.4          62.2             0.074              8.66218                     0.46039
6     12     0.4          62.2             0.078              8.88241                     0.466206
6     12     0.4          62.2             0.082              8.90688                     0.466847
6     12     0.4          62.2             0.086              9.73884                     0.488164
6     12     0.4          62.2             0.09              8.68665                     0.46104
6     12     0.4          62.2             0.094              9.02923                     0.470043
6     12     0.4          62.2             0.098              8.36855                     0.452519
6     12     0.4          62.2             0.102              9.32286                     0.477625
6     12     0.4          62.2             0.106              8.2462                     0.449199
6     12     0.4          62.2             0.11              7.65894                     0.432909
6     12     0.4          62.2             0.114              7.85469                     0.438406
6     12     0.4          62.2             0.118              7.26743                     0.421699
6     12     0.4          62.2             0.122              5.92161                     0.380655
6     12     0.4          62.2             0.126              6.75357                     0.406517
6     12     0.4          62.2             0.13              5.26093                     0.358793
6     12     0.4          62.2             0.134              4.52685                     0.33282
6     12     0.4          62.2             0.138              4.89389                     0.34605
6     12     0.4          62.2             0.142              4.11087                     0.31716
6     12     0.4          62.2             0.146              3.89064                     0.308548
6     12     0.4          62.2             0.15              3.15656                     0.277919
6     12     0.4          62.2             0.154              3.00974                     0.271379
6     12     0.4          62.2             0.158              3.93958                     0.310482
6     12     0.4          62.2             0.162              2.74058                     0.25896
6     12     0.4          62.2             0.166              2.12884                     0.228236
6     12     0.4          62.2             0.17              2.22672                     0.233424
6     12     0.4          62.2             0.174              2.27566                     0.235975
6     12     0.4          62.2             0.178              1.88415                     0.214719
6     12     0.4          62.2             0.182              2.03096                     0.222927
6     12     0.4          62.2             0.186              2.15331                     0.229544
6     12     0.4          62.2             0.19              1.81074                     0.210494
6     12     0.4          62.2             0.194              1.81074                     0.210494
6     12     0.4          62.2             0.198              1.51711                     0.192673
6     12     0.4          62.2             0.202              1.49264                     0.191112
6     12     0.4          62.2             0.206              1.46817                     0.18954
6     12     0.4          62.2             0.21              1.49264                     0.191112
6     12     0.4          62.2             0.214              1.73733                     0.206183
6     12     0.4          62.2             0.218              1.34582                     0.18147
6     12     0.4          62.2             0.222              1.54158                     0.19422
6     12     0.4          62.2             0.226              1.4437                     0.187953
6     12     0.4          62.2             0.23              1.49264                     0.191112
6     12     0.4          62.2             0.234              1.63945                     0.200291
6     12     0.4          62.2             0.238              1.73733                     0.206183
6     12     0.4          62.2             0.242              1.85968                     0.21332
6     12     0.4          62.2             0.246              1.81074                     0.210494
6     12     0.4          62.2             0.25              1.88415                     0.214719
6     12     0.4          62.2             0.254              1.73733                     0.206183
6     12     0.4          62.2             0.258              1.46817                     0.18954
6     12     0.4          62.2             0.262              1.61498                     0.198791
6     12     0.4          62.2             0.266              2.20225                     0.232138
6     12     0.4          62.2             0.27              2.15331                     0.229544
6     12     0.4          62.2             0.274              1.56604                     0.195756
6     12     0.4          62.2             0.278              2.12884                     0.228236
6     12     0.4          62.2             0.282              1.95756                     0.218861
6     12     0.4          62.2             0.286              2.00649                     0.22158
6     12     0.4          62.2             0.29              1.98203                     0.220225
6     12     0.4          62.2             0.294              1.93309                     0.217489
6     12     0.4          62.2             0.298              1.93309                     0.217489
6     12     0.4          62.2             0.302              2.27566                     0.235975
6     12     0.4          62.2             0.306              2.42248                     0.243468
6     12     0.4          62.2             0.31              2.69164                     0.256638
6     12     0.4          62.2             0.314              2.44694                     0.244694
6     12     0.4          62.2             0.318              2.66717                     0.255469
6     12     0.4          62.2             0.322              2.69164                     0.256638
6     12     0.4          62.2             0.326              3.22997                     0.281133
6     12     0.4          62.2             0.33              2.91186                     0.26693
6     12     0.4          62.2             0.334              3.62148                     0.297684
6     12     0.4          62.2             0.338              3.25444                     0.282195
6     12     0.4          62.2             0.342              3.18103                     0.278995
6     12     0.4          62.2             0.346              3.89064                     0.308548
6     12     0.4          62.2             0.35              4.03746                     0.314316
6     12     0.4          62.2             0.354              1.98203                     0.220225
6     12     0.4          62.2             0.358              0                     0
6     12     0.4          62.2             0.362              0                     0
6     12     0.4          62.2             0.366              0                     0
6     12     0.4          62.2             0.37              0                     0
6     12     0.4          62.2             0.374              0                     0
6     12     0.4          62.2             0.378              0                     0
6     12     0.4          62.2             0.382              0                     0
6     12     0.4          62.2             0.386              0                     0
6     12     0.4          62.2             0.39              0                     0
6     12     0.4          62.2             0.394              0                     0
*******************************************************************************************************
 Average angle 62.6087 +- 0.543172 deg 
 Average E' 0.252354 +- 0.00218934 GeV 
