*******************************************************************************************************
Z     A     E(GeV)     Theta(deg)     Energy Loss(GeV)     Sigma(nb/sr/GeV)     ERROR     Citation     
*******************************************************************************************************
6     12     0.62          18.3             0.0031              420.081                     4.93361
6     12     0.62          18.3             0.0093              693.627                     6.33958
6     12     0.62          18.3             0.0155              851.23                     7.02298
6     12     0.62          18.3             0.0217              902.74                     7.23235
6     12     0.62          18.3             0.0279              882.113                     7.14924
6     12     0.62          18.3             0.0341              818.898                     6.88831
6     12     0.62          18.3             0.0403              745.543                     6.57255
6     12     0.62          18.3             0.0465              655.964                     6.16507
6     12     0.62          18.3             0.0527              561.171                     5.70224
6     12     0.62          18.3             0.0589              466.088                     5.19675
6     12     0.62          18.3             0.0651              375.756                     4.66606
6     12     0.62          18.3             0.0713              288.437                     4.08811
6     12     0.62          18.3             0.0775              220.76                     3.5765
6     12     0.62          18.3             0.0837              171.973                     3.15666
6     12     0.62          18.3             0.0899              125.039                     2.69167
6     12     0.62          18.3             0.0961              94.0982                     2.33501
6     12     0.62          18.3             0.1023              69.5307                     2.00718
6     12     0.62          18.3             0.1085              56.9572                     1.81665
6     12     0.62          18.3             0.1147              42.4717                     1.56873
6     12     0.62          18.3             0.1209              36.9092                     1.4624
6     12     0.62          18.3             0.1271              29.6085                     1.3098
6     12     0.62          18.3             0.1333              28.3917                     1.28261
6     12     0.62          18.3             0.1395              22.5975                     1.14427
6     12     0.62          18.3             0.1457              23.4666                     1.16607
6     12     0.62          18.3             0.1519              22.5395                     1.1428
6     12     0.62          18.3             0.1581              23.2348                     1.16029
6     12     0.62          18.3             0.1643              20.5695                     1.09172
6     12     0.62          18.3             0.1705              22.4816                     1.14133
6     12     0.62          18.3             0.1767              24.5675                     1.1931
6     12     0.62          18.3             0.1829              21.9601                     1.12802
6     12     0.62          18.3             0.1891              24.3358                     1.18746
6     12     0.62          18.3             0.1953              26.4217                     1.23731
6     12     0.62          18.3             0.2015              26.6534                     1.24272
6     12     0.62          18.3             0.2077              27.3487                     1.25883
6     12     0.62          18.3             0.2139              28.5655                     1.28653
6     12     0.62          18.3             0.2201              28.3917                     1.28261
6     12     0.62          18.3             0.2263              31.6365                     1.35392
6     12     0.62          18.3             0.2325              30.9991                     1.34021
6     12     0.62          18.3             0.2387              27.8702                     1.27077
6     12     0.62          18.3             0.2449              29.4926                     1.30724
6     12     0.62          18.3             0.2511              27.3487                     1.25883
6     12     0.62          18.3             0.2573              26.8273                     1.24677
6     12     0.62          18.3             0.2635              22.1919                     1.13395
6     12     0.62          18.3             0.2697              20.9172                     1.1009
6     12     0.62          18.3             0.2759              19.2948                     1.05735
6     12     0.62          18.3             0.2821              17.3827                     1.00359
6     12     0.62          18.3             0.2883              15.7024                     0.95385
6     12     0.62          18.3             0.2945              13.2688                     0.876826
6     12     0.62          18.3             0.3007              12.1679                     0.839663
6     12     0.62          18.3             0.3069              11.6464                     0.821473
6     12     0.62          18.3             0.3131              11.2408                     0.807042
6     12     0.62          18.3             0.3193              11.7043                     0.823514
6     12     0.62          18.3             0.3255              10.024                     0.762112
6     12     0.62          18.3             0.3317              9.79224                     0.753249
6     12     0.62          18.3             0.3379              7.76426                     0.67073
6     12     0.62          18.3             0.3441              4.69332                     0.52148
6     12     0.62          18.3             0.3503              3.99802                     0.481305
6     12     0.62          18.3             0.3565              1.44856                     0.289711
6     12     0.62          18.3             0.3627              0                     0
6     12     0.62          18.3             0.3689              0                     0
6     12     0.62          18.3             0.3751              0                     0
6     12     0.62          18.3             0.3813              0                     0
6     12     0.62          18.3             0.3875              0                     0
6     12     0.62          18.3             0.3937              0                     0
6     12     0.62          18.3             0.3999              0                     0
6     12     0.62          18.3             0.4061              0                     0
6     12     0.62          18.3             0.4123              0                     0
6     12     0.62          18.3             0.4185              0                     0
6     12     0.62          18.3             0.4247              0                     0
6     12     0.62          18.3             0.4309              0                     0
6     12     0.62          18.3             0.4371              0                     0
6     12     0.62          18.3             0.4433              0                     0
6     12     0.62          18.3             0.4495              0                     0
6     12     0.62          18.3             0.4557              0                     0
6     12     0.62          18.3             0.4619              0                     0
6     12     0.62          18.3             0.4681              0                     0
6     12     0.62          18.3             0.4743              0                     0
6     12     0.62          18.3             0.4805              0                     0
6     12     0.62          18.3             0.4867              0                     0
6     12     0.62          18.3             0.4929              0                     0
6     12     0.62          18.3             0.4991              0                     0
6     12     0.62          18.3             0.5053              0                     0
6     12     0.62          18.3             0.5115              0                     0
6     12     0.62          18.3             0.5177              0                     0
6     12     0.62          18.3             0.5239              0                     0
6     12     0.62          18.3             0.5301              0                     0
6     12     0.62          18.3             0.5363              0                     0
6     12     0.62          18.3             0.5425              0                     0
6     12     0.62          18.3             0.5487              0                     0
6     12     0.62          18.3             0.5549              0                     0
6     12     0.62          18.3             0.5611              0                     0
6     12     0.62          18.3             0.5673              0                     0
6     12     0.62          18.3             0.5735              0                     0
6     12     0.62          18.3             0.5797              0                     0
6     12     0.62          18.3             0.5859              0                     0
6     12     0.62          18.3             0.5921              0                     0
6     12     0.62          18.3             0.5983              0                     0
6     12     0.62          18.3             0.6045              0                     0
6     12     0.62          18.3             0.6107              0                     0
*******************************************************************************************************
 Average angle 18.5452 +- 0.0464202 deg 
 Average E' 0.566017 +- 0.00141679 GeV 
