*******************************************************************************************************
Z     A     E(GeV)     Theta(deg)     Energy Loss(GeV)     Sigma(nb/sr/GeV)     ERROR     Citation     
*******************************************************************************************************
6     12     0.4          80.8             0.002              0                     0
6     12     0.4          80.8             0.006              0                     0
6     12     0.4          80.8             0.01              0                     0
6     12     0.4          80.8             0.014              0.0219273                     0.0219273
6     12     0.4          80.8             0.018              0.0657818                     0.0379792
6     12     0.4          80.8             0.022              0.131564                     0.0537106
6     12     0.4          80.8             0.026              0.131564                     0.0537106
6     12     0.4          80.8             0.03              0.219273                     0.0693401
6     12     0.4          80.8             0.034              0.350836                     0.0877091
6     12     0.4          80.8             0.038              0.460473                     0.100483
6     12     0.4          80.8             0.042              0.372764                     0.0904085
6     12     0.4          80.8             0.046              0.679745                     0.122086
6     12     0.4          80.8             0.05              0.548182                     0.109636
6     12     0.4          80.8             0.054              0.635891                     0.118082
6     12     0.4          80.8             0.058              0.920946                     0.142105
6     12     0.4          80.8             0.062              1.22793                     0.164089
6     12     0.4          80.8             0.066              1.40335                     0.175418
6     12     0.4          80.8             0.07              1.42527                     0.176783
6     12     0.4          80.8             0.074              1.62262                     0.188626
6     12     0.4          80.8             0.078              2.28044                     0.223615
6     12     0.4          80.8             0.082              1.97345                     0.20802
6     12     0.4          80.8             0.086              2.34622                     0.226817
6     12     0.4          80.8             0.09              2.36815                     0.227875
6     12     0.4          80.8             0.094              1.95153                     0.206861
6     12     0.4          80.8             0.098              3.1356                     0.262212
6     12     0.4          80.8             0.102              3.1356                     0.262212
6     12     0.4          80.8             0.106              2.98211                     0.255714
6     12     0.4          80.8             0.11              2.85055                     0.250009
6     12     0.4          80.8             0.114              3.04789                     0.258519
6     12     0.4          80.8             0.118              2.96018                     0.254772
6     12     0.4          80.8             0.122              3.09175                     0.260372
6     12     0.4          80.8             0.126              2.63127                     0.240201
6     12     0.4          80.8             0.13              3.20138                     0.264948
6     12     0.4          80.8             0.134              2.74091                     0.245154
6     12     0.4          80.8             0.138              2.45585                     0.232056
6     12     0.4          80.8             0.142              2.60935                     0.239198
6     12     0.4          80.8             0.146              2.82862                     0.249046
6     12     0.4          80.8             0.15              2.54356                     0.236164
6     12     0.4          80.8             0.154              2.14887                     0.217069
6     12     0.4          80.8             0.158              2.32429                     0.225755
6     12     0.4          80.8             0.162              1.86382                     0.202159
6     12     0.4          80.8             0.166              2.1708                     0.218174
6     12     0.4          80.8             0.17              1.40335                     0.175418
6     12     0.4          80.8             0.174              1.62262                     0.188626
6     12     0.4          80.8             0.178              1.84189                     0.200967
6     12     0.4          80.8             0.182              1.53491                     0.183457
6     12     0.4          80.8             0.186              1.53491                     0.183457
6     12     0.4          80.8             0.19              1.22793                     0.164089
6     12     0.4          80.8             0.194              1.07444                     0.153491
6     12     0.4          80.8             0.198              1.18407                     0.161132
6     12     0.4          80.8             0.202              1.11829                     0.156592
6     12     0.4          80.8             0.206              1.18407                     0.161132
6     12     0.4          80.8             0.21              0.811309                     0.133378
6     12     0.4          80.8             0.214              1.24985                     0.165547
6     12     0.4          80.8             0.218              0.877091                     0.13868
6     12     0.4          80.8             0.222              1.00865                     0.148718
6     12     0.4          80.8             0.226              1.00865                     0.148718
6     12     0.4          80.8             0.23              0.855164                     0.136936
6     12     0.4          80.8             0.234              0.920946                     0.142105
6     12     0.4          80.8             0.238              0.9648                     0.145449
6     12     0.4          80.8             0.242              0.986727                     0.147093
6     12     0.4          80.8             0.246              1.05251                     0.151917
6     12     0.4          80.8             0.25              1.00865                     0.148718
6     12     0.4          80.8             0.254              1.00865                     0.148718
6     12     0.4          80.8             0.258              0.855164                     0.136936
6     12     0.4          80.8             0.262              1.11829                     0.156592
6     12     0.4          80.8             0.266              0.899018                     0.140403
6     12     0.4          80.8             0.27              0.767455                     0.129724
6     12     0.4          80.8             0.274              1.00865                     0.148718
6     12     0.4          80.8             0.278              1.14022                     0.15812
6     12     0.4          80.8             0.282              1.09636                     0.155049
6     12     0.4          80.8             0.286              0.877091                     0.13868
6     12     0.4          80.8             0.29              1.55684                     0.184762
6     12     0.4          80.8             0.294              1.05251                     0.151917
6     12     0.4          80.8             0.298              1.38142                     0.174042
6     12     0.4          80.8             0.302              1.46913                     0.179482
6     12     0.4          80.8             0.306              0.942873                     0.143787
6     12     0.4          80.8             0.31              1.11829                     0.156592
6     12     0.4          80.8             0.314              1.57876                     0.186059
6     12     0.4          80.8             0.318              1.42527                     0.176783
6     12     0.4          80.8             0.322              1.77611                     0.197345
6     12     0.4          80.8             0.326              1.49105                     0.180817
6     12     0.4          80.8             0.33              1.75418                     0.196123
6     12     0.4          80.8             0.334              1.95153                     0.206861
6     12     0.4          80.8             0.338              2.10502                     0.214843
6     12     0.4          80.8             0.342              2.19273                     0.219273
6     12     0.4          80.8             0.346              2.01731                     0.210319
6     12     0.4          80.8             0.35              2.25851                     0.222538
6     12     0.4          80.8             0.354              2.21465                     0.220366
6     12     0.4          80.8             0.358              3.09175                     0.260372
6     12     0.4          80.8             0.362              2.45585                     0.232056
6     12     0.4          80.8             0.366              2.412                     0.229975
6     12     0.4          80.8             0.37              1.97345                     0.20802
6     12     0.4          80.8             0.374              0                     0
6     12     0.4          80.8             0.378              0                     0
6     12     0.4          80.8             0.382              0                     0
6     12     0.4          80.8             0.386              0                     0
6     12     0.4          80.8             0.39              0                     0
6     12     0.4          80.8             0.394              0                     0
*******************************************************************************************************
 Average angle 81.2161 +- 1.01165 deg 
 Average E' 0.201328 +- 0.0025078 GeV 
