*******************************************************************************************************
Z     A     E(GeV)     Theta(deg)     Energy Loss(GeV)     Sigma(nb/sr/GeV)     ERROR     Citation     
*******************************************************************************************************
6     12     0.68          61             0.0034              0                     0
6     12     0.68          61             0.0102              0                     0
6     12     0.68          61             0.017              0                     0
6     12     0.68          61             0.0238              0                     0
6     12     0.68          61             0.0306              0                     0
6     12     0.68          61             0.0374              0                     0
6     12     0.68          61             0.0442              0.0186054                     0.0186054
6     12     0.68          61             0.051              0.0372108                     0.026312
6     12     0.68          61             0.0578              0.0186054                     0.0186054
6     12     0.68          61             0.0646              0.0186054                     0.0186054
6     12     0.68          61             0.0714              0.0930269                     0.0416029
6     12     0.68          61             0.0782              0.0744216                     0.0372108
6     12     0.68          61             0.085              0.111632                     0.0455737
6     12     0.68          61             0.0918              0.167448                     0.0558162
6     12     0.68          61             0.0986              0.24187                     0.0670827
6     12     0.68          61             0.1054              0.204659                     0.0617071
6     12     0.68          61             0.1122              0.390713                     0.0852606
6     12     0.68          61             0.119              0.353502                     0.081099
6     12     0.68          61             0.1258              0.707005                     0.114691
6     12     0.68          61             0.1326              0.72561                     0.116191
6     12     0.68          61             0.1394              0.818637                     0.123414
6     12     0.68          61             0.1462              1.09772                     0.142911
6     12     0.68          61             0.153              1.3954                     0.161127
6     12     0.68          61             0.1598              1.19074                     0.148843
6     12     0.68          61             0.1666              1.33959                     0.157872
6     12     0.68          61             0.1734              1.43261                     0.163262
6     12     0.68          61             0.1802              1.86054                     0.186054
6     12     0.68          61             0.187              1.56285                     0.170521
6     12     0.68          61             0.1938              1.76751                     0.181343
6     12     0.68          61             0.2006              1.93496                     0.189738
6     12     0.68          61             0.2074              1.95357                     0.190648
6     12     0.68          61             0.2142              1.67448                     0.176506
6     12     0.68          61             0.221              1.78612                     0.182295
6     12     0.68          61             0.2278              2.04659                     0.195135
6     12     0.68          61             0.2346              1.7303                     0.179424
6     12     0.68          61             0.2414              1.69309                     0.177484
6     12     0.68          61             0.2482              1.48843                     0.166412
6     12     0.68          61             0.255              1.26517                     0.153424
6     12     0.68          61             0.2618              1.3954                     0.161127
6     12     0.68          61             0.2686              1.28377                     0.154548
6     12     0.68          61             0.2754              1.32098                     0.156772
6     12     0.68          61             0.2822              1.17214                     0.147676
6     12     0.68          61             0.289              1.3954                     0.161127
6     12     0.68          61             0.2958              1.11632                     0.144117
6     12     0.68          61             0.3026              1.22796                     0.151151
6     12     0.68          61             0.3094              0.762821                     0.119133
6     12     0.68          61             0.3162              1.00469                     0.136721
6     12     0.68          61             0.323              0.762821                     0.119133
6     12     0.68          61             0.3298              1.00469                     0.136721
6     12     0.68          61             0.3366              0.800032                     0.122004
6     12     0.68          61             0.3434              1.06051                     0.140468
6     12     0.68          61             0.3502              1.07911                     0.141694
6     12     0.68          61             0.357              0.800032                     0.122004
6     12     0.68          61             0.3638              0.837242                     0.124809
6     12     0.68          61             0.3706              1.32098                     0.156772
6     12     0.68          61             0.3774              1.26517                     0.153424
6     12     0.68          61             0.3842              1.43261                     0.163262
6     12     0.68          61             0.391              1.32098                     0.156772
6     12     0.68          61             0.3978              1.67448                     0.176506
6     12     0.68          61             0.4046              1.33959                     0.157872
6     12     0.68          61             0.4114              1.28377                     0.154548
6     12     0.68          61             0.4182              1.20935                     0.150001
6     12     0.68          61             0.425              1.50704                     0.167448
6     12     0.68          61             0.4318              1.52564                     0.168479
6     12     0.68          61             0.4386              1.58146                     0.171533
6     12     0.68          61             0.4454              1.43261                     0.163262
6     12     0.68          61             0.4522              1.46983                     0.165368
6     12     0.68          61             0.459              1.32098                     0.156772
6     12     0.68          61             0.4658              1.56285                     0.170521
6     12     0.68          61             0.4726              1.82333                     0.184184
6     12     0.68          61             0.4794              1.56285                     0.170521
6     12     0.68          61             0.4862              1.89775                     0.187905
6     12     0.68          61             0.493              1.46983                     0.165368
6     12     0.68          61             0.4998              1.26517                     0.153424
6     12     0.68          61             0.5066              1.58146                     0.171533
6     12     0.68          61             0.5134              1.58146                     0.171533
6     12     0.68          61             0.5202              1.32098                     0.156772
6     12     0.68          61             0.527              1.19074                     0.148843
6     12     0.68          61             0.5338              1.30238                     0.155664
6     12     0.68          61             0.5406              1.13493                     0.145313
6     12     0.68          61             0.5474              1.20935                     0.150001
6     12     0.68          61             0.5542              1.3768                     0.16005
6     12     0.68          61             0.561              1.3768                     0.16005
6     12     0.68          61             0.5678              1.0233                     0.137981
6     12     0.68          61             0.5746              1.17214                     0.147676
6     12     0.68          61             0.5814              1.20935                     0.150001
6     12     0.68          61             0.5882              1.09772                     0.142911
6     12     0.68          61             0.595              1.28377                     0.154548
6     12     0.68          61             0.6018              0.818637                     0.123414
6     12     0.68          61             0.6086              0.800032                     0.122004
6     12     0.68          61             0.6154              0.911664                     0.130238
6     12     0.68          61             0.6222              0.669794                     0.111632
6     12     0.68          61             0.629              0.781426                     0.120577
6     12     0.68          61             0.6358              0.613978                     0.10688
6     12     0.68          61             0.6426              0.762821                     0.119133
6     12     0.68          61             0.6494              0.576767                     0.10359
6     12     0.68          61             0.6562              0                     0
6     12     0.68          61             0.663              0                     0
6     12     0.68          61             0.6698              0                     0
*******************************************************************************************************
 Average angle 61.2836 +- 0.830587 deg 
 Average E' 0.309343 +- 0.00419257 GeV 
