*******************************************************************************************************
Z     A     E(GeV)     Theta(deg)     Energy Loss(GeV)     Sigma(nb/sr/GeV)     ERROR     Citation     
*******************************************************************************************************
6     12     1          30.4             0.005              0                     0
6     12     1          30.4             0.015              0.0730195                     0.0421578
6     12     1          30.4             0.025              0.438117                     0.103265
6     12     1          30.4             0.035              1.19265                     0.170379
6     12     1          30.4             0.045              2.02021                     0.221747
6     12     1          30.4             0.055              3.28588                     0.282803
6     12     1          30.4             0.065              5.52514                     0.366717
6     12     1          30.4             0.075              7.08289                     0.415207
6     12     1          30.4             0.085              8.76234                     0.461816
6     12     1          30.4             0.095              11.0746                     0.519187
6     12     1          30.4             0.105              12.9488                     0.561401
6     12     1          30.4             0.115              13.9954                     0.583649
6     12     1          30.4             0.125              14.6282                     0.596699
6     12     1          30.4             0.135              16.8919                     0.641206
6     12     1          30.4             0.145              16.186                     0.627666
6     12     1          30.4             0.155              14.4092                     0.592214
6     12     1          30.4             0.165              15.7235                     0.618634
6     12     1          30.4             0.175              13.752                     0.578551
6     12     1          30.4             0.185              13.4113                     0.571339
6     12     1          30.4             0.195              12.1456                     0.543711
6     12     1          30.4             0.205              11.8292                     0.536582
6     12     1          30.4             0.215              9.63858                     0.484357
6     12     1          30.4             0.225              8.25121                     0.448144
6     12     1          30.4             0.235              8.27555                     0.448805
6     12     1          30.4             0.245              6.88818                     0.40946
6     12     1          30.4             0.255              6.4744                     0.396971
6     12     1          30.4             0.265              6.20666                     0.388676
6     12     1          30.4             0.275              5.64684                     0.370733
6     12     1          30.4             0.285              5.8659                     0.377856
6     12     1          30.4             0.295              5.18439                     0.355228
6     12     1          30.4             0.305              4.55155                     0.332842
6     12     1          30.4             0.315              5.03835                     0.350189
6     12     1          30.4             0.325              5.01401                     0.349342
6     12     1          30.4             0.335              5.23307                     0.356892
6     12     1          30.4             0.345              5.33043                     0.360197
6     12     1          30.4             0.355              4.79495                     0.341626
6     12     1          30.4             0.365              5.28175                     0.358548
6     12     1          30.4             0.375              5.96326                     0.380979
6     12     1          30.4             0.385              6.08496                     0.384847
6     12     1          30.4             0.395              5.64684                     0.370733
6     12     1          30.4             0.405              6.32836                     0.392468
6     12     1          30.4             0.415              6.96119                     0.411624
6     12     1          30.4             0.425              6.45006                     0.396224
6     12     1          30.4             0.435              6.7178                     0.404364
6     12     1          30.4             0.445              7.20459                     0.418758
6     12     1          30.4             0.455              6.40138                     0.394726
6     12     1          30.4             0.465              6.74214                     0.405096
6     12     1          30.4             0.475              6.01194                     0.382531
6     12     1          30.4             0.485              6.45006                     0.396224
6     12     1          30.4             0.495              5.96326                     0.380979
6     12     1          30.4             0.505              6.1093                     0.385616
6     12     1          30.4             0.515              5.59816                     0.369132
6     12     1          30.4             0.525              5.30609                     0.359373
6     12     1          30.4             0.535              5.3791                     0.361838
6     12     1          30.4             0.545              4.91665                     0.345934
6     12     1          30.4             0.555              4.45419                     0.329263
6     12     1          30.4             0.565              4.81929                     0.342492
6     12     1          30.4             0.575              3.89437                     0.307877
6     12     1          30.4             0.585              3.57796                     0.295105
6     12     1          30.4             0.595              4.01607                     0.312651
6     12     1          30.4             0.605              4.01607                     0.312651
6     12     1          30.4             0.615              3.69966                     0.300082
6     12     1          30.4             0.625              3.50494                     0.292078
6     12     1          30.4             0.635              3.28588                     0.282803
6     12     1          30.4             0.645              3.21286                     0.279643
6     12     1          30.4             0.655              2.92078                     0.26663
6     12     1          30.4             0.665              3.4806                     0.291062
6     12     1          30.4             0.675              3.57796                     0.295105
6     12     1          30.4             0.685              3.38324                     0.286963
6     12     1          30.4             0.695              3.18852                     0.278582
6     12     1          30.4             0.705              4.01607                     0.312651
6     12     1          30.4             0.715              3.62664                     0.297106
6     12     1          30.4             0.725              3.89437                     0.307877
6     12     1          30.4             0.735              4.11343                     0.316418
6     12     1          30.4             0.745              3.62664                     0.297106
6     12     1          30.4             0.755              3.31022                     0.283849
6     12     1          30.4             0.765              4.11343                     0.316418
6     12     1          30.4             0.775              4.04041                     0.313597
6     12     1          30.4             0.785              3.77268                     0.303029
6     12     1          30.4             0.795              3.77268                     0.303029
6     12     1          30.4             0.805              3.82136                     0.304977
6     12     1          30.4             0.815              3.4806                     0.291062
6     12     1          30.4             0.825              3.94305                     0.309796
6     12     1          30.4             0.835              3.2372                     0.280701
6     12     1          30.4             0.845              3.74834                     0.302049
6     12     1          30.4             0.855              4.04041                     0.313597
6     12     1          30.4             0.865              3.4806                     0.291062
6     12     1          30.4             0.875              3.96739                     0.31075
6     12     1          30.4             0.885              3.65098                     0.298101
6     12     1          30.4             0.895              3.67532                     0.299093
6     12     1          30.4             0.905              4.21079                     0.320141
6     12     1          30.4             0.915              4.33249                     0.324734
6     12     1          30.4             0.925              3.16418                     0.277517
6     12     1          30.4             0.935              0.705855                     0.131074
6     12     1          30.4             0.945              0                     0
6     12     1          30.4             0.955              0                     0
6     12     1          30.4             0.965              0                     0
6     12     1          30.4             0.975              0                     0
6     12     1          30.4             0.985              0                     0
*******************************************************************************************************
 Average angle 30.5995 +- 0.204292 deg 
 Average E' 0.61447 +- 0.00410239 GeV 
