*******************************************************************************************************
Z     A     E(GeV)     Theta(deg)     Energy Loss(GeV)     Sigma(nb/sr/GeV)     ERROR     Citation     
*******************************************************************************************************
6     12     0.1          158.4             0.0005              1.04401                     0.174002
6     12     0.1          158.4             0.0015              1.53702                     0.211126
6     12     0.1          158.4             0.0025              1.47902                     0.207104
6     12     0.1          158.4             0.0035              1.74002                     0.224636
6     12     0.1          158.4             0.0045              1.85603                     0.232003
6     12     0.1          158.4             0.0055              2.52303                     0.270498
6     12     0.1          158.4             0.0065              2.03003                     0.242635
6     12     0.1          158.4             0.0075              2.46503                     0.26737
6     12     0.1          158.4             0.0085              2.90004                     0.290004
6     12     0.1          158.4             0.0095              2.72604                     0.281169
6     12     0.1          158.4             0.0105              2.81304                     0.285621
6     12     0.1          158.4             0.0115              2.92904                     0.29145
6     12     0.1          158.4             0.0125              2.75504                     0.282661
6     12     0.1          158.4             0.0135              3.36405                     0.312344
6     12     0.1          158.4             0.0145              2.78404                     0.284145
6     12     0.1          158.4             0.0155              3.30605                     0.30964
6     12     0.1          158.4             0.0165              3.50905                     0.319004
6     12     0.1          158.4             0.0175              3.71205                     0.328102
6     12     0.1          158.4             0.0185              3.50905                     0.319004
6     12     0.1          158.4             0.0195              3.07404                     0.298577
6     12     0.1          158.4             0.0205              3.16104                     0.302773
6     12     0.1          158.4             0.0215              3.36405                     0.312344
6     12     0.1          158.4             0.0225              2.58104                     0.273589
6     12     0.1          158.4             0.0235              3.21904                     0.305538
6     12     0.1          158.4             0.0245              3.74105                     0.329381
6     12     0.1          158.4             0.0255              3.48005                     0.317683
6     12     0.1          158.4             0.0265              2.95804                     0.29289
6     12     0.1          158.4             0.0275              3.01604                     0.295747
6     12     0.1          158.4             0.0285              2.29103                     0.257761
6     12     0.1          158.4             0.0295              3.04504                     0.297166
6     12     0.1          158.4             0.0305              2.92904                     0.29145
6     12     0.1          158.4             0.0315              3.39305                     0.313687
6     12     0.1          158.4             0.0325              2.29103                     0.257761
6     12     0.1          158.4             0.0335              2.90004                     0.290004
6     12     0.1          158.4             0.0345              2.58104                     0.273589
6     12     0.1          158.4             0.0355              2.46503                     0.26737
6     12     0.1          158.4             0.0365              2.55204                     0.272048
6     12     0.1          158.4             0.0375              2.05903                     0.244362
6     12     0.1          158.4             0.0385              2.29103                     0.257761
6     12     0.1          158.4             0.0395              2.00103                     0.240895
6     12     0.1          158.4             0.0405              2.23303                     0.254477
6     12     0.1          158.4             0.0415              2.26203                     0.256125
6     12     0.1          158.4             0.0425              2.23303                     0.254477
6     12     0.1          158.4             0.0435              1.68202                     0.22086
6     12     0.1          158.4             0.0445              1.91403                     0.2356
6     12     0.1          158.4             0.0455              2.05903                     0.244362
6     12     0.1          158.4             0.0465              1.65302                     0.218948
6     12     0.1          158.4             0.0475              1.30502                     0.194541
6     12     0.1          158.4             0.0485              0.783011                     0.15069
6     12     0.1          158.4             0.0495              0                     0
6     12     0.1          158.4             0.0505              0                     0
6     12     0.1          158.4             0.0515              0                     0
6     12     0.1          158.4             0.0525              0                     0
6     12     0.1          158.4             0.0535              0                     0
6     12     0.1          158.4             0.0545              0                     0
6     12     0.1          158.4             0.0555              0                     0
6     12     0.1          158.4             0.0565              0                     0
6     12     0.1          158.4             0.0575              0                     0
6     12     0.1          158.4             0.0585              0                     0
6     12     0.1          158.4             0.0595              0                     0
6     12     0.1          158.4             0.0605              0                     0
6     12     0.1          158.4             0.0615              0                     0
6     12     0.1          158.4             0.0625              0                     0
6     12     0.1          158.4             0.0635              0                     0
6     12     0.1          158.4             0.0645              0                     0
6     12     0.1          158.4             0.0655              0                     0
6     12     0.1          158.4             0.0665              0                     0
6     12     0.1          158.4             0.0675              0                     0
6     12     0.1          158.4             0.0685              0                     0
6     12     0.1          158.4             0.0695              0                     0
6     12     0.1          158.4             0.0705              0                     0
6     12     0.1          158.4             0.0715              0                     0
6     12     0.1          158.4             0.0725              0                     0
6     12     0.1          158.4             0.0735              0                     0
6     12     0.1          158.4             0.0745              0                     0
6     12     0.1          158.4             0.0755              0                     0
6     12     0.1          158.4             0.0765              0                     0
6     12     0.1          158.4             0.0775              0                     0
6     12     0.1          158.4             0.0785              0                     0
6     12     0.1          158.4             0.0795              0                     0
6     12     0.1          158.4             0.0805              0                     0
6     12     0.1          158.4             0.0815              0                     0
6     12     0.1          158.4             0.0825              0                     0
6     12     0.1          158.4             0.0835              0                     0
6     12     0.1          158.4             0.0845              0                     0
6     12     0.1          158.4             0.0855              0                     0
6     12     0.1          158.4             0.0865              0                     0
6     12     0.1          158.4             0.0875              0                     0
6     12     0.1          158.4             0.0885              0                     0
6     12     0.1          158.4             0.0895              0                     0
6     12     0.1          158.4             0.0905              0                     0
6     12     0.1          158.4             0.0915              0                     0
6     12     0.1          158.4             0.0925              0                     0
6     12     0.1          158.4             0.0935              0                     0
6     12     0.1          158.4             0.0945              0                     0
6     12     0.1          158.4             0.0955              0                     0
6     12     0.1          158.4             0.0965              0                     0
6     12     0.1          158.4             0.0975              0                     0
6     12     0.1          158.4             0.0985              0                     0
*******************************************************************************************************
 Average angle 159.792 +- 2.43879 deg 
 Average E' 0.0762452 +- 0.00116368 GeV 
