*******************************************************************************************************
Z     A     E(GeV)     Theta(deg)     Energy Loss(GeV)     Sigma(nb/sr/GeV)     ERROR     Citation     
*******************************************************************************************************
6     12     0.4          77.7             0.002              0                     0
6     12     0.4          77.7             0.006              0                     0
6     12     0.4          77.7             0.01              0.0221537                     0.0221537
6     12     0.4          77.7             0.014              0.0221537                     0.0221537
6     12     0.4          77.7             0.018              0.0221537                     0.0221537
6     12     0.4          77.7             0.022              0.110769                     0.0495373
6     12     0.4          77.7             0.026              0.287999                     0.0798764
6     12     0.4          77.7             0.03              0.199384                     0.0664612
6     12     0.4          77.7             0.034              0.35446                     0.0886149
6     12     0.4          77.7             0.038              0.465228                     0.101521
6     12     0.4          77.7             0.042              0.642458                     0.119302
6     12     0.4          77.7             0.046              0.664612                     0.121341
6     12     0.4          77.7             0.05              1.01907                     0.150254
6     12     0.4          77.7             0.054              1.63938                     0.190574
6     12     0.4          77.7             0.058              1.41784                     0.17723
6     12     0.4          77.7             0.062              1.63938                     0.190574
6     12     0.4          77.7             0.066              1.37353                     0.174439
6     12     0.4          77.7             0.07              2.1046                     0.215928
6     12     0.4          77.7             0.074              2.28183                     0.224836
6     12     0.4          77.7             0.078              2.14891                     0.218189
6     12     0.4          77.7             0.082              2.79137                     0.248675
6     12     0.4          77.7             0.086              2.1046                     0.215928
6     12     0.4          77.7             0.09              3.19014                     0.265845
6     12     0.4          77.7             0.094              3.19014                     0.265845
6     12     0.4          77.7             0.098              3.2566                     0.2686
6     12     0.4          77.7             0.102              3.89906                     0.293902
6     12     0.4          77.7             0.106              3.61106                     0.28284
6     12     0.4          77.7             0.11              3.23445                     0.267685
6     12     0.4          77.7             0.114              3.38952                     0.274027
6     12     0.4          77.7             0.118              3.32306                     0.271327
6     12     0.4          77.7             0.122              3.23445                     0.267685
6     12     0.4          77.7             0.126              3.41167                     0.274921
6     12     0.4          77.7             0.13              3.23445                     0.267685
6     12     0.4          77.7             0.134              3.01291                     0.258355
6     12     0.4          77.7             0.138              3.27875                     0.269512
6     12     0.4          77.7             0.142              2.63629                     0.241669
6     12     0.4          77.7             0.146              2.3926                     0.230228
6     12     0.4          77.7             0.15              2.48122                     0.234453
6     12     0.4          77.7             0.154              2.12676                     0.217061
6     12     0.4          77.7             0.158              2.23753                     0.222642
6     12     0.4          77.7             0.162              2.19322                     0.220427
6     12     0.4          77.7             0.166              2.03814                     0.212491
6     12     0.4          77.7             0.17              2.23753                     0.222642
6     12     0.4          77.7             0.174              1.7723                     0.198149
6     12     0.4          77.7             0.178              1.88307                     0.204247
6     12     0.4          77.7             0.182              1.39569                     0.17584
6     12     0.4          77.7             0.186              1.32922                     0.171602
6     12     0.4          77.7             0.19              1.59507                     0.187981
6     12     0.4          77.7             0.194              1.28492                     0.168718
6     12     0.4          77.7             0.198              1.15199                     0.159753
6     12     0.4          77.7             0.202              0.930457                     0.143573
6     12     0.4          77.7             0.206              0.863996                     0.13835
6     12     0.4          77.7             0.21              1.10769                     0.156651
6     12     0.4          77.7             0.214              1.06338                     0.153486
6     12     0.4          77.7             0.218              1.28492                     0.168718
6     12     0.4          77.7             0.222              0.996918                     0.148612
6     12     0.4          77.7             0.226              0.708919                     0.12532
6     12     0.4          77.7             0.23              0.753227                     0.129177
6     12     0.4          77.7             0.234              0.797534                     0.132922
6     12     0.4          77.7             0.238              0.930457                     0.143573
6     12     0.4          77.7             0.242              0.908303                     0.141853
6     12     0.4          77.7             0.246              0.952611                     0.145272
6     12     0.4          77.7             0.25              0.819688                     0.134756
6     12     0.4          77.7             0.254              0.863996                     0.13835
6     12     0.4          77.7             0.258              1.1963                     0.162796
6     12     0.4          77.7             0.262              0.753227                     0.129177
6     12     0.4          77.7             0.266              0.930457                     0.143573
6     12     0.4          77.7             0.27              1.10769                     0.156651
6     12     0.4          77.7             0.274              1.17415                     0.161282
6     12     0.4          77.7             0.278              1.10769                     0.156651
6     12     0.4          77.7             0.282              1.30707                     0.170166
6     12     0.4          77.7             0.286              1.37353                     0.174439
6     12     0.4          77.7             0.29              0.952611                     0.145272
6     12     0.4          77.7             0.294              1.12984                     0.158209
6     12     0.4          77.7             0.298              1.41784                     0.17723
6     12     0.4          77.7             0.302              1.26276                     0.167257
6     12     0.4          77.7             0.306              1.30707                     0.170166
6     12     0.4          77.7             0.31              1.24061                     0.165783
6     12     0.4          77.7             0.314              1.59507                     0.187981
6     12     0.4          77.7             0.318              1.43999                     0.178609
6     12     0.4          77.7             0.322              2.12676                     0.217061
6     12     0.4          77.7             0.326              1.4843                     0.181336
6     12     0.4          77.7             0.33              1.81661                     0.200611
6     12     0.4          77.7             0.334              1.7723                     0.198149
6     12     0.4          77.7             0.338              1.79445                     0.199384
6     12     0.4          77.7             0.342              2.23753                     0.222642
6     12     0.4          77.7             0.346              2.41476                     0.231292
6     12     0.4          77.7             0.35              2.72491                     0.245697
6     12     0.4          77.7             0.354              2.59199                     0.239629
6     12     0.4          77.7             0.358              2.76922                     0.247686
6     12     0.4          77.7             0.362              2.79137                     0.248675
6     12     0.4          77.7             0.366              3.16798                     0.26492
6     12     0.4          77.7             0.37              0.310152                     0.0828917
6     12     0.4          77.7             0.374              0                     0
6     12     0.4          77.7             0.378              0                     0
6     12     0.4          77.7             0.382              0                     0
6     12     0.4          77.7             0.386              0                     0
6     12     0.4          77.7             0.39              0                     0
6     12     0.4          77.7             0.394              0                     0
*******************************************************************************************************
 Average angle 78.1245 +- 0.938199 deg 
 Average E' 0.208799 +- 0.00250748 GeV 
