*******************************************************************************************************
Z     A     E(GeV)     Theta(deg)     Energy Loss(GeV)     Sigma(nb/sr/GeV)     ERROR     Citation     
*******************************************************************************************************
6     12     2.222          33.8             0.01111              0                     0
6     12     2.222          33.8             0.03333              0                     0
6     12     2.222          33.8             0.05555              0                     0
6     12     2.222          33.8             0.07777              0                     0
6     12     2.222          33.8             0.09999              0                     0
6     12     2.222          33.8             0.12221              0                     0
6     12     2.222          33.8             0.14443              0                     0
6     12     2.222          33.8             0.16665              0                     0
6     12     2.222          33.8             0.18887              0                     0
6     12     2.222          33.8             0.21109              0                     0
6     12     2.222          33.8             0.23331              0                     0
6     12     2.222          33.8             0.25553              0                     0
6     12     2.222          33.8             0.27775              0                     0
6     12     2.222          33.8             0.29997              0                     0
6     12     2.222          33.8             0.32219              0                     0
6     12     2.222          33.8             0.34441              0                     0
6     12     2.222          33.8             0.36663              0.0153156                     0.0153156
6     12     2.222          33.8             0.38885              0                     0
6     12     2.222          33.8             0.41107              0                     0
6     12     2.222          33.8             0.43329              0.0306313                     0.0216596
6     12     2.222          33.8             0.45551              0.0153156                     0.0153156
6     12     2.222          33.8             0.47773              0.0459469                     0.0265275
6     12     2.222          33.8             0.49995              0.0459469                     0.0265275
6     12     2.222          33.8             0.52217              0.0612626                     0.0306313
6     12     2.222          33.8             0.54439              0.0765782                     0.0342468
6     12     2.222          33.8             0.56661              0.107209                     0.0405214
6     12     2.222          33.8             0.58883              0.153156                     0.0484323
6     12     2.222          33.8             0.61105              0.183788                     0.0530549
6     12     2.222          33.8             0.63327              0.168472                     0.0507962
6     12     2.222          33.8             0.65549              0.0612626                     0.0306313
6     12     2.222          33.8             0.67771              0.199103                     0.0552213
6     12     2.222          33.8             0.69993              0.275681                     0.0649788
6     12     2.222          33.8             0.72215              0.137841                     0.0459469
6     12     2.222          33.8             0.74437              0.214419                     0.0573059
6     12     2.222          33.8             0.76659              0.229735                     0.0593172
6     12     2.222          33.8             0.78881              0.229735                     0.0593172
6     12     2.222          33.8             0.81103              0.24505                     0.0612626
6     12     2.222          33.8             0.83325              0.214419                     0.0573059
6     12     2.222          33.8             0.85547              0.183788                     0.0530549
6     12     2.222          33.8             0.87769              0.137841                     0.0459469
6     12     2.222          33.8             0.89991              0.260366                     0.063148
6     12     2.222          33.8             0.92213              0.367575                     0.075031
6     12     2.222          33.8             0.94435              0.398207                     0.0780947
6     12     2.222          33.8             0.96657              0.290997                     0.0667593
6     12     2.222          33.8             0.98879              0.367575                     0.075031
6     12     2.222          33.8             1.01101              0.275681                     0.0649788
6     12     2.222          33.8             1.03323              0.275681                     0.0649788
6     12     2.222          33.8             1.05545              0.413522                     0.0795824
6     12     2.222          33.8             1.07767              0.275681                     0.0649788
6     12     2.222          33.8             1.09989              0.336944                     0.0718367
6     12     2.222          33.8             1.12211              0.260366                     0.063148
6     12     2.222          33.8             1.14433              0.398207                     0.0780947
6     12     2.222          33.8             1.16655              0.398207                     0.0780947
6     12     2.222          33.8             1.18877              0.689204                     0.10274
6     12     2.222          33.8             1.21099              0.459469                     0.0838872
6     12     2.222          33.8             1.23321              0.444154                     0.0824772
6     12     2.222          33.8             1.25543              0.59731                     0.0956461
6     12     2.222          33.8             1.27765              0.735151                     0.10611
6     12     2.222          33.8             1.29987              0.536047                     0.0906085
6     12     2.222          33.8             1.32209              0.796413                     0.110443
6     12     2.222          33.8             1.34431              0.459469                     0.0838872
6     12     2.222          33.8             1.36653              0.551363                     0.0918938
6     12     2.222          33.8             1.38875              0.627941                     0.0980679
6     12     2.222          33.8             1.41097              0.566679                     0.0931614
6     12     2.222          33.8             1.43319              0.673888                     0.101592
6     12     2.222          33.8             1.45541              0.520732                     0.0893048
6     12     2.222          33.8             1.47763              0.536047                     0.0906085
6     12     2.222          33.8             1.49985              0.643257                     0.0992567
6     12     2.222          33.8             1.52207              0.474785                     0.0852739
6     12     2.222          33.8             1.54429              0.459469                     0.0838872
6     12     2.222          33.8             1.56651              0.689204                     0.10274
6     12     2.222          33.8             1.58873              0.459469                     0.0838872
6     12     2.222          33.8             1.61095              0.581994                     0.0944119
6     12     2.222          33.8             1.63317              0.505416                     0.0879816
6     12     2.222          33.8             1.65539              0.59731                     0.0956461
6     12     2.222          33.8             1.67761              0.382891                     0.0765782
6     12     2.222          33.8             1.69983              0.551363                     0.0918938
6     12     2.222          33.8             1.72205              0.612626                     0.0968646
6     12     2.222          33.8             1.74427              0.566679                     0.0931614
6     12     2.222          33.8             1.76649              0.4901                     0.0866383
6     12     2.222          33.8             1.78871              0.520732                     0.0893048
6     12     2.222          33.8             1.81093              0.474785                     0.0852739
6     12     2.222          33.8             1.83315              0.398207                     0.0780947
6     12     2.222          33.8             1.85537              0.413522                     0.0795824
6     12     2.222          33.8             1.87759              0.566679                     0.0931614
6     12     2.222          33.8             1.89981              0.398207                     0.0780947
6     12     2.222          33.8             1.92203              0.566679                     0.0931614
6     12     2.222          33.8             1.94425              0.398207                     0.0780947
6     12     2.222          33.8             1.96647              0.459469                     0.0838872
6     12     2.222          33.8             1.98869              0.35226                     0.0734512
6     12     2.222          33.8             2.01091              0.290997                     0.0667593
6     12     2.222          33.8             2.03313              0.306313                     0.0684936
6     12     2.222          33.8             2.05535              0.290997                     0.0667593
6     12     2.222          33.8             2.07757              0.260366                     0.063148
6     12     2.222          33.8             2.09979              0.168472                     0.0507962
6     12     2.222          33.8             2.12201              0.122525                     0.0433192
6     12     2.222          33.8             2.14423              0.153156                     0.0484323
6     12     2.222          33.8             2.16645              0.137841                     0.0459469
6     12     2.222          33.8             2.18867              0.0306313                     0.0216596
*******************************************************************************************************
 Average angle 33.9922 +- 0.782932 deg 
 Average E' 0.79388 +- 0.0182852 GeV 
