*******************************************************************************************************
Z     A     E(GeV)     Theta(deg)     Energy Loss(GeV)     Sigma(nb/sr/GeV)     ERROR     Citation     
*******************************************************************************************************
6     12     0.4          71.5             0.002              0                     0
6     12     0.4          71.5             0.006              0                     0
6     12     0.4          71.5             0.01              0.0684741                     0.0395335
6     12     0.4          71.5             0.014              0.0912988                     0.0456494
6     12     0.4          71.5             0.018              0.0684741                     0.0395335
6     12     0.4          71.5             0.022              0.296721                     0.0822956
6     12     0.4          71.5             0.026              0.524968                     0.109463
6     12     0.4          71.5             0.03              0.456494                     0.102075
6     12     0.4          71.5             0.034              0.981462                     0.149672
6     12     0.4          71.5             0.038              0.77604                     0.13309
6     12     0.4          71.5             0.042              1.52926                     0.186828
6     12     0.4          71.5             0.046              1.5749                     0.189596
6     12     0.4          71.5             0.05              2.35094                     0.231645
6     12     0.4          71.5             0.054              2.44224                     0.236101
6     12     0.4          71.5             0.058              2.41942                     0.234995
6     12     0.4          71.5             0.062              2.55637                     0.241554
6     12     0.4          71.5             0.066              3.74325                     0.292299
6     12     0.4          71.5             0.07              3.21828                     0.271028
6     12     0.4          71.5             0.074              3.90302                     0.298472
6     12     0.4          71.5             0.078              4.72471                     0.32839
6     12     0.4          71.5             0.082              4.79319                     0.330761
6     12     0.4          71.5             0.086              4.33669                     0.314617
6     12     0.4          71.5             0.09              4.77036                     0.329973
6     12     0.4          71.5             0.094              5.24968                     0.346154
6     12     0.4          71.5             0.098              4.31387                     0.313788
6     12     0.4          71.5             0.102              5.24968                     0.346154
6     12     0.4          71.5             0.106              4.86166                     0.333116
6     12     0.4          71.5             0.11              4.54212                     0.321982
6     12     0.4          71.5             0.114              4.22257                     0.31045
6     12     0.4          71.5             0.118              5.34098                     0.349151
6     12     0.4          71.5             0.122              4.42799                     0.317911
6     12     0.4          71.5             0.126              4.33669                     0.314617
6     12     0.4          71.5             0.13              4.29104                     0.312957
6     12     0.4          71.5             0.134              3.99432                     0.301942
6     12     0.4          71.5             0.138              4.03997                     0.303663
6     12     0.4          71.5             0.142              3.92585                     0.299343
6     12     0.4          71.5             0.146              3.28676                     0.273896
6     12     0.4          71.5             0.15              2.94439                     0.259239
6     12     0.4          71.5             0.154              2.78461                     0.252107
6     12     0.4          71.5             0.158              2.60202                     0.243701
6     12     0.4          71.5             0.162              2.69332                     0.24794
6     12     0.4          71.5             0.166              2.32812                     0.230518
6     12     0.4          71.5             0.17              2.16835                     0.222468
6     12     0.4          71.5             0.174              2.14552                     0.221294
6     12     0.4          71.5             0.178              1.6662                     0.195014
6     12     0.4          71.5             0.182              1.73468                     0.198981
6     12     0.4          71.5             0.186              1.6662                     0.195014
6     12     0.4          71.5             0.19              1.50643                     0.185429
6     12     0.4          71.5             0.194              1.23253                     0.167727
6     12     0.4          71.5             0.198              1.32383                     0.173828
6     12     0.4          71.5             0.202              1.25536                     0.169273
6     12     0.4          71.5             0.206              1.34666                     0.17532
6     12     0.4          71.5             0.21              1.43796                     0.181165
6     12     0.4          71.5             0.214              1.04994                     0.154805
6     12     0.4          71.5             0.218              1.11841                     0.159773
6     12     0.4          71.5             0.222              1.16406                     0.163001
6     12     0.4          71.5             0.226              0.981462                     0.149672
6     12     0.4          71.5             0.23              0.935813                     0.146149
6     12     0.4          71.5             0.234              1.18688                     0.164591
6     12     0.4          71.5             0.238              1.09559                     0.158134
6     12     0.4          71.5             0.242              1.27818                     0.170804
6     12     0.4          71.5             0.246              1.20971                     0.166166
6     12     0.4          71.5             0.25              1.11841                     0.159773
6     12     0.4          71.5             0.254              1.23253                     0.167727
6     12     0.4          71.5             0.258              1.14124                     0.161395
6     12     0.4          71.5             0.262              1.27818                     0.170804
6     12     0.4          71.5             0.266              0.981462                     0.149672
6     12     0.4          71.5             0.27              1.27818                     0.170804
6     12     0.4          71.5             0.274              1.41513                     0.179722
6     12     0.4          71.5             0.278              1.39231                     0.178267
6     12     0.4          71.5             0.282              1.39231                     0.178267
6     12     0.4          71.5             0.286              1.30101                     0.172323
6     12     0.4          71.5             0.29              1.5749                     0.189596
6     12     0.4          71.5             0.294              1.48361                     0.184019
6     12     0.4          71.5             0.298              1.6662                     0.195014
6     12     0.4          71.5             0.302              1.32383                     0.173828
6     12     0.4          71.5             0.306              1.43796                     0.181165
6     12     0.4          71.5             0.31              1.68903                     0.196346
6     12     0.4          71.5             0.314              1.98575                     0.212895
6     12     0.4          71.5             0.318              1.68903                     0.196346
6     12     0.4          71.5             0.322              2.37377                     0.232767
6     12     0.4          71.5             0.326              2.3053                     0.229385
6     12     0.4          71.5             0.33              2.35094                     0.231645
6     12     0.4          71.5             0.334              2.67049                     0.246887
6     12     0.4          71.5             0.338              2.3053                     0.229385
6     12     0.4          71.5             0.342              2.69332                     0.24794
6     12     0.4          71.5             0.346              2.71614                     0.248988
6     12     0.4          71.5             0.35              3.17263                     0.269099
6     12     0.4          71.5             0.354              2.99004                     0.261241
6     12     0.4          71.5             0.358              3.28676                     0.273896
6     12     0.4          71.5             0.362              3.28676                     0.273896
6     12     0.4          71.5             0.366              0.136948                     0.0559089
6     12     0.4          71.5             0.37              0                     0
6     12     0.4          71.5             0.374              0                     0
6     12     0.4          71.5             0.378              0                     0
6     12     0.4          71.5             0.382              0                     0
6     12     0.4          71.5             0.386              0                     0
6     12     0.4          71.5             0.39              0                     0
6     12     0.4          71.5             0.394              0                     0
*******************************************************************************************************
 Average angle 71.8968 +- 0.760058 deg 
 Average E' 0.224466 +- 0.00237295 GeV 
