*******************************************************************************************************
Z     A     E(GeV)     Theta(deg)     Energy Loss(GeV)     Sigma(nb/sr/GeV)     ERROR     Citation     
*******************************************************************************************************
6     12     1.2044          88.2             0.006022              0                     0
6     12     1.2044          88.2             0.018066              0                     0
6     12     1.2044          88.2             0.03011              0                     0
6     12     1.2044          88.2             0.042154              0                     0
6     12     1.2044          88.2             0.054198              0                     0
6     12     1.2044          88.2             0.066242              0                     0
6     12     1.2044          88.2             0.078286              0                     0
6     12     1.2044          88.2             0.09033              0                     0
6     12     1.2044          88.2             0.102374              0                     0
6     12     1.2044          88.2             0.114418              0                     0
6     12     1.2044          88.2             0.126462              0                     0
6     12     1.2044          88.2             0.138506              0                     0
6     12     1.2044          88.2             0.15055              0                     0
6     12     1.2044          88.2             0.162594              0                     0
6     12     1.2044          88.2             0.174638              0                     0
6     12     1.2044          88.2             0.186682              0                     0
6     12     1.2044          88.2             0.198726              0                     0
6     12     1.2044          88.2             0.21077              0                     0
6     12     1.2044          88.2             0.222814              0                     0
6     12     1.2044          88.2             0.234858              0                     0
6     12     1.2044          88.2             0.246902              0                     0
6     12     1.2044          88.2             0.258946              0                     0
6     12     1.2044          88.2             0.27099              0                     0
6     12     1.2044          88.2             0.283034              0                     0
6     12     1.2044          88.2             0.295078              0                     0
6     12     1.2044          88.2             0.307122              0                     0
6     12     1.2044          88.2             0.319166              0                     0
6     12     1.2044          88.2             0.33121              0                     0
6     12     1.2044          88.2             0.343254              0                     0
6     12     1.2044          88.2             0.355298              0                     0
6     12     1.2044          88.2             0.367342              0                     0
6     12     1.2044          88.2             0.379386              0                     0
6     12     1.2044          88.2             0.39143              0                     0
6     12     1.2044          88.2             0.403474              0                     0
6     12     1.2044          88.2             0.415518              0                     0
6     12     1.2044          88.2             0.427562              0                     0
6     12     1.2044          88.2             0.439606              0                     0
6     12     1.2044          88.2             0.45165              0                     0
6     12     1.2044          88.2             0.463694              0                     0
6     12     1.2044          88.2             0.475738              0                     0
6     12     1.2044          88.2             0.487782              0                     0
6     12     1.2044          88.2             0.499826              0                     0
6     12     1.2044          88.2             0.51187              0                     0
6     12     1.2044          88.2             0.523914              0                     0
6     12     1.2044          88.2             0.535958              0                     0
6     12     1.2044          88.2             0.548002              0                     0
6     12     1.2044          88.2             0.560046              0                     0
6     12     1.2044          88.2             0.57209              0                     0
6     12     1.2044          88.2             0.584134              0                     0
6     12     1.2044          88.2             0.596178              0.0114268                     0.0114268
6     12     1.2044          88.2             0.608222              0.0342804                     0.0197918
6     12     1.2044          88.2             0.620266              0.0228536                     0.0161599
6     12     1.2044          88.2             0.63231              0.0685608                     0.0279898
6     12     1.2044          88.2             0.644354              0.0228536                     0.0161599
6     12     1.2044          88.2             0.656398              0.0914143                     0.0323199
6     12     1.2044          88.2             0.668442              0.102841                     0.0342804
6     12     1.2044          88.2             0.680486              0.0457072                     0.0228536
6     12     1.2044          88.2             0.69253              0.0457072                     0.0228536
6     12     1.2044          88.2             0.704574              0.0342804                     0.0197918
6     12     1.2044          88.2             0.716618              0.0685608                     0.0279898
6     12     1.2044          88.2             0.728662              0.0342804                     0.0197918
6     12     1.2044          88.2             0.740706              0.0799875                     0.0302325
6     12     1.2044          88.2             0.75275              0.0342804                     0.0197918
6     12     1.2044          88.2             0.764794              0.102841                     0.0342804
6     12     1.2044          88.2             0.776838              0.057134                     0.0255511
6     12     1.2044          88.2             0.788882              0.0342804                     0.0197918
6     12     1.2044          88.2             0.800926              0.0342804                     0.0197918
6     12     1.2044          88.2             0.81297              0.0914143                     0.0323199
6     12     1.2044          88.2             0.825014              0.0228536                     0.0161599
6     12     1.2044          88.2             0.837058              0.102841                     0.0342804
6     12     1.2044          88.2             0.849102              0.0685608                     0.0279898
6     12     1.2044          88.2             0.861146              0.0799875                     0.0302325
6     12     1.2044          88.2             0.87319              0.125695                     0.0378984
6     12     1.2044          88.2             0.885234              0.0914143                     0.0323199
6     12     1.2044          88.2             0.897278              0.159975                     0.0427551
6     12     1.2044          88.2             0.909322              0.0799875                     0.0302325
6     12     1.2044          88.2             0.921366              0.171402                     0.0442558
6     12     1.2044          88.2             0.93341              0.0799875                     0.0302325
6     12     1.2044          88.2             0.945454              0.137122                     0.0395836
6     12     1.2044          88.2             0.957498              0.125695                     0.0378984
6     12     1.2044          88.2             0.969542              0.057134                     0.0255511
6     12     1.2044          88.2             0.981586              0.171402                     0.0442558
6     12     1.2044          88.2             0.99363              0.125695                     0.0378984
6     12     1.2044          88.2             1.00567              0.114268                     0.0361347
6     12     1.2044          88.2             1.01772              0.0799875                     0.0302325
6     12     1.2044          88.2             1.02976              0.125695                     0.0378984
6     12     1.2044          88.2             1.04181              0.217109                     0.0498082
6     12     1.2044          88.2             1.05385              0.148548                     0.0411999
6     12     1.2044          88.2             1.06589              0.205682                     0.0484798
6     12     1.2044          88.2             1.07794              0.205682                     0.0484798
6     12     1.2044          88.2             1.08998              0.28567                     0.057134
6     12     1.2044          88.2             1.10203              0.274243                     0.0559796
6     12     1.2044          88.2             1.11407              0.274243                     0.0559796
6     12     1.2044          88.2             1.12611              0.31995                     0.0604649
6     12     1.2044          88.2             1.13816              0.228536                     0.0511022
6     12     1.2044          88.2             1.1502              0.28567                     0.057134
6     12     1.2044          88.2             1.16225              0.297097                     0.0582654
6     12     1.2044          88.2             1.17429              0.114268                     0.0361347
6     12     1.2044          88.2             1.18633              0.182829                     0.0457072
*******************************************************************************************************
 Average angle 88.5263 +- 3.84171 deg 
 Average E' 0.212183 +- 0.00920796 GeV 
