*******************************************************************************************************
Z     A     E(GeV)     Theta(deg)     Energy Loss(GeV)     Sigma(nb/sr/GeV)     ERROR     Citation     
*******************************************************************************************************
6     12     0.74          20.2             0.0037              95.4766                     2.03464
6     12     0.74          20.2             0.0111              199.452                     2.94075
6     12     0.74          20.2             0.0185              275.894                     3.45868
6     12     0.74          20.2             0.0259              329.702                     3.78095
6     12     0.74          20.2             0.0333              362.178                     3.96279
6     12     0.74          20.2             0.0407              364.172                     3.97368
6     12     0.74          20.2             0.0481              365.517                     3.98101
6     12     0.74          20.2             0.0555              342.493                     3.85359
6     12     0.74          20.2             0.0629              307.069                     3.64886
6     12     0.74          20.2             0.0703              267.872                     3.40803
6     12     0.74          20.2             0.0777              229.76                     3.15629
6     12     0.74          20.2             0.0851              194.812                     2.90635
6     12     0.74          20.2             0.0925              161.729                     2.6481
6     12     0.74          20.2             0.0999              123.27                     2.31189
6     12     0.74          20.2             0.1073              104.105                     2.12459
6     12     0.74          20.2             0.1147              80.5177                     1.86847
6     12     0.74          20.2             0.1221              63.7811                     1.66298
6     12     0.74          20.2             0.1295              55.1093                     1.5458
6     12     0.74          20.2             0.1369              44.2262                     1.38478
6     12     0.74          20.2             0.1443              34.6005                     1.22484
6     12     0.74          20.2             0.1517              27.9232                     1.10033
6     12     0.74          20.2             0.1591              27.1428                     1.08484
6     12     0.74          20.2             0.1665              23.7174                     1.01408
6     12     0.74          20.2             0.1739              22.7201                     0.992534
6     12     0.74          20.2             0.1813              21.1592                     0.957832
6     12     0.74          20.2             0.1887              20.2053                     0.935993
6     12     0.74          20.2             0.1961              18.9913                     0.907437
6     12     0.74          20.2             0.2035              20.5522                     0.943993
6     12     0.74          20.2             0.2109              22.4166                     0.985882
6     12     0.74          20.2             0.2183              24.0643                     1.02147
6     12     0.74          20.2             0.2257              20.8557                     0.950938
6     12     0.74          20.2             0.2331              22.6768                     0.991586
6     12     0.74          20.2             0.2405              20.4655                     0.941999
6     12     0.74          20.2             0.2479              23.1537                     1.00196
6     12     0.74          20.2             0.2553              22.9803                     0.9982
6     12     0.74          20.2             0.2627              23.5006                     1.00944
6     12     0.74          20.2             0.2701              22.5901                     0.989688
6     12     0.74          20.2             0.2775              22.0264                     0.977263
6     12     0.74          20.2             0.2849              22.0697                     0.978224
6     12     0.74          20.2             0.2923              23.3272                     1.00571
6     12     0.74          20.2             0.2997              21.983                     0.976301
6     12     0.74          20.2             0.3071              23.8475                     1.01686
6     12     0.74          20.2             0.3145              24.8447                     1.0379
6     12     0.74          20.2             0.3219              25.9287                     1.0603
6     12     0.74          20.2             0.3293              27.2295                     1.08657
6     12     0.74          20.2             0.3367              28.8338                     1.11813
6     12     0.74          20.2             0.3441              28.7904                     1.11728
6     12     0.74          20.2             0.3515              27.5763                     1.09347
6     12     0.74          20.2             0.3589              28.5736                     1.11307
6     12     0.74          20.2             0.3663              26.7525                     1.07702
6     12     0.74          20.2             0.3737              27.9666                     1.10118
6     12     0.74          20.2             0.3811              29.3974                     1.129
6     12     0.74          20.2             0.3885              27.2728                     1.08744
6     12     0.74          20.2             0.3959              24.5412                     1.03154
6     12     0.74          20.2             0.4033              25.9721                     1.06119
6     12     0.74          20.2             0.4107              22.9369                     0.997258
6     12     0.74          20.2             0.4181              22.4166                     0.985882
6     12     0.74          20.2             0.4255              20.5522                     0.943993
6     12     0.74          20.2             0.4329              21.2893                     0.960772
6     12     0.74          20.2             0.4403              22.0264                     0.977263
6     12     0.74          20.2             0.4477              18.1674                     0.887537
6     12     0.74          20.2             0.4551              17.2569                     0.86501
6     12     0.74          20.2             0.4625              18.8178                     0.903284
6     12     0.74          20.2             0.4699              14.3085                     0.787656
6     12     0.74          20.2             0.4773              14.7421                     0.799501
6     12     0.74          20.2             0.4847              14.1784                     0.784067
6     12     0.74          20.2             0.4921              12.6608                     0.740919
6     12     0.74          20.2             0.4995              11.6636                     0.711141
6     12     0.74          20.2             0.5069              9.71242                     0.648939
6     12     0.74          20.2             0.5143              7.71791                     0.578482
6     12     0.74          20.2             0.5217              5.94019                     0.507504
6     12     0.74          20.2             0.5291              4.29254                     0.431417
6     12     0.74          20.2             0.5365              3.46872                     0.387815
6     12     0.74          20.2             0.5439              2.16795                     0.306595
6     12     0.74          20.2             0.5513              0.997258                     0.207943
6     12     0.74          20.2             0.5587              0.043359                     0.043359
6     12     0.74          20.2             0.5661              0                     0
6     12     0.74          20.2             0.5735              0                     0
6     12     0.74          20.2             0.5809              0                     0
6     12     0.74          20.2             0.5883              0                     0
6     12     0.74          20.2             0.5957              0                     0
6     12     0.74          20.2             0.6031              0                     0
6     12     0.74          20.2             0.6105              0                     0
6     12     0.74          20.2             0.6179              0                     0
6     12     0.74          20.2             0.6253              0                     0
6     12     0.74          20.2             0.6327              0                     0
6     12     0.74          20.2             0.6401              0                     0
6     12     0.74          20.2             0.6475              0                     0
6     12     0.74          20.2             0.6549              0                     0
6     12     0.74          20.2             0.6623              0                     0
6     12     0.74          20.2             0.6697              0                     0
6     12     0.74          20.2             0.6771              0                     0
6     12     0.74          20.2             0.6845              0                     0
6     12     0.74          20.2             0.6919              0                     0
6     12     0.74          20.2             0.6993              0                     0
6     12     0.74          20.2             0.7067              0                     0
6     12     0.74          20.2             0.7141              0                     0
6     12     0.74          20.2             0.7215              0                     0
6     12     0.74          20.2             0.7289              0                     0
*******************************************************************************************************
 Average angle 20.4101 +- 0.0593999 deg 
 Average E' 0.625062 +- 0.00181913 GeV 
