*******************************************************************************************************
Z     A     E(GeV)     Theta(deg)     Energy Loss(GeV)     Sigma(nb/sr/GeV)     ERROR     Citation     
*******************************************************************************************************
6     12     3.595          16.8             0.017975              0                     0
6     12     3.595          16.8             0.053925              0                     0
6     12     3.595          16.8             0.089875              0                     0
6     12     3.595          16.8             0.125825              0                     0
6     12     3.595          16.8             0.161775              0                     0
6     12     3.595          16.8             0.197725              0.0186108                     0.0186108
6     12     3.595          16.8             0.233675              0.0186108                     0.0186108
6     12     3.595          16.8             0.269625              0.0372215                     0.0263196
6     12     3.595          16.8             0.305575              0.167497                     0.0558323
6     12     3.595          16.8             0.341525              0.260551                     0.0696351
6     12     3.595          16.8             0.377475              0.651377                     0.110103
6     12     3.595          16.8             0.413425              0.96776                     0.134204
6     12     3.595          16.8             0.449375              1.2097                     0.150045
6     12     3.595          16.8             0.485325              0.986371                     0.135488
6     12     3.595          16.8             0.521275              1.60053                     0.172589
6     12     3.595          16.8             0.557225              1.54469                     0.169552
6     12     3.595          16.8             0.593175              1.65636                     0.175574
6     12     3.595          16.8             0.629125              1.22831                     0.151195
6     12     3.595          16.8             0.665075              1.71219                     0.178508
6     12     3.595          16.8             0.701025              1.22831                     0.151195
6     12     3.595          16.8             0.736975              1.43303                     0.163309
6     12     3.595          16.8             0.772925              1.48886                     0.16646
6     12     3.595          16.8             0.808875              1.82386                     0.184237
6     12     3.595          16.8             0.844825              1.76802                     0.181395
6     12     3.595          16.8             0.880775              1.71219                     0.178508
6     12     3.595          16.8             0.916725              1.63775                     0.174584
6     12     3.595          16.8             0.952675              1.41442                     0.162245
6     12     3.595          16.8             0.988625              1.74941                     0.180438
6     12     3.595          16.8             1.02458              1.7308                     0.179476
6     12     3.595          16.8             1.06053              2.12163                     0.198709
6     12     3.595          16.8             1.09648              2.19607                     0.202165
6     12     3.595          16.8             1.13243              2.36357                     0.209733
6     12     3.595          16.8             1.16838              2.21468                     0.20302
6     12     3.595          16.8             1.20433              2.43801                     0.21301
6     12     3.595          16.8             1.24028              2.62412                     0.220991
6     12     3.595          16.8             1.27623              2.56829                     0.218627
6     12     3.595          16.8             1.31218              2.43801                     0.21301
6     12     3.595          16.8             1.34813              2.67995                     0.223329
6     12     3.595          16.8             1.38408              2.47523                     0.21463
6     12     3.595          16.8             1.42003              2.53106                     0.217037
6     12     3.595          16.8             1.45598              2.5869                     0.219418
6     12     3.595          16.8             1.49193              2.30774                     0.207241
6     12     3.595          16.8             1.52788              2.4194                     0.212195
6     12     3.595          16.8             1.56383              2.2519                     0.204718
6     12     3.595          16.8             1.59978              1.91691                     0.188879
6     12     3.595          16.8             1.63573              2.19607                     0.202165
6     12     3.595          16.8             1.67168              2.36357                     0.209733
6     12     3.595          16.8             1.70763              1.97274                     0.19161
6     12     3.595          16.8             1.74358              2.43801                     0.21301
6     12     3.595          16.8             1.77953              2.21468                     0.20302
6     12     3.595          16.8             1.81548              2.02857                     0.194302
6     12     3.595          16.8             1.85143              2.08441                     0.196958
6     12     3.595          16.8             1.88738              1.97274                     0.19161
6     12     3.595          16.8             1.92333              1.76802                     0.181395
6     12     3.595          16.8             1.95928              1.65636                     0.175574
6     12     3.595          16.8             1.99523              1.7308                     0.179476
6     12     3.595          16.8             2.03118              1.71219                     0.178508
6     12     3.595          16.8             2.06712              1.67497                     0.176557
6     12     3.595          16.8             2.10308              1.60053                     0.172589
6     12     3.595          16.8             2.13903              1.54469                     0.169552
6     12     3.595          16.8             2.17497              1.28414                     0.154593
6     12     3.595          16.8             2.21093              1.5633                     0.170571
6     12     3.595          16.8             2.24688              1.43303                     0.163309
6     12     3.595          16.8             2.28282              1.45164                     0.164366
6     12     3.595          16.8             2.31878              1.41442                     0.162245
6     12     3.595          16.8             2.35473              1.54469                     0.169552
6     12     3.595          16.8             2.39067              1.32136                     0.156817
6     12     3.595          16.8             2.42663              1.60053                     0.172589
6     12     3.595          16.8             2.46258              1.28414                     0.154593
6     12     3.595          16.8             2.49852              1.39581                     0.161174
6     12     3.595          16.8             2.53448              1.2097                     0.150045
6     12     3.595          16.8             2.57043              1.06081                     0.140508
6     12     3.595          16.8             2.60637              1.24692                     0.152336
6     12     3.595          16.8             2.64233              1.43303                     0.163309
6     12     3.595          16.8             2.67828              1.19109                     0.148886
6     12     3.595          16.8             2.71422              0.949149                     0.132907
6     12     3.595          16.8             2.75018              1.22831                     0.151195
6     12     3.595          16.8             2.78613              1.0422                     0.13927
6     12     3.595          16.8             2.82207              1.13526                     0.145355
6     12     3.595          16.8             2.85803              0.986371                     0.135488
6     12     3.595          16.8             2.89398              0.986371                     0.135488
6     12     3.595          16.8             2.92992              0.651377                     0.110103
6     12     3.595          16.8             2.96588              1.0422                     0.13927
6     12     3.595          16.8             3.00183              0.818874                     0.12345
6     12     3.595          16.8             3.03777              0.893317                     0.128939
6     12     3.595          16.8             3.07373              0.837485                     0.124845
6     12     3.595          16.8             3.10968              0.614155                     0.106911
6     12     3.595          16.8             3.14562              0.96776                     0.134204
6     12     3.595          16.8             3.18158              0.800263                     0.122039
6     12     3.595          16.8             3.21753              0.614155                     0.106911
6     12     3.595          16.8             3.25347              0.688598                     0.113205
6     12     3.595          16.8             3.28943              0.558323                     0.101935
6     12     3.595          16.8             3.32538              0.48388                     0.0948967
6     12     3.595          16.8             3.36132              0.428048                     0.0892541
6     12     3.595          16.8             3.39728              0.223329                     0.0644696
6     12     3.595          16.8             3.43323              0.297772                     0.0744431
6     12     3.595          16.8             3.46917              0.186108                     0.0588524
6     12     3.595          16.8             3.50513              0.186108                     0.0588524
6     12     3.595          16.8             3.54108              0.0558323                     0.0322348
*******************************************************************************************************
 Average angle 16.8795 +- 0.200238 deg 
 Average E' 1.89435 +- 0.0224723 GeV 
