*******************************************************************************************************
Z     A     E(GeV)     Theta(deg)     Energy Loss(GeV)     Sigma(nb/sr/GeV)     ERROR     Citation     
*******************************************************************************************************
6     12     0.1          129.6             0.0005              2.1753                     0.173608
6     12     0.1          129.6             0.0015              3.22831                     0.211493
6     12     0.1          129.6             0.0025              3.39457                     0.216871
6     12     0.1          129.6             0.0035              3.74095                     0.227667
6     12     0.1          129.6             0.0045              4.07348                     0.23757
6     12     0.1          129.6             0.0055              4.18433                     0.240781
6     12     0.1          129.6             0.0065              5.23734                     0.26938
6     12     0.1          129.6             0.0075              5.02951                     0.263981
6     12     0.1          129.6             0.0085              5.63914                     0.279522
6     12     0.1          129.6             0.0095              5.93011                     0.286642
6     12     0.1          129.6             0.0105              6.53974                     0.301016
6     12     0.1          129.6             0.0115              6.1795                     0.292608
6     12     0.1          129.6             0.0125              6.59516                     0.302289
6     12     0.1          129.6             0.0135              6.69215                     0.304503
6     12     0.1          129.6             0.0145              6.5536                     0.301335
6     12     0.1          129.6             0.0155              6.56745                     0.301653
6     12     0.1          129.6             0.0165              7.2048                     0.315951
6     12     0.1          129.6             0.0175              6.98312                     0.311053
6     12     0.1          129.6             0.0185              6.9554                     0.310435
6     12     0.1          129.6             0.0195              6.87227                     0.308574
6     12     0.1          129.6             0.0205              6.53974                     0.301016
6     12     0.1          129.6             0.0215              6.81685                     0.307327
6     12     0.1          129.6             0.0225              6.73372                     0.305448
6     12     0.1          129.6             0.0235              6.63673                     0.30324
6     12     0.1          129.6             0.0245              6.1795                     0.292608
6     12     0.1          129.6             0.0255              6.69215                     0.304503
6     12     0.1          129.6             0.0265              6.23492                     0.293917
6     12     0.1          129.6             0.0275              5.76384                     0.282596
6     12     0.1          129.6             0.0285              5.56987                     0.2778
6     12     0.1          129.6             0.0295              5.91625                     0.286307
6     12     0.1          129.6             0.0305              5.84697                     0.284626
6     12     0.1          129.6             0.0315              5.14035                     0.266874
6     12     0.1          129.6             0.0325              5.19577                     0.268308
6     12     0.1          129.6             0.0335              5.11264                     0.266153
6     12     0.1          129.6             0.0345              5.01565                     0.263617
6     12     0.1          129.6             0.0355              4.36445                     0.245909
6     12     0.1          129.6             0.0365              4.59999                     0.252457
6     12     0.1          129.6             0.0375              4.36445                     0.245909
6     12     0.1          129.6             0.0385              4.64155                     0.253595
6     12     0.1          129.6             0.0395              2.03674                     0.167988
6     12     0.1          129.6             0.0405              0                     0
6     12     0.1          129.6             0.0415              0                     0
6     12     0.1          129.6             0.0425              0                     0
6     12     0.1          129.6             0.0435              0                     0
6     12     0.1          129.6             0.0445              0                     0
6     12     0.1          129.6             0.0455              0                     0
6     12     0.1          129.6             0.0465              0                     0
6     12     0.1          129.6             0.0475              0                     0
6     12     0.1          129.6             0.0485              0                     0
6     12     0.1          129.6             0.0495              0                     0
6     12     0.1          129.6             0.0505              0                     0
6     12     0.1          129.6             0.0515              0                     0
6     12     0.1          129.6             0.0525              0                     0
6     12     0.1          129.6             0.0535              0                     0
6     12     0.1          129.6             0.0545              0                     0
6     12     0.1          129.6             0.0555              0                     0
6     12     0.1          129.6             0.0565              0                     0
6     12     0.1          129.6             0.0575              0                     0
6     12     0.1          129.6             0.0585              0                     0
6     12     0.1          129.6             0.0595              0                     0
6     12     0.1          129.6             0.0605              0                     0
6     12     0.1          129.6             0.0615              0                     0
6     12     0.1          129.6             0.0625              0                     0
6     12     0.1          129.6             0.0635              0                     0
6     12     0.1          129.6             0.0645              0                     0
6     12     0.1          129.6             0.0655              0                     0
6     12     0.1          129.6             0.0665              0                     0
6     12     0.1          129.6             0.0675              0                     0
6     12     0.1          129.6             0.0685              0                     0
6     12     0.1          129.6             0.0695              0                     0
6     12     0.1          129.6             0.0705              0                     0
6     12     0.1          129.6             0.0715              0                     0
6     12     0.1          129.6             0.0725              0                     0
6     12     0.1          129.6             0.0735              0                     0
6     12     0.1          129.6             0.0745              0                     0
6     12     0.1          129.6             0.0755              0                     0
6     12     0.1          129.6             0.0765              0                     0
6     12     0.1          129.6             0.0775              0                     0
6     12     0.1          129.6             0.0785              0                     0
6     12     0.1          129.6             0.0795              0                     0
6     12     0.1          129.6             0.0805              0                     0
6     12     0.1          129.6             0.0815              0                     0
6     12     0.1          129.6             0.0825              0                     0
6     12     0.1          129.6             0.0835              0                     0
6     12     0.1          129.6             0.0845              0                     0
6     12     0.1          129.6             0.0855              0                     0
6     12     0.1          129.6             0.0865              0                     0
6     12     0.1          129.6             0.0875              0                     0
6     12     0.1          129.6             0.0885              0                     0
6     12     0.1          129.6             0.0895              0                     0
6     12     0.1          129.6             0.0905              0                     0
6     12     0.1          129.6             0.0915              0                     0
6     12     0.1          129.6             0.0925              0                     0
6     12     0.1          129.6             0.0935              0                     0
6     12     0.1          129.6             0.0945              0                     0
6     12     0.1          129.6             0.0955              0                     0
6     12     0.1          129.6             0.0965              0                     0
6     12     0.1          129.6             0.0975              0                     0
6     12     0.1          129.6             0.0985              0                     0
*******************************************************************************************************
 Average angle 130.995 +- 1.04152 deg 
 Average E' 0.0798132 +- 0.000634578 GeV 
