*******************************************************************************************************
Z     A     E(GeV)     Theta(deg)     Energy Loss(GeV)     Sigma(nb/sr/GeV)     ERROR     Citation     
*******************************************************************************************************
6     12     0.4          68.4             0.002              0                     0
6     12     0.4          68.4             0.006              0.02328                     0.02328
6     12     0.4          68.4             0.01              0.13968                     0.0570241
6     12     0.4          68.4             0.014              0.20952                     0.06984
6     12     0.4          68.4             0.018              0.27936                     0.0806443
6     12     0.4          68.4             0.022              0.53544                     0.111647
6     12     0.4          68.4             0.026              0.79152                     0.135745
6     12     0.4          68.4             0.03              0.97776                     0.150872
6     12     0.4          68.4             0.034              1.0476                     0.156167
6     12     0.4          68.4             0.038              1.3968                     0.180326
6     12     0.4          68.4             0.042              2.0952                     0.220854
6     12     0.4          68.4             0.046              2.18832                     0.225708
6     12     0.4          68.4             0.05              2.86344                     0.258188
6     12     0.4          68.4             0.054              2.97984                     0.263383
6     12     0.4          68.4             0.058              3.2592                     0.275453
6     12     0.4          68.4             0.062              3.67824                     0.292625
6     12     0.4          68.4             0.066              4.63272                     0.328405
6     12     0.4          68.4             0.07              5.26128                     0.349975
6     12     0.4          68.4             0.074              5.54064                     0.359147
6     12     0.4          68.4             0.078              5.49408                     0.357634
6     12     0.4          68.4             0.082              5.79672                     0.367352
6     12     0.4          68.4             0.086              5.79672                     0.367352
6     12     0.4          68.4             0.09              5.30784                     0.35152
6     12     0.4          68.4             0.094              5.79672                     0.367352
6     12     0.4          68.4             0.098              5.82                     0.368089
6     12     0.4          68.4             0.102              6.12264                     0.377538
6     12     0.4          68.4             0.106              5.65704                     0.362899
6     12     0.4          68.4             0.11              6.82104                     0.39849
6     12     0.4          68.4             0.114              5.26128                     0.349975
6     12     0.4          68.4             0.118              5.77344                     0.366614
6     12     0.4          68.4             0.122              5.61048                     0.361403
6     12     0.4          68.4             0.126              5.54064                     0.359147
6     12     0.4          68.4             0.13              4.51632                     0.324253
6     12     0.4          68.4             0.134              3.9576                     0.303534
6     12     0.4          68.4             0.138              4.37664                     0.319199
6     12     0.4          68.4             0.142              3.53856                     0.287015
6     12     0.4          68.4             0.146              4.00416                     0.305314
6     12     0.4          68.4             0.15              3.91104                     0.301743
6     12     0.4          68.4             0.154              3.11952                     0.269486
6     12     0.4          68.4             0.158              2.91                     0.260278
6     12     0.4          68.4             0.162              3.42216                     0.282255
6     12     0.4          68.4             0.166              2.53752                     0.24305
6     12     0.4          68.4             0.17              2.39784                     0.236266
6     12     0.4          68.4             0.174              1.83912                     0.206917
6     12     0.4          68.4             0.178              1.81584                     0.205603
6     12     0.4          68.4             0.182              1.58304                     0.191972
6     12     0.4          68.4             0.186              1.72272                     0.200262
6     12     0.4          68.4             0.19              1.69944                     0.198905
6     12     0.4          68.4             0.194              1.76928                     0.20295
6     12     0.4          68.4             0.198              1.5132                     0.187689
6     12     0.4          68.4             0.202              1.32696                     0.17576
6     12     0.4          68.4             0.206              1.21056                     0.167875
6     12     0.4          68.4             0.21              1.6296                     0.194775
6     12     0.4          68.4             0.214              1.23384                     0.169481
6     12     0.4          68.4             0.218              1.18728                     0.166253
6     12     0.4          68.4             0.222              1.2804                     0.172649
6     12     0.4          68.4             0.226              1.11744                     0.161289
6     12     0.4          68.4             0.23              1.07088                     0.157893
6     12     0.4          68.4             0.234              1.30368                     0.174212
6     12     0.4          68.4             0.238              1.35024                     0.177295
6     12     0.4          68.4             0.242              1.35024                     0.177295
6     12     0.4          68.4             0.246              1.18728                     0.166253
6     12     0.4          68.4             0.25              1.35024                     0.177295
6     12     0.4          68.4             0.254              1.37352                     0.178817
6     12     0.4          68.4             0.258              1.32696                     0.17576
6     12     0.4          68.4             0.262              1.79256                     0.204281
6     12     0.4          68.4             0.266              1.46664                     0.184779
6     12     0.4          68.4             0.27              1.58304                     0.191972
6     12     0.4          68.4             0.274              1.44336                     0.183307
6     12     0.4          68.4             0.278              1.48992                     0.18624
6     12     0.4          68.4             0.282              1.58304                     0.191972
6     12     0.4          68.4             0.286              1.60632                     0.193378
6     12     0.4          68.4             0.29              1.67616                     0.197537
6     12     0.4          68.4             0.294              1.8624                     0.208223
6     12     0.4          68.4             0.298              2.04864                     0.218386
6     12     0.4          68.4             0.302              1.5132                     0.187689
6     12     0.4          68.4             0.306              2.00208                     0.21589
6     12     0.4          68.4             0.31              1.90896                     0.210809
6     12     0.4          68.4             0.314              1.90896                     0.210809
6     12     0.4          68.4             0.318              2.11848                     0.222077
6     12     0.4          68.4             0.322              2.18832                     0.225708
6     12     0.4          68.4             0.326              2.53752                     0.24305
6     12     0.4          68.4             0.33              2.60736                     0.246372
6     12     0.4          68.4             0.334              3.30576                     0.277413
6     12     0.4          68.4             0.338              3.16608                     0.271489
6     12     0.4          68.4             0.342              3.09624                     0.268478
6     12     0.4          68.4             0.346              3.07296                     0.267467
6     12     0.4          68.4             0.35              3.77136                     0.296306
6     12     0.4          68.4             0.354              3.23592                     0.274467
6     12     0.4          68.4             0.358              3.56184                     0.287958
6     12     0.4          68.4             0.362              1.07088                     0.157893
6     12     0.4          68.4             0.366              0                     0
6     12     0.4          68.4             0.37              0                     0
6     12     0.4          68.4             0.374              0                     0
6     12     0.4          68.4             0.378              0                     0
6     12     0.4          68.4             0.382              0                     0
6     12     0.4          68.4             0.386              0                     0
6     12     0.4          68.4             0.39              0                     0
6     12     0.4          68.4             0.394              0                     0
*******************************************************************************************************
 Average angle 68.8315 +- 0.677559 deg 
 Average E' 0.231197 +- 0.00227584 GeV 
