*******************************************************************************************************
Z     A     E(GeV)     Theta(deg)     Energy Loss(GeV)     Sigma(nb/sr/GeV)     ERROR     Citation     
*******************************************************************************************************
6     12     2.222          61             0.01111              0                     0
6     12     2.222          61             0.03333              0                     0
6     12     2.222          61             0.05555              0                     0
6     12     2.222          61             0.07777              0                     0
6     12     2.222          61             0.09999              0                     0
6     12     2.222          61             0.12221              0                     0
6     12     2.222          61             0.14443              0                     0
6     12     2.222          61             0.16665              0                     0
6     12     2.222          61             0.18887              0                     0
6     12     2.222          61             0.21109              0                     0
6     12     2.222          61             0.23331              0                     0
6     12     2.222          61             0.25553              0                     0
6     12     2.222          61             0.27775              0                     0
6     12     2.222          61             0.29997              0                     0
6     12     2.222          61             0.32219              0                     0
6     12     2.222          61             0.34441              0                     0
6     12     2.222          61             0.36663              0                     0
6     12     2.222          61             0.38885              0                     0
6     12     2.222          61             0.41107              0                     0
6     12     2.222          61             0.43329              0                     0
6     12     2.222          61             0.45551              0                     0
6     12     2.222          61             0.47773              0                     0
6     12     2.222          61             0.49995              0                     0
6     12     2.222          61             0.52217              0                     0
6     12     2.222          61             0.54439              0                     0
6     12     2.222          61             0.56661              0                     0
6     12     2.222          61             0.58883              0                     0
6     12     2.222          61             0.61105              0                     0
6     12     2.222          61             0.63327              0                     0
6     12     2.222          61             0.65549              0                     0
6     12     2.222          61             0.67771              0                     0
6     12     2.222          61             0.69993              0                     0
6     12     2.222          61             0.72215              0                     0
6     12     2.222          61             0.74437              0                     0
6     12     2.222          61             0.76659              0                     0
6     12     2.222          61             0.78881              0                     0
6     12     2.222          61             0.81103              0                     0
6     12     2.222          61             0.83325              0                     0
6     12     2.222          61             0.85547              0                     0
6     12     2.222          61             0.87769              0                     0
6     12     2.222          61             0.89991              0                     0
6     12     2.222          61             0.92213              0                     0
6     12     2.222          61             0.94435              0                     0
6     12     2.222          61             0.96657              0                     0
6     12     2.222          61             0.98879              0                     0
6     12     2.222          61             1.01101              0                     0
6     12     2.222          61             1.03323              0                     0
6     12     2.222          61             1.05545              0                     0
6     12     2.222          61             1.07767              0                     0
6     12     2.222          61             1.09989              0                     0
6     12     2.222          61             1.12211              0                     0
6     12     2.222          61             1.14433              0                     0
6     12     2.222          61             1.16655              0                     0
6     12     2.222          61             1.18877              0                     0
6     12     2.222          61             1.21099              0                     0
6     12     2.222          61             1.23321              0                     0
6     12     2.222          61             1.25543              0                     0
6     12     2.222          61             1.27765              0                     0
6     12     2.222          61             1.29987              0                     0
6     12     2.222          61             1.32209              0                     0
6     12     2.222          61             1.34431              0                     0
6     12     2.222          61             1.36653              0                     0
6     12     2.222          61             1.38875              0                     0
6     12     2.222          61             1.41097              0.048707                     0.0217824
6     12     2.222          61             1.43319              0.0292242                     0.0168726
6     12     2.222          61             1.45541              0.0681898                     0.0257733
6     12     2.222          61             1.47763              0.0097414                     0.0097414
6     12     2.222          61             1.49985              0.0194828                     0.0137764
6     12     2.222          61             1.52207              0.048707                     0.0217824
6     12     2.222          61             1.54429              0.0681898                     0.0257733
6     12     2.222          61             1.56651              0.0292242                     0.0168726
6     12     2.222          61             1.58873              0.0292242                     0.0168726
6     12     2.222          61             1.61095              0.0681898                     0.0257733
6     12     2.222          61             1.63317              0.048707                     0.0217824
6     12     2.222          61             1.65539              0.048707                     0.0217824
6     12     2.222          61             1.67761              0.048707                     0.0217824
6     12     2.222          61             1.69983              0.048707                     0.0217824
6     12     2.222          61             1.72205              0.0779312                     0.0275528
6     12     2.222          61             1.74427              0.0292242                     0.0168726
6     12     2.222          61             1.76649              0.0779312                     0.0275528
6     12     2.222          61             1.78871              0.0584484                     0.0238615
6     12     2.222          61             1.81093              0.0876726                     0.0292242
6     12     2.222          61             1.83315              0.0779312                     0.0275528
6     12     2.222          61             1.85537              0.116897                     0.0337452
6     12     2.222          61             1.87759              0.0681898                     0.0257733
6     12     2.222          61             1.89981              0.0876726                     0.0292242
6     12     2.222          61             1.92203              0.048707                     0.0217824
6     12     2.222          61             1.94425              0.0389656                     0.0194828
6     12     2.222          61             1.96647              0.165604                     0.0401648
6     12     2.222          61             1.98869              0.126638                     0.0351231
6     12     2.222          61             2.01091              0.097414                     0.030805
6     12     2.222          61             2.03313              0.0681898                     0.0257733
6     12     2.222          61             2.05535              0.107155                     0.0323086
6     12     2.222          61             2.07757              0.116897                     0.0337452
6     12     2.222          61             2.09979              0.116897                     0.0337452
6     12     2.222          61             2.12201              0.107155                     0.0323086
6     12     2.222          61             2.14423              0.0779312                     0.0275528
6     12     2.222          61             2.16645              0.0681898                     0.0257733
6     12     2.222          61             2.18867              0.048707                     0.0217824
*******************************************************************************************************
 Average angle 61.2091 +- 3.82557 deg 
 Average E' 0.352891 +- 0.0220557 GeV 
