*******************************************************************************************************
Z     A     E(GeV)     Theta(deg)     Energy Loss(GeV)     Sigma(nb/sr/GeV)     ERROR     Citation     
*******************************************************************************************************
6     12     0.1          169.2             0.0005              0.626708                     0.18896
6     12     0.1          169.2             0.0015              1.02552                     0.241718
6     12     0.1          169.2             0.0025              1.25342                     0.267229
6     12     0.1          169.2             0.0035              1.02552                     0.241718
6     12     0.1          169.2             0.0045              1.76618                     0.317215
6     12     0.1          169.2             0.0055              1.9371                     0.332209
6     12     0.1          169.2             0.0065              2.73473                     0.394724
6     12     0.1          169.2             0.0075              2.22196                     0.355799
6     12     0.1          169.2             0.0085              2.10802                     0.346556
6     12     0.1          169.2             0.0095              1.36736                     0.279112
6     12     0.1          169.2             0.0105              1.88012                     0.327288
6     12     0.1          169.2             0.0115              3.24749                     0.43014
6     12     0.1          169.2             0.0125              2.27894                     0.360332
6     12     0.1          169.2             0.0135              2.44986                     0.3736
6     12     0.1          169.2             0.0145              2.33591                     0.364808
6     12     0.1          169.2             0.0155              3.36143                     0.437621
6     12     0.1          169.2             0.0165              2.22196                     0.355799
6     12     0.1          169.2             0.0175              2.22196                     0.355799
6     12     0.1          169.2             0.0185              2.84867                     0.402863
6     12     0.1          169.2             0.0195              2.67775                     0.39059
6     12     0.1          169.2             0.0205              3.01959                     0.414773
6     12     0.1          169.2             0.0215              3.07657                     0.418668
6     12     0.1          169.2             0.0225              2.84867                     0.402863
6     12     0.1          169.2             0.0235              2.7917                     0.398814
6     12     0.1          169.2             0.0245              2.22196                     0.355799
6     12     0.1          169.2             0.0255              3.01959                     0.414773
6     12     0.1          169.2             0.0265              2.44986                     0.3736
6     12     0.1          169.2             0.0275              2.84867                     0.402863
6     12     0.1          169.2             0.0285              2.56381                     0.382189
6     12     0.1          169.2             0.0295              2.56381                     0.382189
6     12     0.1          169.2             0.0305              2.67775                     0.39059
6     12     0.1          169.2             0.0315              1.82315                     0.32229
6     12     0.1          169.2             0.0325              2.27894                     0.360332
6     12     0.1          169.2             0.0335              1.82315                     0.32229
6     12     0.1          169.2             0.0345              2.10802                     0.346556
6     12     0.1          169.2             0.0355              2.33591                     0.364808
6     12     0.1          169.2             0.0365              2.05104                     0.341841
6     12     0.1          169.2             0.0375              1.76618                     0.317215
6     12     0.1          169.2             0.0385              2.33591                     0.364808
6     12     0.1          169.2             0.0395              1.65223                     0.306811
6     12     0.1          169.2             0.0405              2.39288                     0.36923
6     12     0.1          169.2             0.0415              2.22196                     0.355799
6     12     0.1          169.2             0.0425              1.7092                     0.312056
6     12     0.1          169.2             0.0435              1.13947                     0.254793
6     12     0.1          169.2             0.0445              1.0825                     0.248341
6     12     0.1          169.2             0.0455              1.36736                     0.279112
6     12     0.1          169.2             0.0465              1.0825                     0.248341
6     12     0.1          169.2             0.0475              1.76618                     0.317215
6     12     0.1          169.2             0.0485              1.02552                     0.241718
6     12     0.1          169.2             0.0495              0.854602                     0.220657
6     12     0.1          169.2             0.0505              0                     0
6     12     0.1          169.2             0.0515              0                     0
6     12     0.1          169.2             0.0525              0                     0
6     12     0.1          169.2             0.0535              0                     0
6     12     0.1          169.2             0.0545              0                     0
6     12     0.1          169.2             0.0555              0                     0
6     12     0.1          169.2             0.0565              0                     0
6     12     0.1          169.2             0.0575              0                     0
6     12     0.1          169.2             0.0585              0                     0
6     12     0.1          169.2             0.0595              0                     0
6     12     0.1          169.2             0.0605              0                     0
6     12     0.1          169.2             0.0615              0                     0
6     12     0.1          169.2             0.0625              0                     0
6     12     0.1          169.2             0.0635              0                     0
6     12     0.1          169.2             0.0645              0                     0
6     12     0.1          169.2             0.0655              0                     0
6     12     0.1          169.2             0.0665              0                     0
6     12     0.1          169.2             0.0675              0                     0
6     12     0.1          169.2             0.0685              0                     0
6     12     0.1          169.2             0.0695              0                     0
6     12     0.1          169.2             0.0705              0                     0
6     12     0.1          169.2             0.0715              0                     0
6     12     0.1          169.2             0.0725              0                     0
6     12     0.1          169.2             0.0735              0                     0
6     12     0.1          169.2             0.0745              0                     0
6     12     0.1          169.2             0.0755              0                     0
6     12     0.1          169.2             0.0765              0                     0
6     12     0.1          169.2             0.0775              0                     0
6     12     0.1          169.2             0.0785              0                     0
6     12     0.1          169.2             0.0795              0                     0
6     12     0.1          169.2             0.0805              0                     0
6     12     0.1          169.2             0.0815              0                     0
6     12     0.1          169.2             0.0825              0                     0
6     12     0.1          169.2             0.0835              0                     0
6     12     0.1          169.2             0.0845              0                     0
6     12     0.1          169.2             0.0855              0                     0
6     12     0.1          169.2             0.0865              0                     0
6     12     0.1          169.2             0.0875              0                     0
6     12     0.1          169.2             0.0885              0                     0
6     12     0.1          169.2             0.0895              0                     0
6     12     0.1          169.2             0.0905              0                     0
6     12     0.1          169.2             0.0915              0                     0
6     12     0.1          169.2             0.0925              0                     0
6     12     0.1          169.2             0.0935              0                     0
6     12     0.1          169.2             0.0945              0                     0
6     12     0.1          169.2             0.0955              0                     0
6     12     0.1          169.2             0.0965              0                     0
6     12     0.1          169.2             0.0975              0                     0
6     12     0.1          169.2             0.0985              0                     0
*******************************************************************************************************
 Average angle 170.597 +- 3.98357 deg 
 Average E' 0.0757671 +- 0.00176922 GeV 
