*******************************************************************************************************
Z     A     E(GeV)     Theta(deg)     Energy Loss(GeV)     Sigma(nb/sr/GeV)     ERROR     Citation     
*******************************************************************************************************
6     12     0.24          168.8             0.0012              0                     0
6     12     0.24          168.8             0.0036              0                     0
6     12     0.24          168.8             0.006              0                     0
6     12     0.24          168.8             0.0084              0                     0
6     12     0.24          168.8             0.0108              0.127224                     0.127224
6     12     0.24          168.8             0.0132              0.127224                     0.127224
6     12     0.24          168.8             0.0156              0.127224                     0.127224
6     12     0.24          168.8             0.018              0.127224                     0.127224
6     12     0.24          168.8             0.0204              0.127224                     0.127224
6     12     0.24          168.8             0.0228              0                     0
6     12     0.24          168.8             0.0252              0                     0
6     12     0.24          168.8             0.0276              0.254447                     0.179921
6     12     0.24          168.8             0.03              0.254447                     0.179921
6     12     0.24          168.8             0.0324              0.254447                     0.179921
6     12     0.24          168.8             0.0348              0.508895                     0.254447
6     12     0.24          168.8             0.0372              0.508895                     0.254447
6     12     0.24          168.8             0.0396              0.763342                     0.311633
6     12     0.24          168.8             0.042              0.254447                     0.179921
6     12     0.24          168.8             0.0444              0.763342                     0.311633
6     12     0.24          168.8             0.0468              0.381671                     0.220358
6     12     0.24          168.8             0.0492              0.890566                     0.336602
6     12     0.24          168.8             0.0516              0.763342                     0.311633
6     12     0.24          168.8             0.054              0.254447                     0.179921
6     12     0.24          168.8             0.0564              0.636118                     0.284481
6     12     0.24          168.8             0.0588              0.763342                     0.311633
6     12     0.24          168.8             0.0612              1.27224                     0.402317
6     12     0.24          168.8             0.0636              0.508895                     0.254447
6     12     0.24          168.8             0.066              1.01779                     0.359843
6     12     0.24          168.8             0.0684              1.52668                     0.440716
6     12     0.24          168.8             0.0708              1.39946                     0.421953
6     12     0.24          168.8             0.0732              1.52668                     0.440716
6     12     0.24          168.8             0.0756              1.39946                     0.421953
6     12     0.24          168.8             0.078              0.763342                     0.311633
6     12     0.24          168.8             0.0804              1.52668                     0.440716
6     12     0.24          168.8             0.0828              0.890566                     0.336602
6     12     0.24          168.8             0.0852              0.890566                     0.336602
6     12     0.24          168.8             0.0876              1.27224                     0.402317
6     12     0.24          168.8             0.09              0.381671                     0.220358
6     12     0.24          168.8             0.0924              0.763342                     0.311633
6     12     0.24          168.8             0.0948              0.763342                     0.311633
6     12     0.24          168.8             0.0972              1.39946                     0.421953
6     12     0.24          168.8             0.0996              0.890566                     0.336602
6     12     0.24          168.8             0.102              0.763342                     0.311633
6     12     0.24          168.8             0.1044              1.14501                     0.381671
6     12     0.24          168.8             0.1068              1.14501                     0.381671
6     12     0.24          168.8             0.1092              1.52668                     0.440716
6     12     0.24          168.8             0.1116              0.890566                     0.336602
6     12     0.24          168.8             0.114              1.01779                     0.359843
6     12     0.24          168.8             0.1164              1.14501                     0.381671
6     12     0.24          168.8             0.1188              1.39946                     0.421953
6     12     0.24          168.8             0.1212              1.27224                     0.402317
6     12     0.24          168.8             0.1236              0.508895                     0.254447
6     12     0.24          168.8             0.126              0.763342                     0.311633
6     12     0.24          168.8             0.1284              0.508895                     0.254447
6     12     0.24          168.8             0.1308              0.763342                     0.311633
6     12     0.24          168.8             0.1332              0.763342                     0.311633
6     12     0.24          168.8             0.1356              0.508895                     0.254447
6     12     0.24          168.8             0.138              0.763342                     0.311633
6     12     0.24          168.8             0.1404              0.508895                     0.254447
6     12     0.24          168.8             0.1428              0.508895                     0.254447
6     12     0.24          168.8             0.1452              0.381671                     0.220358
6     12     0.24          168.8             0.1476              0.508895                     0.254447
6     12     0.24          168.8             0.15              0.381671                     0.220358
6     12     0.24          168.8             0.1524              0.127224                     0.127224
6     12     0.24          168.8             0.1548              0.254447                     0.179921
6     12     0.24          168.8             0.1572              0.763342                     0.311633
6     12     0.24          168.8             0.1596              0.636118                     0.284481
6     12     0.24          168.8             0.162              0.508895                     0.254447
6     12     0.24          168.8             0.1644              0.254447                     0.179921
6     12     0.24          168.8             0.1668              0.254447                     0.179921
6     12     0.24          168.8             0.1692              0.636118                     0.284481
6     12     0.24          168.8             0.1716              0.254447                     0.179921
6     12     0.24          168.8             0.174              0.890566                     0.336602
6     12     0.24          168.8             0.1764              0.508895                     0.254447
6     12     0.24          168.8             0.1788              0.381671                     0.220358
6     12     0.24          168.8             0.1812              0.127224                     0.127224
6     12     0.24          168.8             0.1836              0.381671                     0.220358
6     12     0.24          168.8             0.186              0.127224                     0.127224
6     12     0.24          168.8             0.1884              0.254447                     0.179921
6     12     0.24          168.8             0.1908              0.254447                     0.179921
6     12     0.24          168.8             0.1932              0.636118                     0.284481
6     12     0.24          168.8             0.1956              0.254447                     0.179921
6     12     0.24          168.8             0.198              0                     0
6     12     0.24          168.8             0.2004              0.508895                     0.254447
6     12     0.24          168.8             0.2028              0.254447                     0.179921
6     12     0.24          168.8             0.2052              0.381671                     0.220358
6     12     0.24          168.8             0.2076              0.508895                     0.254447
6     12     0.24          168.8             0.21              0.127224                     0.127224
6     12     0.24          168.8             0.2124              0.381671                     0.220358
6     12     0.24          168.8             0.2148              0.381671                     0.220358
6     12     0.24          168.8             0.2172              0.127224                     0.127224
6     12     0.24          168.8             0.2196              0.381671                     0.220358
6     12     0.24          168.8             0.222              0                     0
6     12     0.24          168.8             0.2244              0                     0
6     12     0.24          168.8             0.2268              0                     0
6     12     0.24          168.8             0.2292              0                     0
6     12     0.24          168.8             0.2316              0                     0
6     12     0.24          168.8             0.234              0                     0
6     12     0.24          168.8             0.2364              0                     0
*******************************************************************************************************
 Average angle 169.354 +- 8.23426 deg 
 Average E' 0.132039 +- 0.00641997 GeV 
