*******************************************************************************************************
Z     A     E(GeV)     Theta(deg)     Energy Loss(GeV)     Sigma(nb/sr/GeV)     ERROR     Citation     
*******************************************************************************************************
6     12     0.24          140.8             0.0012              0                     0
6     12     0.24          140.8             0.0036              0                     0
6     12     0.24          140.8             0.006              0                     0
6     12     0.24          140.8             0.0084              0.0781964                     0.0552932
6     12     0.24          140.8             0.0108              0.0390982                     0.0390982
6     12     0.24          140.8             0.0132              0.0781964                     0.0552932
6     12     0.24          140.8             0.0156              0.0781964                     0.0552932
6     12     0.24          140.8             0.018              0.0390982                     0.0390982
6     12     0.24          140.8             0.0204              0.195491                     0.0874262
6     12     0.24          140.8             0.0228              0.195491                     0.0874262
6     12     0.24          140.8             0.0252              0.43008                     0.129674
6     12     0.24          140.8             0.0276              0.547375                     0.146292
6     12     0.24          140.8             0.03              0.234589                     0.0957707
6     12     0.24          140.8             0.0324              0.547375                     0.146292
6     12     0.24          140.8             0.0348              0.508277                     0.140971
6     12     0.24          140.8             0.0372              0.66467                     0.161206
6     12     0.24          140.8             0.0396              0.66467                     0.161206
6     12     0.24          140.8             0.042              0.625571                     0.156393
6     12     0.24          140.8             0.0444              0.625571                     0.156393
6     12     0.24          140.8             0.0468              0.860161                     0.183387
6     12     0.24          140.8             0.0492              1.05565                     0.20316
6     12     0.24          140.8             0.0516              1.09475                     0.206888
6     12     0.24          140.8             0.054              0.860161                     0.183387
6     12     0.24          140.8             0.0564              0.938357                     0.191541
6     12     0.24          140.8             0.0588              1.72032                     0.259348
6     12     0.24          140.8             0.0612              1.56393                     0.247279
6     12     0.24          140.8             0.0636              2.1113                     0.287312
6     12     0.24          140.8             0.066              1.44663                     0.237825
6     12     0.24          140.8             0.0684              1.36844                     0.231308
6     12     0.24          140.8             0.0708              1.75942                     0.262279
6     12     0.24          140.8             0.0732              1.64212                     0.253385
6     12     0.24          140.8             0.0756              2.1113                     0.287312
6     12     0.24          140.8             0.078              1.36844                     0.231308
6     12     0.24          140.8             0.0804              2.03311                     0.281941
6     12     0.24          140.8             0.0828              1.60303                     0.250351
6     12     0.24          140.8             0.0852              1.72032                     0.259348
6     12     0.24          140.8             0.0876              1.72032                     0.259348
6     12     0.24          140.8             0.09              1.48573                     0.241018
6     12     0.24          140.8             0.0924              1.36844                     0.231308
6     12     0.24          140.8             0.0948              1.64212                     0.253385
6     12     0.24          140.8             0.0972              1.36844                     0.231308
6     12     0.24          140.8             0.0996              1.99401                     0.279217
6     12     0.24          140.8             0.102              1.44663                     0.237825
6     12     0.24          140.8             0.1044              1.60303                     0.250351
6     12     0.24          140.8             0.1068              1.56393                     0.247279
6     12     0.24          140.8             0.1092              1.48573                     0.241018
6     12     0.24          140.8             0.1116              1.36844                     0.231308
6     12     0.24          140.8             0.114              1.72032                     0.259348
6     12     0.24          140.8             0.1164              1.09475                     0.206888
6     12     0.24          140.8             0.1188              0.781964                     0.174852
6     12     0.24          140.8             0.1212              0.938357                     0.191541
6     12     0.24          140.8             0.1236              1.09475                     0.206888
6     12     0.24          140.8             0.126              0.899259                     0.187508
6     12     0.24          140.8             0.1284              1.17295                     0.21415
6     12     0.24          140.8             0.1308              0.938357                     0.191541
6     12     0.24          140.8             0.1332              0.66467                     0.161206
6     12     0.24          140.8             0.1356              0.742866                     0.170425
6     12     0.24          140.8             0.138              0.547375                     0.146292
6     12     0.24          140.8             0.1404              0.625571                     0.156393
6     12     0.24          140.8             0.1428              0.586473                     0.151427
6     12     0.24          140.8             0.1452              0.508277                     0.140971
6     12     0.24          140.8             0.1476              0.547375                     0.146292
6     12     0.24          140.8             0.15              0.469178                     0.13544
6     12     0.24          140.8             0.1524              0.390982                     0.123639
6     12     0.24          140.8             0.1548              0.351884                     0.117295
6     12     0.24          140.8             0.1572              0.586473                     0.151427
6     12     0.24          140.8             0.1596              0.508277                     0.140971
6     12     0.24          140.8             0.162              0.390982                     0.123639
6     12     0.24          140.8             0.1644              0.508277                     0.140971
6     12     0.24          140.8             0.1668              0.390982                     0.123639
6     12     0.24          140.8             0.1692              0.390982                     0.123639
6     12     0.24          140.8             0.1716              0.273687                     0.103444
6     12     0.24          140.8             0.174              0.351884                     0.117295
6     12     0.24          140.8             0.1764              0.43008                     0.129674
6     12     0.24          140.8             0.1788              0.312786                     0.110586
6     12     0.24          140.8             0.1812              0.351884                     0.117295
6     12     0.24          140.8             0.1836              0.234589                     0.0957707
6     12     0.24          140.8             0.186              0.273687                     0.103444
6     12     0.24          140.8             0.1884              0.195491                     0.0874262
6     12     0.24          140.8             0.1908              0.469178                     0.13544
6     12     0.24          140.8             0.1932              0.508277                     0.140971
6     12     0.24          140.8             0.1956              0.469178                     0.13544
6     12     0.24          140.8             0.198              0.390982                     0.123639
6     12     0.24          140.8             0.2004              0.508277                     0.140971
6     12     0.24          140.8             0.2028              0.547375                     0.146292
6     12     0.24          140.8             0.2052              0.43008                     0.129674
6     12     0.24          140.8             0.2076              0.234589                     0.0957707
6     12     0.24          140.8             0.21              0.469178                     0.13544
6     12     0.24          140.8             0.2124              0.273687                     0.103444
6     12     0.24          140.8             0.2148              0.547375                     0.146292
6     12     0.24          140.8             0.2172              0.0781964                     0.0552932
6     12     0.24          140.8             0.2196              0                     0
6     12     0.24          140.8             0.222              0                     0
6     12     0.24          140.8             0.2244              0                     0
6     12     0.24          140.8             0.2268              0                     0
6     12     0.24          140.8             0.2292              0                     0
6     12     0.24          140.8             0.2316              0                     0
6     12     0.24          140.8             0.234              0                     0
6     12     0.24          140.8             0.2364              0                     0
*******************************************************************************************************
 Average angle 141.379 +- 3.29324 deg 
 Average E' 0.138509 +- 0.00322638 GeV 
