*******************************************************************************************************
Z     A     E(GeV)     Theta(deg)     Energy Loss(GeV)     Sigma(nb/sr/GeV)     ERROR     Citation     
*******************************************************************************************************
6     12     0.16          103.2             0.0008              1.25027                     0.161409
6     12     0.16          103.2             0.0024              1.47948                     0.175583
6     12     0.16          103.2             0.004              1.64619                     0.185211
6     12     0.16          103.2             0.0056              2.08378                     0.208378
6     12     0.16          103.2             0.0072              2.18797                     0.213524
6     12     0.16          103.2             0.0088              2.91729                     0.246556
6     12     0.16          103.2             0.0104              3.35489                     0.264402
6     12     0.16          103.2             0.012              3.2507                     0.260264
6     12     0.16          103.2             0.0136              3.75081                     0.279569
6     12     0.16          103.2             0.0152              4.1884                     0.295427
6     12     0.16          103.2             0.0168              4.33427                     0.300527
6     12     0.16          103.2             0.0184              4.66767                     0.311872
6     12     0.16          103.2             0.02              4.77186                     0.315333
6     12     0.16          103.2             0.0216              4.27175                     0.298352
6     12     0.16          103.2             0.0232              5.20945                     0.329475
6     12     0.16          103.2             0.0248              5.04275                     0.32416
6     12     0.16          103.2             0.0264              5.16778                     0.328154
6     12     0.16          103.2             0.028              5.41783                     0.336
6     12     0.16          103.2             0.0296              5.66789                     0.343666
6     12     0.16          103.2             0.0312              5.14694                     0.327492
6     12     0.16          103.2             0.0328              4.60516                     0.309776
6     12     0.16          103.2             0.0344              5.08443                     0.325497
6     12     0.16          103.2             0.036              6.00129                     0.353629
6     12     0.16          103.2             0.0376              5.37616                     0.334705
6     12     0.16          103.2             0.0392              5.04275                     0.32416
6     12     0.16          103.2             0.0408              6.14716                     0.357901
6     12     0.16          103.2             0.0424              4.83437                     0.317392
6     12     0.16          103.2             0.044              5.37616                     0.334705
6     12     0.16          103.2             0.0456              4.87605                     0.318757
6     12     0.16          103.2             0.0472              5.04275                     0.32416
6     12     0.16          103.2             0.0488              4.68851                     0.312567
6     12     0.16          103.2             0.0504              4.7927                     0.316021
6     12     0.16          103.2             0.052              4.27175                     0.298352
6     12     0.16          103.2             0.0536              3.95919                     0.287229
6     12     0.16          103.2             0.0552              3.83416                     0.282658
6     12     0.16          103.2             0.0568              3.45908                     0.268476
6     12     0.16          103.2             0.0584              3.72997                     0.278791
6     12     0.16          103.2             0.06              3.2507                     0.260264
6     12     0.16          103.2             0.0616              3.06316                     0.252645
6     12     0.16          103.2             0.0632              3.10483                     0.254358
6     12     0.16          103.2             0.0648              2.58389                     0.23204
6     12     0.16          103.2             0.0664              2.81311                     0.242114
6     12     0.16          103.2             0.068              2.50054                     0.228267
6     12     0.16          103.2             0.0696              2.04211                     0.206284
6     12     0.16          103.2             0.0712              2.29216                     0.218549
6     12     0.16          103.2             0.0728              1.8754                     0.197685
6     12     0.16          103.2             0.0744              1.83373                     0.195476
6     12     0.16          103.2             0.076              1.85457                     0.196584
6     12     0.16          103.2             0.0776              1.72954                     0.189842
6     12     0.16          103.2             0.0792              1.3753                     0.169287
6     12     0.16          103.2             0.0808              1.02105                     0.145865
6     12     0.16          103.2             0.0824              1.56284                     0.180461
6     12     0.16          103.2             0.084              1.14608                     0.154537
6     12     0.16          103.2             0.0856              1.04189                     0.147346
6     12     0.16          103.2             0.0872              0.896026                     0.136643
6     12     0.16          103.2             0.0888              0.896026                     0.136643
6     12     0.16          103.2             0.0904              0.750161                     0.125027
6     12     0.16          103.2             0.092              0.770999                     0.126751
6     12     0.16          103.2             0.0936              0.562621                     0.108276
6     12     0.16          103.2             0.0952              0.604297                     0.112215
6     12     0.16          103.2             0.0968              0.47927                     0.0999347
6     12     0.16          103.2             0.0984              0.625134                     0.114133
6     12     0.16          103.2             0.1              0.541783                     0.106252
6     12     0.16          103.2             0.1016              0.395919                     0.0908299
6     12     0.16          103.2             0.1032              0.541783                     0.106252
6     12     0.16          103.2             0.1048              0.541783                     0.106252
6     12     0.16          103.2             0.1064              0.500108                     0.102084
6     12     0.16          103.2             0.108              0.416756                     0.0931895
6     12     0.16          103.2             0.1096              0.291729                     0.077968
6     12     0.16          103.2             0.1112              0                     0
6     12     0.16          103.2             0.1128              0                     0
6     12     0.16          103.2             0.1144              0                     0
6     12     0.16          103.2             0.116              0                     0
6     12     0.16          103.2             0.1176              0                     0
6     12     0.16          103.2             0.1192              0                     0
6     12     0.16          103.2             0.1208              0                     0
6     12     0.16          103.2             0.1224              0                     0
6     12     0.16          103.2             0.124              0                     0
6     12     0.16          103.2             0.1256              0                     0
6     12     0.16          103.2             0.1272              0                     0
6     12     0.16          103.2             0.1288              0                     0
6     12     0.16          103.2             0.1304              0                     0
6     12     0.16          103.2             0.132              0                     0
6     12     0.16          103.2             0.1336              0                     0
6     12     0.16          103.2             0.1352              0                     0
6     12     0.16          103.2             0.1368              0                     0
6     12     0.16          103.2             0.1384              0                     0
6     12     0.16          103.2             0.14              0                     0
6     12     0.16          103.2             0.1416              0                     0
6     12     0.16          103.2             0.1432              0                     0
6     12     0.16          103.2             0.1448              0                     0
6     12     0.16          103.2             0.1464              0                     0
6     12     0.16          103.2             0.148              0                     0
6     12     0.16          103.2             0.1496              0                     0
6     12     0.16          103.2             0.1512              0                     0
6     12     0.16          103.2             0.1528              0                     0
6     12     0.16          103.2             0.1544              0                     0
6     12     0.16          103.2             0.156              0                     0
6     12     0.16          103.2             0.1576              0                     0
*******************************************************************************************************
 Average angle 104.394 +- 1.06337 deg 
 Average E' 0.118171 +- 0.0012037 GeV 
