*******************************************************************************************************
Z     A     E(GeV)     Theta(deg)     Energy Loss(GeV)     Sigma(nb/sr/GeV)     ERROR     Citation     
*******************************************************************************************************
6     12     0.62          54.6             0.0031              0                     0
6     12     0.62          54.6             0.0093              0                     0
6     12     0.62          54.6             0.0155              0                     0
6     12     0.62          54.6             0.0217              0.0446395                     0.0315649
6     12     0.62          54.6             0.0279              0                     0
6     12     0.62          54.6             0.0341              0.111599                     0.0499084
6     12     0.62          54.6             0.0403              0.245517                     0.0740262
6     12     0.62          54.6             0.0465              0.379435                     0.0920266
6     12     0.62          54.6             0.0527              0.357116                     0.0892789
6     12     0.62          54.6             0.0589              0.87047                     0.139387
6     12     0.62          54.6             0.0651              0.513354                     0.107042
6     12     0.62          54.6             0.0713              0.959748                     0.14636
6     12     0.62          54.6             0.0775              1.49542                     0.182695
6     12     0.62          54.6             0.0837              1.76326                     0.198382
6     12     0.62          54.6             0.0899              1.67398                     0.193295
6     12     0.62          54.6             0.0961              2.09805                     0.216398
6     12     0.62          54.6             0.1023              2.81229                     0.250538
6     12     0.62          54.6             0.1085              2.85693                     0.252519
6     12     0.62          54.6             0.1147              3.37028                     0.274269
6     12     0.62          54.6             0.1209              3.12476                     0.264091
6     12     0.62          54.6             0.1271              3.57116                     0.282325
6     12     0.62          54.6             0.1333              3.92827                     0.296105
6     12     0.62          54.6             0.1395              4.44163                     0.314859
6     12     0.62          54.6             0.1457              4.06219                     0.30111
6     12     0.62          54.6             0.1519              4.33003                     0.310878
6     12     0.62          54.6             0.1581              4.10683                     0.30276
6     12     0.62          54.6             0.1643              3.79435                     0.291014
6     12     0.62          54.6             0.1705              4.15147                     0.304401
6     12     0.62          54.6             0.1767              3.54884                     0.281441
6     12     0.62          54.6             0.1829              3.86131                     0.29357
6     12     0.62          54.6             0.1891              3.97291                     0.297782
6     12     0.62          54.6             0.1953              2.87925                     0.253503
6     12     0.62          54.6             0.2015              2.96852                     0.257404
6     12     0.62          54.6             0.2077              2.90157                     0.254484
6     12     0.62          54.6             0.2139              2.83461                     0.251531
6     12     0.62          54.6             0.2201              2.72301                     0.246529
6     12     0.62          54.6             0.2263              1.96414                     0.209378
6     12     0.62          54.6             0.2325              1.96414                     0.209378
6     12     0.62          54.6             0.2387              2.00878                     0.211744
6     12     0.62          54.6             0.2449              1.83022                     0.202114
6     12     0.62          54.6             0.2511              1.6963                     0.194579
6     12     0.62          54.6             0.2573              1.89718                     0.205778
6     12     0.62          54.6             0.2635              1.76326                     0.198382
6     12     0.62          54.6             0.2697              1.71862                     0.195855
6     12     0.62          54.6             0.2759              1.4731                     0.181326
6     12     0.62          54.6             0.2821              1.40614                     0.177157
6     12     0.62          54.6             0.2883              1.67398                     0.193295
6     12     0.62          54.6             0.2945              1.71862                     0.195855
6     12     0.62          54.6             0.3007              1.42846                     0.178558
6     12     0.62          54.6             0.3069              1.5847                     0.188069
6     12     0.62          54.6             0.3131              1.42846                     0.178558
6     12     0.62          54.6             0.3193              1.4731                     0.181326
6     12     0.62          54.6             0.3255              1.38382                     0.175746
6     12     0.62          54.6             0.3317              1.60702                     0.189389
6     12     0.62          54.6             0.3379              1.89718                     0.205778
6     12     0.62          54.6             0.3441              1.56238                     0.18674
6     12     0.62          54.6             0.3503              2.05342                     0.214083
6     12     0.62          54.6             0.3565              1.67398                     0.193295
6     12     0.62          54.6             0.3627              2.0311                     0.212917
6     12     0.62          54.6             0.3689              2.27661                     0.225418
6     12     0.62          54.6             0.3751              1.89718                     0.205778
6     12     0.62          54.6             0.3813              2.16501                     0.219824
6     12     0.62          54.6             0.3875              2.34357                     0.228709
6     12     0.62          54.6             0.3937              2.70069                     0.245517
6     12     0.62          54.6             0.3999              2.16501                     0.219824
6     12     0.62          54.6             0.4061              2.99084                     0.25837
6     12     0.62          54.6             0.4123              2.43285                     0.233025
6     12     0.62          54.6             0.4185              2.49981                     0.23621
6     12     0.62          54.6             0.4247              2.56677                     0.239352
6     12     0.62          54.6             0.4309              2.05342                     0.214083
6     12     0.62          54.6             0.4371              2.07574                     0.215244
6     12     0.62          54.6             0.4433              2.38821                     0.230877
6     12     0.62          54.6             0.4495              2.38821                     0.230877
6     12     0.62          54.6             0.4557              2.72301                     0.246529
6     12     0.62          54.6             0.4619              1.87486                     0.204564
6     12     0.62          54.6             0.4681              2.47749                     0.235153
6     12     0.62          54.6             0.4743              2.67837                     0.2445
6     12     0.62          54.6             0.4805              2.41053                     0.231953
6     12     0.62          54.6             0.4867              1.87486                     0.204564
6     12     0.62          54.6             0.4929              2.45517                     0.234091
6     12     0.62          54.6             0.4991              1.89718                     0.205778
6     12     0.62          54.6             0.5053              2.34357                     0.228709
6     12     0.62          54.6             0.5115              1.71862                     0.195855
6     12     0.62          54.6             0.5177              1.98646                     0.210564
6     12     0.62          54.6             0.5239              1.71862                     0.195855
6     12     0.62          54.6             0.5301              1.62934                     0.1907
6     12     0.62          54.6             0.5363              1.5847                     0.188069
6     12     0.62          54.6             0.5425              1.54006                     0.185402
6     12     0.62          54.6             0.5487              1.00439                     0.149725
6     12     0.62          54.6             0.5549              0.959748                     0.14636
6     12     0.62          54.6             0.5611              1.22759                     0.165528
6     12     0.62          54.6             0.5673              1.00439                     0.149725
6     12     0.62          54.6             0.5735              1.20527                     0.164016
6     12     0.62          54.6             0.5797              0.714231                     0.126259
6     12     0.62          54.6             0.5859              0.0223197                     0.0223197
6     12     0.62          54.6             0.5921              0                     0
6     12     0.62          54.6             0.5983              0                     0
6     12     0.62          54.6             0.6045              0                     0
6     12     0.62          54.6             0.6107              0                     0
*******************************************************************************************************
 Average angle 54.8969 +- 0.595021 deg 
 Average E' 0.326112 +- 0.00353468 GeV 
