*******************************************************************************************************
Z     A     E(GeV)     Theta(deg)     Energy Loss(GeV)     Sigma(nb/sr/GeV)     ERROR     Citation     
*******************************************************************************************************
6     12     0.56          131.4             0.0028              0                     0
6     12     0.56          131.4             0.0084              0                     0
6     12     0.56          131.4             0.014              0                     0
6     12     0.56          131.4             0.0196              0                     0
6     12     0.56          131.4             0.0252              0                     0
6     12     0.56          131.4             0.0308              0                     0
6     12     0.56          131.4             0.0364              0                     0
6     12     0.56          131.4             0.042              0                     0
6     12     0.56          131.4             0.0476              0                     0
6     12     0.56          131.4             0.0532              0                     0
6     12     0.56          131.4             0.0588              0                     0
6     12     0.56          131.4             0.0644              0                     0
6     12     0.56          131.4             0.07              0                     0
6     12     0.56          131.4             0.0756              0                     0
6     12     0.56          131.4             0.0812              0                     0
6     12     0.56          131.4             0.0868              0                     0
6     12     0.56          131.4             0.0924              0                     0
6     12     0.56          131.4             0.098              0                     0
6     12     0.56          131.4             0.1036              0                     0
6     12     0.56          131.4             0.1092              0                     0
6     12     0.56          131.4             0.1148              0                     0
6     12     0.56          131.4             0.1204              0                     0
6     12     0.56          131.4             0.126              0                     0
6     12     0.56          131.4             0.1316              0                     0
6     12     0.56          131.4             0.1372              0                     0
6     12     0.56          131.4             0.1428              0                     0
6     12     0.56          131.4             0.1484              0                     0
6     12     0.56          131.4             0.154              0                     0
6     12     0.56          131.4             0.1596              0                     0
6     12     0.56          131.4             0.1652              0                     0
6     12     0.56          131.4             0.1708              0                     0
6     12     0.56          131.4             0.1764              0.023651                     0.023651
6     12     0.56          131.4             0.182              0                     0
6     12     0.56          131.4             0.1876              0.023651                     0.023651
6     12     0.56          131.4             0.1932              0                     0
6     12     0.56          131.4             0.1988              0.023651                     0.023651
6     12     0.56          131.4             0.2044              0.0473019                     0.0334475
6     12     0.56          131.4             0.21              0.023651                     0.023651
6     12     0.56          131.4             0.2156              0                     0
6     12     0.56          131.4             0.2212              0                     0
6     12     0.56          131.4             0.2268              0.023651                     0.023651
6     12     0.56          131.4             0.2324              0.0709529                     0.0409647
6     12     0.56          131.4             0.238              0.0473019                     0.0334475
6     12     0.56          131.4             0.2436              0.141906                     0.0579328
6     12     0.56          131.4             0.2492              0.0473019                     0.0334475
6     12     0.56          131.4             0.2548              0.165557                     0.0625745
6     12     0.56          131.4             0.2604              0.0946038                     0.0473019
6     12     0.56          131.4             0.266              0.165557                     0.0625745
6     12     0.56          131.4             0.2716              0.212859                     0.0709529
6     12     0.56          131.4             0.2772              0.212859                     0.0709529
6     12     0.56          131.4             0.2828              0.23651                     0.0747909
6     12     0.56          131.4             0.2884              0.26016                     0.0784413
6     12     0.56          131.4             0.294              0.354764                     0.0915997
6     12     0.56          131.4             0.2996              0.212859                     0.0709529
6     12     0.56          131.4             0.3052              0.378415                     0.0946038
6     12     0.56          131.4             0.3108              0.0709529                     0.0409647
6     12     0.56          131.4             0.3164              0.26016                     0.0784413
6     12     0.56          131.4             0.322              0.118255                     0.0528851
6     12     0.56          131.4             0.3276              0.189208                     0.066895
6     12     0.56          131.4             0.3332              0.189208                     0.066895
6     12     0.56          131.4             0.3388              0.189208                     0.066895
6     12     0.56          131.4             0.3444              0.189208                     0.066895
6     12     0.56          131.4             0.35              0.189208                     0.066895
6     12     0.56          131.4             0.3556              0.212859                     0.0709529
6     12     0.56          131.4             0.3612              0.165557                     0.0625745
6     12     0.56          131.4             0.3668              0.141906                     0.0579328
6     12     0.56          131.4             0.3724              0.189208                     0.066895
6     12     0.56          131.4             0.378              0.26016                     0.0784413
6     12     0.56          131.4             0.3836              0.189208                     0.066895
6     12     0.56          131.4             0.3892              0.212859                     0.0709529
6     12     0.56          131.4             0.3948              0.23651                     0.0747909
6     12     0.56          131.4             0.4004              0.307462                     0.0852747
6     12     0.56          131.4             0.406              0.23651                     0.0747909
6     12     0.56          131.4             0.4116              0.165557                     0.0625745
6     12     0.56          131.4             0.4172              0.212859                     0.0709529
6     12     0.56          131.4             0.4228              0.141906                     0.0579328
6     12     0.56          131.4             0.4284              0.283811                     0.0819293
6     12     0.56          131.4             0.434              0.23651                     0.0747909
6     12     0.56          131.4             0.4396              0.283811                     0.0819293
6     12     0.56          131.4             0.4452              0.354764                     0.0915997
6     12     0.56          131.4             0.4508              0.425717                     0.100342
6     12     0.56          131.4             0.4564              0.378415                     0.0946038
6     12     0.56          131.4             0.462              0.331113                     0.0884938
6     12     0.56          131.4             0.4676              0.26016                     0.0784413
6     12     0.56          131.4             0.4732              0.49667                     0.108382
6     12     0.56          131.4             0.4788              0.473019                     0.10577
6     12     0.56          131.4             0.4844              0.638576                     0.122894
6     12     0.56          131.4             0.49              0.354764                     0.0915997
6     12     0.56          131.4             0.4956              0.378415                     0.0946038
6     12     0.56          131.4             0.5012              0.543972                     0.113426
6     12     0.56          131.4             0.5068              0.614925                     0.120597
6     12     0.56          131.4             0.5124              0.49667                     0.108382
6     12     0.56          131.4             0.518              0.473019                     0.10577
6     12     0.56          131.4             0.5236              0.780481                     0.135864
6     12     0.56          131.4             0.5292              0.614925                     0.120597
6     12     0.56          131.4             0.5348              0.473019                     0.10577
6     12     0.56          131.4             0.5404              0.23651                     0.0747909
6     12     0.56          131.4             0.546              0.473019                     0.10577
6     12     0.56          131.4             0.5516              0                     0
*******************************************************************************************************
 Average angle 131.749 +- 4.99754 deg 
 Average E' 0.134133 +- 0.00508796 GeV 
