*******************************************************************************************************
Z     A     E(GeV)     Theta(deg)     Energy Loss(GeV)     Sigma(nb/sr/GeV)     ERROR     Citation     
*******************************************************************************************************
6     12     0.12          176.4             0.0006              0.210972                     0.210972
6     12     0.12          176.4             0.0018              0                     0
6     12     0.12          176.4             0.003              0.210972                     0.210972
6     12     0.12          176.4             0.0042              1.05486                     0.471748
6     12     0.12          176.4             0.0054              0.843889                     0.421944
6     12     0.12          176.4             0.0066              0.421944                     0.29836
6     12     0.12          176.4             0.0078              1.05486                     0.471748
6     12     0.12          176.4             0.009              0.421944                     0.29836
6     12     0.12          176.4             0.0102              1.05486                     0.471748
6     12     0.12          176.4             0.0114              1.47681                     0.55818
6     12     0.12          176.4             0.0126              1.68778                     0.59672
6     12     0.12          176.4             0.0138              1.05486                     0.471748
6     12     0.12          176.4             0.015              1.05486                     0.471748
6     12     0.12          176.4             0.0162              0.632917                     0.365415
6     12     0.12          176.4             0.0174              0.421944                     0.29836
6     12     0.12          176.4             0.0186              1.05486                     0.471748
6     12     0.12          176.4             0.0198              1.26583                     0.516774
6     12     0.12          176.4             0.021              1.26583                     0.516774
6     12     0.12          176.4             0.0222              0.843889                     0.421944
6     12     0.12          176.4             0.0234              1.26583                     0.516774
6     12     0.12          176.4             0.0246              0.421944                     0.29836
6     12     0.12          176.4             0.0258              1.05486                     0.471748
6     12     0.12          176.4             0.027              1.05486                     0.471748
6     12     0.12          176.4             0.0282              0.421944                     0.29836
6     12     0.12          176.4             0.0294              1.89875                     0.632917
6     12     0.12          176.4             0.0306              1.68778                     0.59672
6     12     0.12          176.4             0.0318              0.632917                     0.365415
6     12     0.12          176.4             0.033              1.26583                     0.516774
6     12     0.12          176.4             0.0342              1.05486                     0.471748
6     12     0.12          176.4             0.0354              0.210972                     0.210972
6     12     0.12          176.4             0.0366              0.632917                     0.365415
6     12     0.12          176.4             0.0378              0                     0
6     12     0.12          176.4             0.039              1.26583                     0.516774
6     12     0.12          176.4             0.0402              1.05486                     0.471748
6     12     0.12          176.4             0.0414              0.843889                     0.421944
6     12     0.12          176.4             0.0426              0.843889                     0.421944
6     12     0.12          176.4             0.0438              0.843889                     0.421944
6     12     0.12          176.4             0.045              0.632917                     0.365415
6     12     0.12          176.4             0.0462              0.210972                     0.210972
6     12     0.12          176.4             0.0474              0.421944                     0.29836
6     12     0.12          176.4             0.0486              0.421944                     0.29836
6     12     0.12          176.4             0.0498              0.632917                     0.365415
6     12     0.12          176.4             0.051              0.632917                     0.365415
6     12     0.12          176.4             0.0522              0                     0
6     12     0.12          176.4             0.0534              0.632917                     0.365415
6     12     0.12          176.4             0.0546              0.632917                     0.365415
6     12     0.12          176.4             0.0558              0                     0
6     12     0.12          176.4             0.057              0.210972                     0.210972
6     12     0.12          176.4             0.0582              0.632917                     0.365415
6     12     0.12          176.4             0.0594              0.632917                     0.365415
6     12     0.12          176.4             0.0606              0.210972                     0.210972
6     12     0.12          176.4             0.0618              0.843889                     0.421944
6     12     0.12          176.4             0.063              0.632917                     0.365415
6     12     0.12          176.4             0.0642              0.421944                     0.29836
6     12     0.12          176.4             0.0654              0                     0
6     12     0.12          176.4             0.0666              0.210972                     0.210972
6     12     0.12          176.4             0.0678              0.421944                     0.29836
6     12     0.12          176.4             0.069              0                     0
6     12     0.12          176.4             0.0702              0.421944                     0.29836
6     12     0.12          176.4             0.0714              0.421944                     0.29836
6     12     0.12          176.4             0.0726              0.210972                     0.210972
6     12     0.12          176.4             0.0738              0                     0
6     12     0.12          176.4             0.075              0.210972                     0.210972
6     12     0.12          176.4             0.0762              0                     0
6     12     0.12          176.4             0.0774              0                     0
6     12     0.12          176.4             0.0786              0                     0
6     12     0.12          176.4             0.0798              0                     0
6     12     0.12          176.4             0.081              0                     0
6     12     0.12          176.4             0.0822              0                     0
6     12     0.12          176.4             0.0834              0                     0
6     12     0.12          176.4             0.0846              0                     0
6     12     0.12          176.4             0.0858              0                     0
6     12     0.12          176.4             0.087              0                     0
6     12     0.12          176.4             0.0882              0                     0
6     12     0.12          176.4             0.0894              0                     0
6     12     0.12          176.4             0.0906              0                     0
6     12     0.12          176.4             0.0918              0                     0
6     12     0.12          176.4             0.093              0                     0
6     12     0.12          176.4             0.0942              0                     0
6     12     0.12          176.4             0.0954              0                     0
6     12     0.12          176.4             0.0966              0                     0
6     12     0.12          176.4             0.0978              0                     0
6     12     0.12          176.4             0.099              0                     0
6     12     0.12          176.4             0.1002              0                     0
6     12     0.12          176.4             0.1014              0                     0
6     12     0.12          176.4             0.1026              0                     0
6     12     0.12          176.4             0.1038              0                     0
6     12     0.12          176.4             0.105              0                     0
6     12     0.12          176.4             0.1062              0                     0
6     12     0.12          176.4             0.1074              0                     0
6     12     0.12          176.4             0.1086              0                     0
6     12     0.12          176.4             0.1098              0                     0
6     12     0.12          176.4             0.111              0                     0
6     12     0.12          176.4             0.1122              0                     0
6     12     0.12          176.4             0.1134              0                     0
6     12     0.12          176.4             0.1146              0                     0
6     12     0.12          176.4             0.1158              0                     0
6     12     0.12          176.4             0.117              0                     0
6     12     0.12          176.4             0.1182              0                     0
*******************************************************************************************************
 Average angle 177.743 +- 12.5683 deg 
 Average E' 0.0887568 +- 0.00627605 GeV 
