*******************************************************************************************************
Z     A     E(GeV)     Theta(deg)     Energy Loss(GeV)     Sigma(nb/sr/GeV)     ERROR     Citation     
*******************************************************************************************************
6     12     1.2044          122.2             0.006022              0                     0
6     12     1.2044          122.2             0.018066              0                     0
6     12     1.2044          122.2             0.03011              0                     0
6     12     1.2044          122.2             0.042154              0                     0
6     12     1.2044          122.2             0.054198              0                     0
6     12     1.2044          122.2             0.066242              0                     0
6     12     1.2044          122.2             0.078286              0                     0
6     12     1.2044          122.2             0.09033              0                     0
6     12     1.2044          122.2             0.102374              0                     0
6     12     1.2044          122.2             0.114418              0                     0
6     12     1.2044          122.2             0.126462              0                     0
6     12     1.2044          122.2             0.138506              0                     0
6     12     1.2044          122.2             0.15055              0                     0
6     12     1.2044          122.2             0.162594              0                     0
6     12     1.2044          122.2             0.174638              0                     0
6     12     1.2044          122.2             0.186682              0                     0
6     12     1.2044          122.2             0.198726              0                     0
6     12     1.2044          122.2             0.21077              0                     0
6     12     1.2044          122.2             0.222814              0                     0
6     12     1.2044          122.2             0.234858              0                     0
6     12     1.2044          122.2             0.246902              0                     0
6     12     1.2044          122.2             0.258946              0                     0
6     12     1.2044          122.2             0.27099              0                     0
6     12     1.2044          122.2             0.283034              0                     0
6     12     1.2044          122.2             0.295078              0                     0
6     12     1.2044          122.2             0.307122              0                     0
6     12     1.2044          122.2             0.319166              0                     0
6     12     1.2044          122.2             0.33121              0                     0
6     12     1.2044          122.2             0.343254              0                     0
6     12     1.2044          122.2             0.355298              0                     0
6     12     1.2044          122.2             0.367342              0                     0
6     12     1.2044          122.2             0.379386              0                     0
6     12     1.2044          122.2             0.39143              0                     0
6     12     1.2044          122.2             0.403474              0                     0
6     12     1.2044          122.2             0.415518              0                     0
6     12     1.2044          122.2             0.427562              0                     0
6     12     1.2044          122.2             0.439606              0                     0
6     12     1.2044          122.2             0.45165              0                     0
6     12     1.2044          122.2             0.463694              0                     0
6     12     1.2044          122.2             0.475738              0                     0
6     12     1.2044          122.2             0.487782              0                     0
6     12     1.2044          122.2             0.499826              0                     0
6     12     1.2044          122.2             0.51187              0                     0
6     12     1.2044          122.2             0.523914              0                     0
6     12     1.2044          122.2             0.535958              0                     0
6     12     1.2044          122.2             0.548002              0                     0
6     12     1.2044          122.2             0.560046              0                     0
6     12     1.2044          122.2             0.57209              0                     0
6     12     1.2044          122.2             0.584134              0                     0
6     12     1.2044          122.2             0.596178              0                     0
6     12     1.2044          122.2             0.608222              0                     0
6     12     1.2044          122.2             0.620266              0                     0
6     12     1.2044          122.2             0.63231              0                     0
6     12     1.2044          122.2             0.644354              0.0134971                     0.0134971
6     12     1.2044          122.2             0.656398              0                     0
6     12     1.2044          122.2             0.668442              0                     0
6     12     1.2044          122.2             0.680486              0                     0
6     12     1.2044          122.2             0.69253              0                     0
6     12     1.2044          122.2             0.704574              0                     0
6     12     1.2044          122.2             0.716618              0.0269942                     0.0190878
6     12     1.2044          122.2             0.728662              0.0134971                     0.0134971
6     12     1.2044          122.2             0.740706              0                     0
6     12     1.2044          122.2             0.75275              0.0134971                     0.0134971
6     12     1.2044          122.2             0.764794              0.0134971                     0.0134971
6     12     1.2044          122.2             0.776838              0.0269942                     0.0190878
6     12     1.2044          122.2             0.788882              0                     0
6     12     1.2044          122.2             0.800926              0.0134971                     0.0134971
6     12     1.2044          122.2             0.81297              0.0134971                     0.0134971
6     12     1.2044          122.2             0.825014              0                     0
6     12     1.2044          122.2             0.837058              0.0134971                     0.0134971
6     12     1.2044          122.2             0.849102              0.0134971                     0.0134971
6     12     1.2044          122.2             0.861146              0.0269942                     0.0190878
6     12     1.2044          122.2             0.87319              0.0674855                     0.0301804
6     12     1.2044          122.2             0.885234              0.0134971                     0.0134971
6     12     1.2044          122.2             0.897278              0.0134971                     0.0134971
6     12     1.2044          122.2             0.909322              0                     0
6     12     1.2044          122.2             0.921366              0                     0
6     12     1.2044          122.2             0.93341              0.0539884                     0.0269942
6     12     1.2044          122.2             0.945454              0.0539884                     0.0269942
6     12     1.2044          122.2             0.957498              0                     0
6     12     1.2044          122.2             0.969542              0.0134971                     0.0134971
6     12     1.2044          122.2             0.981586              0.0674855                     0.0301804
6     12     1.2044          122.2             0.99363              0.0404913                     0.0233777
6     12     1.2044          122.2             1.00567              0.0269942                     0.0190878
6     12     1.2044          122.2             1.01772              0.0539884                     0.0269942
6     12     1.2044          122.2             1.02976              0.0674855                     0.0301804
6     12     1.2044          122.2             1.04181              0.0134971                     0.0134971
6     12     1.2044          122.2             1.05385              0.0674855                     0.0301804
6     12     1.2044          122.2             1.06589              0.0944797                     0.03571
6     12     1.2044          122.2             1.07794              0.121474                     0.0404913
6     12     1.2044          122.2             1.08998              0.134971                     0.0426816
6     12     1.2044          122.2             1.10203              0.148468                     0.0447648
6     12     1.2044          122.2             1.11407              0.107977                     0.0381756
6     12     1.2044          122.2             1.12611              0.0809826                     0.033061
6     12     1.2044          122.2             1.13816              0.229451                     0.05565
6     12     1.2044          122.2             1.1502              0.161965                     0.0467553
6     12     1.2044          122.2             1.16225              0.188959                     0.0505015
6     12     1.2044          122.2             1.17429              0.107977                     0.0381756
6     12     1.2044          122.2             1.18633              0.0539884                     0.0269942
*******************************************************************************************************
 Average angle 122.419 +- 9.41687 deg 
 Average E' 0.139736 +- 0.0107489 GeV 
