*******************************************************************************************************
Z     A     E(GeV)     Theta(deg)     Energy Loss(GeV)     Sigma(nb/sr/GeV)     ERROR     Citation     
*******************************************************************************************************
6     12     1.2044          146             0.006022              0                     0
6     12     1.2044          146             0.018066              0                     0
6     12     1.2044          146             0.03011              0                     0
6     12     1.2044          146             0.042154              0                     0
6     12     1.2044          146             0.054198              0                     0
6     12     1.2044          146             0.066242              0                     0
6     12     1.2044          146             0.078286              0                     0
6     12     1.2044          146             0.09033              0                     0
6     12     1.2044          146             0.102374              0                     0
6     12     1.2044          146             0.114418              0                     0
6     12     1.2044          146             0.126462              0                     0
6     12     1.2044          146             0.138506              0                     0
6     12     1.2044          146             0.15055              0                     0
6     12     1.2044          146             0.162594              0                     0
6     12     1.2044          146             0.174638              0                     0
6     12     1.2044          146             0.186682              0                     0
6     12     1.2044          146             0.198726              0                     0
6     12     1.2044          146             0.21077              0                     0
6     12     1.2044          146             0.222814              0                     0
6     12     1.2044          146             0.234858              0                     0
6     12     1.2044          146             0.246902              0                     0
6     12     1.2044          146             0.258946              0                     0
6     12     1.2044          146             0.27099              0                     0
6     12     1.2044          146             0.283034              0                     0
6     12     1.2044          146             0.295078              0                     0
6     12     1.2044          146             0.307122              0                     0
6     12     1.2044          146             0.319166              0                     0
6     12     1.2044          146             0.33121              0                     0
6     12     1.2044          146             0.343254              0                     0
6     12     1.2044          146             0.355298              0                     0
6     12     1.2044          146             0.367342              0                     0
6     12     1.2044          146             0.379386              0                     0
6     12     1.2044          146             0.39143              0                     0
6     12     1.2044          146             0.403474              0                     0
6     12     1.2044          146             0.415518              0                     0
6     12     1.2044          146             0.427562              0                     0
6     12     1.2044          146             0.439606              0                     0
6     12     1.2044          146             0.45165              0                     0
6     12     1.2044          146             0.463694              0                     0
6     12     1.2044          146             0.475738              0                     0
6     12     1.2044          146             0.487782              0                     0
6     12     1.2044          146             0.499826              0                     0
6     12     1.2044          146             0.51187              0                     0
6     12     1.2044          146             0.523914              0                     0
6     12     1.2044          146             0.535958              0                     0
6     12     1.2044          146             0.548002              0                     0
6     12     1.2044          146             0.560046              0                     0
6     12     1.2044          146             0.57209              0                     0
6     12     1.2044          146             0.584134              0                     0
6     12     1.2044          146             0.596178              0                     0
6     12     1.2044          146             0.608222              0                     0
6     12     1.2044          146             0.620266              0                     0
6     12     1.2044          146             0.63231              0                     0
6     12     1.2044          146             0.644354              0                     0
6     12     1.2044          146             0.656398              0                     0
6     12     1.2044          146             0.668442              0                     0
6     12     1.2044          146             0.680486              0                     0
6     12     1.2044          146             0.69253              0                     0
6     12     1.2044          146             0.704574              0                     0
6     12     1.2044          146             0.716618              0                     0
6     12     1.2044          146             0.728662              0                     0
6     12     1.2044          146             0.740706              0                     0
6     12     1.2044          146             0.75275              0                     0
6     12     1.2044          146             0.764794              0                     0
6     12     1.2044          146             0.776838              0                     0
6     12     1.2044          146             0.788882              0                     0
6     12     1.2044          146             0.800926              0.0408487                     0.0288844
6     12     1.2044          146             0.81297              0                     0
6     12     1.2044          146             0.825014              0.0204244                     0.0204244
6     12     1.2044          146             0.837058              0                     0
6     12     1.2044          146             0.849102              0.0204244                     0.0204244
6     12     1.2044          146             0.861146              0                     0
6     12     1.2044          146             0.87319              0                     0
6     12     1.2044          146             0.885234              0                     0
6     12     1.2044          146             0.897278              0.0204244                     0.0204244
6     12     1.2044          146             0.909322              0.0816974                     0.0408487
6     12     1.2044          146             0.921366              0                     0
6     12     1.2044          146             0.93341              0.0204244                     0.0204244
6     12     1.2044          146             0.945454              0.0204244                     0.0204244
6     12     1.2044          146             0.957498              0                     0
6     12     1.2044          146             0.969542              0.0204244                     0.0204244
6     12     1.2044          146             0.981586              0                     0
6     12     1.2044          146             0.99363              0.0408487                     0.0288844
6     12     1.2044          146             1.00567              0.0204244                     0.0204244
6     12     1.2044          146             1.01772              0.0816974                     0.0408487
6     12     1.2044          146             1.02976              0.0408487                     0.0288844
6     12     1.2044          146             1.04181              0.0408487                     0.0288844
6     12     1.2044          146             1.05385              0.0612731                     0.035376
6     12     1.2044          146             1.06589              0.0408487                     0.0288844
6     12     1.2044          146             1.07794              0.0408487                     0.0288844
6     12     1.2044          146             1.08998              0.0408487                     0.0288844
6     12     1.2044          146             1.10203              0.14297                     0.0540378
6     12     1.2044          146             1.11407              0.102122                     0.0456702
6     12     1.2044          146             1.12611              0.163395                     0.0577688
6     12     1.2044          146             1.13816              0.163395                     0.0577688
6     12     1.2044          146             1.1502              0.0816974                     0.0408487
6     12     1.2044          146             1.16225              0.14297                     0.0540378
6     12     1.2044          146             1.17429              0.122546                     0.0500292
6     12     1.2044          146             1.18633              0.14297                     0.0540378
*******************************************************************************************************
 Average angle 146.377 +- 15.8768 deg 
 Average E' 0.119992 +- 0.0130149 GeV 
