*******************************************************************************************************
Z     A     E(GeV)     Theta(deg)     Energy Loss(GeV)     Sigma(nb/sr/GeV)     ERROR     Citation     
*******************************************************************************************************
6     12     1.2044          44             0.006022              0                     0
6     12     1.2044          44             0.018066              0                     0
6     12     1.2044          44             0.03011              0                     0
6     12     1.2044          44             0.042154              0                     0
6     12     1.2044          44             0.054198              0                     0
6     12     1.2044          44             0.066242              0                     0
6     12     1.2044          44             0.078286              0                     0
6     12     1.2044          44             0.09033              0                     0
6     12     1.2044          44             0.102374              0                     0
6     12     1.2044          44             0.114418              0.0164414                     0.0164414
6     12     1.2044          44             0.126462              0                     0
6     12     1.2044          44             0.138506              0.0164414                     0.0164414
6     12     1.2044          44             0.15055              0.0164414                     0.0164414
6     12     1.2044          44             0.162594              0.0493242                     0.0284773
6     12     1.2044          44             0.174638              0.180855                     0.0545299
6     12     1.2044          44             0.186682              0.213738                     0.0592803
6     12     1.2044          44             0.198726              0.279504                     0.0677896
6     12     1.2044          44             0.21077              0.427476                     0.083835
6     12     1.2044          44             0.222814              0.509683                     0.0915418
6     12     1.2044          44             0.234858              0.641214                     0.102676
6     12     1.2044          44             0.246902              1.00293                     0.128411
6     12     1.2044          44             0.258946              1.05225                     0.131531
6     12     1.2044          44             0.27099              1.51261                     0.1577
6     12     1.2044          44             0.283034              1.33175                     0.147973
6     12     1.2044          44             0.295078              1.97297                     0.180106
6     12     1.2044          44             0.307122              1.89076                     0.176314
6     12     1.2044          44             0.319166              1.69346                     0.166862
6     12     1.2044          44             0.33121              1.95653                     0.179354
6     12     1.2044          44             0.343254              1.87432                     0.175546
6     12     1.2044          44             0.355298              2.00585                     0.181601
6     12     1.2044          44             0.367342              2.33468                     0.195922
6     12     1.2044          44             0.379386              1.94008                     0.178599
6     12     1.2044          44             0.39143              1.69346                     0.166862
6     12     1.2044          44             0.403474              1.56193                     0.160251
6     12     1.2044          44             0.415518              1.54549                     0.159405
6     12     1.2044          44             0.427562              1.47973                     0.155977
6     12     1.2044          44             0.439606              1.47973                     0.155977
6     12     1.2044          44             0.45165              1.21666                     0.141434
6     12     1.2044          44             0.463694              1.29887                     0.146134
6     12     1.2044          44             0.475738              1.33175                     0.147973
6     12     1.2044          44             0.487782              1.11802                     0.135579
6     12     1.2044          44             0.499826              1.00293                     0.128411
6     12     1.2044          44             0.51187              1.33175                     0.147973
6     12     1.2044          44             0.523914              1.03581                     0.1305
6     12     1.2044          44             0.535958              1.06869                     0.132555
6     12     1.2044          44             0.548002              0.904277                     0.121933
6     12     1.2044          44             0.560046              1.11802                     0.135579
6     12     1.2044          44             0.57209              0.920718                     0.123036
6     12     1.2044          44             0.584134              1.24955                     0.143333
6     12     1.2044          44             0.596178              0.854953                     0.118561
6     12     1.2044          44             0.608222              1.01937                     0.12946
6     12     1.2044          44             0.620266              0.93716                     0.12413
6     12     1.2044          44             0.63231              1.06869                     0.132555
6     12     1.2044          44             0.644354              1.10157                     0.134579
6     12     1.2044          44             0.656398              0.904277                     0.121933
6     12     1.2044          44             0.668442              1.11802                     0.135579
6     12     1.2044          44             0.680486              0.986484                     0.127355
6     12     1.2044          44             0.69253              0.789187                     0.113909
6     12     1.2044          44             0.704574              0.838511                     0.117415
6     12     1.2044          44             0.716618              0.674097                     0.105276
6     12     1.2044          44             0.728662              0.82207                     0.116258
6     12     1.2044          44             0.740706              0.789187                     0.113909
6     12     1.2044          44             0.75275              0.871394                     0.119695
6     12     1.2044          44             0.764794              0.756304                     0.111511
6     12     1.2044          44             0.776838              0.887835                     0.120819
6     12     1.2044          44             0.788882              0.723421                     0.10906
6     12     1.2044          44             0.800926              1.08513                     0.133571
6     12     1.2044          44             0.81297              0.756304                     0.111511
6     12     1.2044          44             0.825014              0.789187                     0.113909
6     12     1.2044          44             0.837058              0.986484                     0.127355
6     12     1.2044          44             0.849102              1.06869                     0.132555
6     12     1.2044          44             0.861146              1.26599                     0.144273
6     12     1.2044          44             0.87319              1.08513                     0.133571
6     12     1.2044          44             0.885234              1.06869                     0.132555
6     12     1.2044          44             0.897278              1.03581                     0.1305
6     12     1.2044          44             0.909322              1.39752                     0.151582
6     12     1.2044          44             0.921366              1.21666                     0.141434
6     12     1.2044          44             0.93341              1.21666                     0.141434
6     12     1.2044          44             0.945454              1.29887                     0.146134
6     12     1.2044          44             0.957498              1.08513                     0.133571
6     12     1.2044          44             0.969542              1.38108                     0.150688
6     12     1.2044          44             0.981586              1.1509                     0.137559
6     12     1.2044          44             0.99363              1.38108                     0.150688
6     12     1.2044          44             1.00567              1.39752                     0.151582
6     12     1.2044          44             1.01772              1.1509                     0.137559
6     12     1.2044          44             1.02976              1.16734                     0.138538
6     12     1.2044          44             1.04181              1.33175                     0.147973
6     12     1.2044          44             1.05385              1.2331                     0.142387
6     12     1.2044          44             1.06589              1.54549                     0.159405
6     12     1.2044          44             1.07794              1.47973                     0.155977
6     12     1.2044          44             1.08998              1.13446                     0.136573
6     12     1.2044          44             1.10203              0.953601                     0.125214
6     12     1.2044          44             1.11407              1.06869                     0.132555
6     12     1.2044          44             1.12611              1.1509                     0.137559
6     12     1.2044          44             1.13816              0.82207                     0.116258
6     12     1.2044          44             1.1502              1.00293                     0.128411
6     12     1.2044          44             1.16225              0.608332                     0.100009
6     12     1.2044          44             1.17429              0.575449                     0.0972686
6     12     1.2044          44             1.18633              0                     0
*******************************************************************************************************
 Average angle 44.2087 +- 0.580639 deg 
 Average E' 0.542293 +- 0.0071225 GeV 
