*******************************************************************************************************
Z     A     E(GeV)     Theta(deg)     Energy Loss(GeV)     Sigma(nb/sr/GeV)     ERROR     Citation     
*******************************************************************************************************
6     12     1          57.6             0.005              0                     0
6     12     1          57.6             0.015              0                     0
6     12     1          57.6             0.025              0                     0
6     12     1          57.6             0.035              0                     0
6     12     1          57.6             0.045              0                     0
6     12     1          57.6             0.055              0                     0
6     12     1          57.6             0.065              0                     0
6     12     1          57.6             0.075              0                     0
6     12     1          57.6             0.085              0                     0
6     12     1          57.6             0.095              0                     0
6     12     1          57.6             0.105              0                     0
6     12     1          57.6             0.115              0                     0
6     12     1          57.6             0.125              0                     0
6     12     1          57.6             0.135              0                     0
6     12     1          57.6             0.145              0                     0
6     12     1          57.6             0.155              0                     0
6     12     1          57.6             0.165              0.043763                     0.0252666
6     12     1          57.6             0.175              0                     0
6     12     1          57.6             0.185              0.0145877                     0.0145877
6     12     1          57.6             0.195              0.0291754                     0.0206301
6     12     1          57.6             0.205              0.0583507                     0.0291754
6     12     1          57.6             0.215              0.043763                     0.0252666
6     12     1          57.6             0.225              0.160464                     0.0483818
6     12     1          57.6             0.235              0.0291754                     0.0206301
6     12     1          57.6             0.245              0.18964                     0.0525966
6     12     1          57.6             0.255              0.116701                     0.0412602
6     12     1          57.6             0.265              0.160464                     0.0483818
6     12     1          57.6             0.275              0.204227                     0.0545821
6     12     1          57.6             0.285              0.291754                     0.0652381
6     12     1          57.6             0.295              0.24799                     0.0601465
6     12     1          57.6             0.305              0.423043                     0.078557
6     12     1          57.6             0.315              0.291754                     0.0652381
6     12     1          57.6             0.325              0.350104                     0.0714647
6     12     1          57.6             0.335              0.423043                     0.078557
6     12     1          57.6             0.345              0.510569                     0.0863019
6     12     1          57.6             0.355              0.423043                     0.078557
6     12     1          57.6             0.365              0.583507                     0.0922606
6     12     1          57.6             0.375              0.568919                     0.0911
6     12     1          57.6             0.385              0.539744                     0.0887334
6     12     1          57.6             0.395              0.43763                     0.0799
6     12     1          57.6             0.405              0.393867                     0.0757998
6     12     1          57.6             0.415              0.495981                     0.08506
6     12     1          57.6             0.425              0.510569                     0.0863019
6     12     1          57.6             0.435              0.539744                     0.0887334
6     12     1          57.6             0.445              0.423043                     0.078557
6     12     1          57.6             0.455              0.24799                     0.0601465
6     12     1          57.6             0.465              0.423043                     0.078557
6     12     1          57.6             0.475              0.408455                     0.0771907
6     12     1          57.6             0.485              0.350104                     0.0714647
6     12     1          57.6             0.495              0.583507                     0.0922606
6     12     1          57.6             0.505              0.539744                     0.0887334
6     12     1          57.6             0.515              0.43763                     0.0799
6     12     1          57.6             0.525              0.423043                     0.078557
6     12     1          57.6             0.535              0.700208                     0.101066
6     12     1          57.6             0.545              0.539744                     0.0887334
6     12     1          57.6             0.555              0.452218                     0.0812207
6     12     1          57.6             0.565              0.700208                     0.101066
6     12     1          57.6             0.575              0.598095                     0.0934067
6     12     1          57.6             0.585              0.554332                     0.0899245
6     12     1          57.6             0.595              0.62727                     0.0956578
6     12     1          57.6             0.605              0.583507                     0.0922606
6     12     1          57.6             0.615              0.656445                     0.0978571
6     12     1          57.6             0.625              0.481393                     0.0837998
6     12     1          57.6             0.635              0.539744                     0.0887334
6     12     1          57.6             0.645              0.700208                     0.101066
6     12     1          57.6             0.655              0.714796                     0.102114
6     12     1          57.6             0.665              0.583507                     0.0922606
6     12     1          57.6             0.675              0.510569                     0.0863019
6     12     1          57.6             0.685              0.466806                     0.0825204
6     12     1          57.6             0.695              0.423043                     0.078557
6     12     1          57.6             0.705              0.568919                     0.0911
6     12     1          57.6             0.715              0.598095                     0.0934067
6     12     1          57.6             0.725              0.495981                     0.08506
6     12     1          57.6             0.735              0.43763                     0.0799
6     12     1          57.6             0.745              0.787734                     0.107197
6     12     1          57.6             0.755              0.62727                     0.0956578
6     12     1          57.6             0.765              0.656445                     0.0978571
6     12     1          57.6             0.775              0.612682                     0.0945389
6     12     1          57.6             0.785              0.671033                     0.0989384
6     12     1          57.6             0.795              0.656445                     0.0978571
6     12     1          57.6             0.805              0.62727                     0.0956578
6     12     1          57.6             0.815              0.831497                     0.110135
6     12     1          57.6             0.825              0.81691                     0.109164
6     12     1          57.6             0.835              0.612682                     0.0945389
6     12     1          57.6             0.845              0.743971                     0.104177
6     12     1          57.6             0.855              0.671033                     0.0989384
6     12     1          57.6             0.865              0.875261                     0.112996
6     12     1          57.6             0.875              0.875261                     0.112996
6     12     1          57.6             0.885              0.773147                     0.1062
6     12     1          57.6             0.895              0.933611                     0.116701
6     12     1          57.6             0.905              0.933611                     0.116701
6     12     1          57.6             0.915              0.919024                     0.115786
6     12     1          57.6             0.925              1.13784                     0.128835
6     12     1          57.6             0.935              1.21078                     0.1329
6     12     1          57.6             0.945              0.948199                     0.11761
6     12     1          57.6             0.955              1.03572                     0.122918
6     12     1          57.6             0.965              1.1816                     0.131289
6     12     1          57.6             0.975              0.802322                     0.108185
6     12     1          57.6             0.985              0                     0
*******************************************************************************************************
 Average angle 57.8329 +- 1.05553 deg 
 Average E' 0.323603 +- 0.0059062 GeV 
