*******************************************************************************************************
Z     A     E(GeV)     Theta(deg)     Energy Loss(GeV)     Sigma(nb/sr/GeV)     ERROR     Citation     
*******************************************************************************************************
6     12     0.48          58.4             0.0024              0                     0
6     12     0.48          58.4             0.0072              0                     0
6     12     0.48          58.4             0.012              0.0918289                     0.0459145
6     12     0.48          58.4             0.0168              0.321401                     0.0858981
6     12     0.48          58.4             0.0216              0.550974                     0.112467
6     12     0.48          58.4             0.0264              0.688717                     0.125742
6     12     0.48          58.4             0.0312              1.17082                     0.163947
6     12     0.48          58.4             0.036              1.23969                     0.168701
6     12     0.48          58.4             0.0408              1.69884                     0.197486
6     12     0.48          58.4             0.0456              2.59417                     0.244039
6     12     0.48          58.4             0.0504              2.3646                     0.23299
6     12     0.48          58.4             0.0552              3.09923                     0.266739
6     12     0.48          58.4             0.06              3.99456                     0.302827
6     12     0.48          58.4             0.0648              4.56849                     0.323852
6     12     0.48          58.4             0.0696              5.21129                     0.345886
6     12     0.48          58.4             0.0744              5.07355                     0.341284
6     12     0.48          58.4             0.0792              5.78522                     0.364435
6     12     0.48          58.4             0.084              5.83114                     0.365878
6     12     0.48          58.4             0.0888              6.1755                     0.376527
6     12     0.48          58.4             0.0936              6.31324                     0.380703
6     12     0.48          58.4             0.0984              7.57589                     0.417039
6     12     0.48          58.4             0.1032              7.3004                     0.409386
6     12     0.48          58.4             0.108              7.16266                     0.405506
6     12     0.48          58.4             0.1128              6.979                     0.400273
6     12     0.48          58.4             0.1176              6.68056                     0.391621
6     12     0.48          58.4             0.1224              6.63464                     0.390273
6     12     0.48          58.4             0.1272              6.63464                     0.390273
6     12     0.48          58.4             0.132              6.03775                     0.372304
6     12     0.48          58.4             0.1368              6.47394                     0.385518
6     12     0.48          58.4             0.1416              5.55565                     0.357131
6     12     0.48          58.4             0.1464              5.62452                     0.359338
6     12     0.48          58.4             0.1512              4.75215                     0.330297
6     12     0.48          58.4             0.156              4.4537                     0.319757
6     12     0.48          58.4             0.1608              4.293                     0.313935
6     12     0.48          58.4             0.1656              4.10935                     0.307147
6     12     0.48          58.4             0.1704              4.08639                     0.306288
6     12     0.48          58.4             0.1752              2.89261                     0.257694
6     12     0.48          58.4             0.18              3.12218                     0.267725
6     12     0.48          58.4             0.1848              2.5253                     0.240778
6     12     0.48          58.4             0.1896              2.75487                     0.251484
6     12     0.48          58.4             0.1944              2.75487                     0.251484
6     12     0.48          58.4             0.1992              1.81362                     0.204048
6     12     0.48          58.4             0.204              1.97432                     0.212897
6     12     0.48          58.4             0.2088              1.65292                     0.194799
6     12     0.48          58.4             0.2136              2.11207                     0.220198
6     12     0.48          58.4             0.2184              1.60701                     0.192074
6     12     0.48          58.4             0.2232              1.72179                     0.198815
6     12     0.48          58.4             0.228              1.69884                     0.197486
6     12     0.48          58.4             0.2328              1.51518                     0.186505
6     12     0.48          58.4             0.2376              1.88249                     0.207887
6     12     0.48          58.4             0.2424              1.88249                     0.207887
6     12     0.48          58.4             0.2472              1.60701                     0.192074
6     12     0.48          58.4             0.252              1.88249                     0.207887
6     12     0.48          58.4             0.2568              1.88249                     0.207887
6     12     0.48          58.4             0.2616              1.83658                     0.205336
6     12     0.48          58.4             0.2664              1.42335                     0.180765
6     12     0.48          58.4             0.2712              1.83658                     0.205336
6     12     0.48          58.4             0.276              1.81362                     0.204048
6     12     0.48          58.4             0.2808              1.46926                     0.183658
6     12     0.48          58.4             0.2856              1.49222                     0.185087
6     12     0.48          58.4             0.2904              1.92841                     0.210407
6     12     0.48          58.4             0.2952              1.95137                     0.211655
6     12     0.48          58.4             0.3              2.08911                     0.218998
6     12     0.48          58.4             0.3048              1.90545                     0.20915
6     12     0.48          58.4             0.3096              1.81362                     0.204048
6     12     0.48          58.4             0.3144              2.20389                     0.224934
6     12     0.48          58.4             0.3192              2.29572                     0.229572
6     12     0.48          58.4             0.324              2.34164                     0.231857
6     12     0.48          58.4             0.3288              2.04319                     0.216578
6     12     0.48          58.4             0.3336              2.15798                     0.222579
6     12     0.48          58.4             0.3384              2.5253                     0.240778
6     12     0.48          58.4             0.3432              2.64008                     0.246189
6     12     0.48          58.4             0.348              2.89261                     0.257694
6     12     0.48          58.4             0.3528              3.07627                     0.265749
6     12     0.48          58.4             0.3576              3.62724                     0.288568
6     12     0.48          58.4             0.3624              2.686                     0.24832
6     12     0.48          58.4             0.3672              2.98444                     0.261753
6     12     0.48          58.4             0.372              3.55837                     0.285815
6     12     0.48          58.4             0.3768              3.71907                     0.292198
6     12     0.48          58.4             0.3816              3.3288                     0.276442
6     12     0.48          58.4             0.3864              3.53541                     0.284892
6     12     0.48          58.4             0.3912              3.74203                     0.293098
6     12     0.48          58.4             0.396              3.0074                     0.262758
6     12     0.48          58.4             0.4008              3.9716                     0.301955
6     12     0.48          58.4             0.4056              3.90273                     0.299326
6     12     0.48          58.4             0.4104              3.78794                     0.294891
6     12     0.48          58.4             0.4152              3.76499                     0.293996
6     12     0.48          58.4             0.42              3.46654                     0.282103
6     12     0.48          58.4             0.4248              3.25993                     0.273567
6     12     0.48          58.4             0.4296              3.51246                     0.283965
6     12     0.48          58.4             0.4344              3.53541                     0.284892
6     12     0.48          58.4             0.4392              0.183658                     0.0649329
6     12     0.48          58.4             0.444              0                     0
6     12     0.48          58.4             0.4488              0                     0
6     12     0.48          58.4             0.4536              0                     0
6     12     0.48          58.4             0.4584              0                     0
6     12     0.48          58.4             0.4632              0                     0
6     12     0.48          58.4             0.468              0                     0
6     12     0.48          58.4             0.4728              0                     0
*******************************************************************************************************
 Average angle 58.7559 +- 0.523024 deg 
 Average E' 0.270166 +- 0.00240492 GeV 
