*******************************************************************************************************
Z     A     E(GeV)     Theta(deg)     Energy Loss(GeV)     Sigma(nb/sr/GeV)     ERROR     Citation     
*******************************************************************************************************
6     12     2.222          20.2             0.01111              0                     0
6     12     2.222          20.2             0.03333              0                     0
6     12     2.222          20.2             0.05555              0                     0
6     12     2.222          20.2             0.07777              0.0246744                     0.0246744
6     12     2.222          20.2             0.09999              0.0246744                     0.0246744
6     12     2.222          20.2             0.12221              0.320767                     0.0889648
6     12     2.222          20.2             0.14443              0.61686                     0.123372
6     12     2.222          20.2             0.16665              1.30774                     0.179632
6     12     2.222          20.2             0.18887              2.09732                     0.227487
6     12     2.222          20.2             0.21109              3.03495                     0.273652
6     12     2.222          20.2             0.23331              3.87388                     0.309169
6     12     2.222          20.2             0.25553              4.76216                     0.342788
6     12     2.222          20.2             0.27775              4.9102                     0.348075
6     12     2.222          20.2             0.29997              5.37902                     0.364313
6     12     2.222          20.2             0.32219              5.99588                     0.384636
6     12     2.222          20.2             0.34441              5.60109                     0.371757
6     12     2.222          20.2             0.36663              5.08292                     0.354144
6     12     2.222          20.2             0.38885              4.36737                     0.328271
6     12     2.222          20.2             0.41107              4.46606                     0.33196
6     12     2.222          20.2             0.43329              4.36737                     0.328271
6     12     2.222          20.2             0.45551              4.46606                     0.33196
6     12     2.222          20.2             0.47773              3.87388                     0.309169
6     12     2.222          20.2             0.49995              3.9479                     0.312109
6     12     2.222          20.2             0.52217              3.70116                     0.302198
6     12     2.222          20.2             0.54439              3.87388                     0.309169
6     12     2.222          20.2             0.56661              4.44139                     0.331042
6     12     2.222          20.2             0.58883              3.9479                     0.312109
6     12     2.222          20.2             0.61105              4.16997                     0.320767
6     12     2.222          20.2             0.63327              4.68813                     0.340113
6     12     2.222          20.2             0.65549              4.1453                     0.319817
6     12     2.222          20.2             0.67771              4.1453                     0.319817
6     12     2.222          20.2             0.69993              3.79986                     0.306201
6     12     2.222          20.2             0.72215              3.77518                     0.305205
6     12     2.222          20.2             0.74437              3.77518                     0.305205
6     12     2.222          20.2             0.76659              3.55311                     0.296093
6     12     2.222          20.2             0.78881              3.50376                     0.294029
6     12     2.222          20.2             0.81103              3.33104                     0.286691
6     12     2.222          20.2             0.83325              3.62714                     0.299161
6     12     2.222          20.2             0.85547              3.28169                     0.284559
6     12     2.222          20.2             0.87769              3.30637                     0.285627
6     12     2.222          20.2             0.89991              4.1453                     0.319817
6     12     2.222          20.2             0.92213              4.36737                     0.328271
6     12     2.222          20.2             0.94435              3.62714                     0.299161
6     12     2.222          20.2             0.96657              4.51541                     0.333789
6     12     2.222          20.2             0.98879              3.82453                     0.307194
6     12     2.222          20.2             1.01101              4.34269                     0.327343
6     12     2.222          20.2             1.03323              4.44139                     0.331042
6     12     2.222          20.2             1.05545              4.16997                     0.320767
6     12     2.222          20.2             1.07767              4.54009                     0.3347
6     12     2.222          20.2             1.09989              4.66346                     0.339217
6     12     2.222          20.2             1.12211              4.88553                     0.347199
6     12     2.222          20.2             1.14433              4.34269                     0.327343
6     12     2.222          20.2             1.16655              5.08292                     0.354144
6     12     2.222          20.2             1.18877              4.39204                     0.329197
6     12     2.222          20.2             1.21099              4.56476                     0.335608
6     12     2.222          20.2             1.23321              4.34269                     0.327343
6     12     2.222          20.2             1.25543              4.46606                     0.33196
6     12     2.222          20.2             1.27765              3.60246                     0.298142
6     12     2.222          20.2             1.29987              3.45441                     0.291951
6     12     2.222          20.2             1.32209              3.70116                     0.302198
6     12     2.222          20.2             1.34431              3.33104                     0.286691
6     12     2.222          20.2             1.36653              2.93625                     0.269166
6     12     2.222          20.2             1.38875              2.96093                     0.270294
6     12     2.222          20.2             1.41097              3.03495                     0.273652
6     12     2.222          20.2             1.43319              2.91158                     0.268032
6     12     2.222          20.2             1.45541              2.2207                     0.234082
6     12     2.222          20.2             1.47763              2.59081                     0.252837
6     12     2.222          20.2             1.49985              2.29472                     0.237951
6     12     2.222          20.2             1.52207              2.34407                     0.240496
6     12     2.222          20.2             1.54429              2.24537                     0.235379
6     12     2.222          20.2             1.56651              2.2207                     0.234082
6     12     2.222          20.2             1.58873              1.89993                     0.216517
6     12     2.222          20.2             1.61095              1.97395                     0.220694
6     12     2.222          20.2             1.63317              1.72721                     0.206441
6     12     2.222          20.2             1.65539              1.8259                     0.212257
6     12     2.222          20.2             1.67761              2.122                     0.228821
6     12     2.222          20.2             1.69983              1.57916                     0.197395
6     12     2.222          20.2             1.72205              1.57916                     0.197395
6     12     2.222          20.2             1.74427              1.23372                     0.174474
6     12     2.222          20.2             1.76649              1.35709                     0.18299
6     12     2.222          20.2             1.78871              1.35709                     0.18299
6     12     2.222          20.2             1.81093              1.20905                     0.172721
6     12     2.222          20.2             1.83315              0.838929                     0.143875
6     12     2.222          20.2             1.85537              1.13502                     0.16735
6     12     2.222          20.2             1.87759              0.666209                     0.128212
6     12     2.222          20.2             1.89981              1.18437                     0.170949
6     12     2.222          20.2             1.92203              0.888278                     0.148046
6     12     2.222          20.2             1.94425              0.986976                     0.156055
6     12     2.222          20.2             1.96647              0.740232                     0.135147
6     12     2.222          20.2             1.98869              0.518162                     0.113072
6     12     2.222          20.2             2.01091              0.690883                     0.130565
6     12     2.222          20.2             2.03313              0.39479                     0.0986976
6     12     2.222          20.2             2.05535              0.493488                     0.110347
6     12     2.222          20.2             2.07757              0.39479                     0.0986976
6     12     2.222          20.2             2.09979              0.320767                     0.0889648
6     12     2.222          20.2             2.12201              0.320767                     0.0889648
6     12     2.222          20.2             2.14423              0.0986976                     0.0493488
6     12     2.222          20.2             2.16645              0                     0
6     12     2.222          20.2             2.18867              0                     0
*******************************************************************************************************
 Average angle 20.3208 +- 0.192245 deg 
 Average E' 1.29903 +- 0.0122895 GeV 
