*******************************************************************************************************
Z     A     E(GeV)     Theta(deg)     Energy Loss(GeV)     Sigma(nb/sr/GeV)     ERROR     Citation     
*******************************************************************************************************
6     12     0.68          98.4             0.0034              0                     0
6     12     0.68          98.4             0.0102              0                     0
6     12     0.68          98.4             0.017              0                     0
6     12     0.68          98.4             0.0238              0                     0
6     12     0.68          98.4             0.0306              0                     0
6     12     0.68          98.4             0.0374              0                     0
6     12     0.68          98.4             0.0442              0                     0
6     12     0.68          98.4             0.051              0                     0
6     12     0.68          98.4             0.0578              0                     0
6     12     0.68          98.4             0.0646              0                     0
6     12     0.68          98.4             0.0714              0                     0
6     12     0.68          98.4             0.0782              0                     0
6     12     0.68          98.4             0.085              0                     0
6     12     0.68          98.4             0.0918              0                     0
6     12     0.68          98.4             0.0986              0                     0
6     12     0.68          98.4             0.1054              0                     0
6     12     0.68          98.4             0.1122              0                     0
6     12     0.68          98.4             0.119              0                     0
6     12     0.68          98.4             0.1258              0                     0
6     12     0.68          98.4             0.1326              0                     0
6     12     0.68          98.4             0.1394              0                     0
6     12     0.68          98.4             0.1462              0                     0
6     12     0.68          98.4             0.153              0                     0
6     12     0.68          98.4             0.1598              0                     0
6     12     0.68          98.4             0.1666              0                     0
6     12     0.68          98.4             0.1734              0.0164491                     0.0164491
6     12     0.68          98.4             0.1802              0.0164491                     0.0164491
6     12     0.68          98.4             0.187              0                     0
6     12     0.68          98.4             0.1938              0                     0
6     12     0.68          98.4             0.2006              0                     0
6     12     0.68          98.4             0.2074              0.0164491                     0.0164491
6     12     0.68          98.4             0.2142              0.0164491                     0.0164491
6     12     0.68          98.4             0.221              0.0328982                     0.0232625
6     12     0.68          98.4             0.2278              0.0164491                     0.0164491
6     12     0.68          98.4             0.2346              0.0328982                     0.0232625
6     12     0.68          98.4             0.2414              0.0657964                     0.0328982
6     12     0.68          98.4             0.2482              0.0822455                     0.0367813
6     12     0.68          98.4             0.255              0.0657964                     0.0328982
6     12     0.68          98.4             0.2618              0.131593                     0.0465251
6     12     0.68          98.4             0.2686              0.0657964                     0.0328982
6     12     0.68          98.4             0.2754              0.164491                     0.0520166
6     12     0.68          98.4             0.2822              0.148042                     0.0493473
6     12     0.68          98.4             0.289              0.131593                     0.0465251
6     12     0.68          98.4             0.2958              0.213838                     0.0593081
6     12     0.68          98.4             0.3026              0.18094                     0.0545555
6     12     0.68          98.4             0.3094              0.148042                     0.0493473
6     12     0.68          98.4             0.3162              0.246736                     0.0637071
6     12     0.68          98.4             0.323              0.213838                     0.0593081
6     12     0.68          98.4             0.3298              0.279635                     0.0678214
6     12     0.68          98.4             0.3366              0.213838                     0.0593081
6     12     0.68          98.4             0.3434              0.148042                     0.0493473
6     12     0.68          98.4             0.3502              0.460575                     0.0870405
6     12     0.68          98.4             0.357              0.213838                     0.0593081
6     12     0.68          98.4             0.3638              0.230287                     0.0615469
6     12     0.68          98.4             0.3706              0.148042                     0.0493473
6     12     0.68          98.4             0.3774              0.115144                     0.0435202
6     12     0.68          98.4             0.3842              0.263186                     0.0657964
6     12     0.68          98.4             0.391              0.197389                     0.0569814
6     12     0.68          98.4             0.3978              0.213838                     0.0593081
6     12     0.68          98.4             0.4046              0.230287                     0.0615469
6     12     0.68          98.4             0.4114              0.197389                     0.0569814
6     12     0.68          98.4             0.4182              0.148042                     0.0493473
6     12     0.68          98.4             0.425              0.296084                     0.0697876
6     12     0.68          98.4             0.4318              0.279635                     0.0678214
6     12     0.68          98.4             0.4386              0.164491                     0.0520166
6     12     0.68          98.4             0.4454              0.296084                     0.0697876
6     12     0.68          98.4             0.4522              0.411227                     0.0822455
6     12     0.68          98.4             0.459              0.213838                     0.0593081
6     12     0.68          98.4             0.4658              0.36188                     0.0771531
6     12     0.68          98.4             0.4726              0.427677                     0.0838743
6     12     0.68          98.4             0.4794              0.263186                     0.0657964
6     12     0.68          98.4             0.4862              0.477024                     0.0885811
6     12     0.68          98.4             0.493              0.378329                     0.0788871
6     12     0.68          98.4             0.4998              0.411227                     0.0822455
6     12     0.68          98.4             0.5066              0.559269                     0.0959139
6     12     0.68          98.4             0.5134              0.526371                     0.0930502
6     12     0.68          98.4             0.5202              0.575718                     0.0973142
6     12     0.68          98.4             0.527              0.526371                     0.0930502
6     12     0.68          98.4             0.5338              0.526371                     0.0930502
6     12     0.68          98.4             0.5406              0.427677                     0.0838743
6     12     0.68          98.4             0.5474              0.509922                     0.0915847
6     12     0.68          98.4             0.5542              0.608617                     0.100056
6     12     0.68          98.4             0.561              0.575718                     0.0973142
6     12     0.68          98.4             0.5678              0.411227                     0.0822455
6     12     0.68          98.4             0.5746              0.345431                     0.0753792
6     12     0.68          98.4             0.5814              0.312533                     0.0717
6     12     0.68          98.4             0.5882              0.509922                     0.0915847
6     12     0.68          98.4             0.595              0.526371                     0.0930502
6     12     0.68          98.4             0.6018              0.411227                     0.0822455
6     12     0.68          98.4             0.6086              0.477024                     0.0885811
6     12     0.68          98.4             0.6154              0.477024                     0.0885811
6     12     0.68          98.4             0.6222              0.460575                     0.0870405
6     12     0.68          98.4             0.629              0.526371                     0.0930502
6     12     0.68          98.4             0.6358              0.608617                     0.100056
6     12     0.68          98.4             0.6426              0.411227                     0.0822455
6     12     0.68          98.4             0.6494              0.36188                     0.0771531
6     12     0.68          98.4             0.6562              0.279635                     0.0678214
6     12     0.68          98.4             0.663              0.378329                     0.0788871
6     12     0.68          98.4             0.6698              0.0822455                     0.0367813
*******************************************************************************************************
 Average angle 98.7491 +- 2.79977 deg 
 Average E' 0.181776 +- 0.00515379 GeV 
