*******************************************************************************************************
Z     A     E(GeV)     Theta(deg)     Energy Loss(GeV)     Sigma(nb/sr/GeV)     ERROR     Citation     
*******************************************************************************************************
6     12     0.16          152.8             0.0008              0.0887655                     0.0627667
6     12     0.16          152.8             0.0024              0.0887655                     0.0627667
6     12     0.16          152.8             0.004              0.133148                     0.0768732
6     12     0.16          152.8             0.0056              0.0887655                     0.0627667
6     12     0.16          152.8             0.0072              0.443827                     0.140351
6     12     0.16          152.8             0.0088              0.48821                     0.147201
6     12     0.16          152.8             0.0104              0.355062                     0.125533
6     12     0.16          152.8             0.012              0.843272                     0.19346
6     12     0.16          152.8             0.0136              0.532593                     0.153746
6     12     0.16          152.8             0.0152              0.887655                     0.198486
6     12     0.16          152.8             0.0168              0.754507                     0.182995
6     12     0.16          152.8             0.0184              0.932038                     0.203387
6     12     0.16          152.8             0.02              1.10957                     0.221914
6     12     0.16          152.8             0.0216              0.843272                     0.19346
6     12     0.16          152.8             0.0232              1.0208                     0.212852
6     12     0.16          152.8             0.0248              1.15395                     0.226308
6     12     0.16          152.8             0.0264              1.0208                     0.212852
6     12     0.16          152.8             0.028              1.37586                     0.247113
6     12     0.16          152.8             0.0296              1.15395                     0.226308
6     12     0.16          152.8             0.0312              1.42025                     0.251067
6     12     0.16          152.8             0.0328              1.24272                     0.234851
6     12     0.16          152.8             0.0344              1.95284                     0.294402
6     12     0.16          152.8             0.036              2.08599                     0.304273
6     12     0.16          152.8             0.0376              1.42025                     0.251067
6     12     0.16          152.8             0.0392              1.19833                     0.230619
6     12     0.16          152.8             0.0408              1.59778                     0.266296
6     12     0.16          152.8             0.0424              1.37586                     0.247113
6     12     0.16          152.8             0.044              1.06519                     0.21743
6     12     0.16          152.8             0.0456              1.42025                     0.251067
6     12     0.16          152.8             0.0472              1.81969                     0.284188
6     12     0.16          152.8             0.0488              1.68654                     0.273594
6     12     0.16          152.8             0.0504              1.42025                     0.251067
6     12     0.16          152.8             0.052              1.42025                     0.251067
6     12     0.16          152.8             0.0536              1.50901                     0.258794
6     12     0.16          152.8             0.0552              1.64216                     0.26997
6     12     0.16          152.8             0.0568              1.2871                     0.239008
6     12     0.16          152.8             0.0584              1.5534                     0.262572
6     12     0.16          152.8             0.06              1.46463                     0.254959
6     12     0.16          152.8             0.0616              1.37586                     0.247113
6     12     0.16          152.8             0.0632              1.81969                     0.284188
6     12     0.16          152.8             0.0648              1.33148                     0.243094
6     12     0.16          152.8             0.0664              0.932038                     0.203387
6     12     0.16          152.8             0.068              1.10957                     0.221914
6     12     0.16          152.8             0.0696              1.77531                     0.280701
6     12     0.16          152.8             0.0712              1.19833                     0.230619
6     12     0.16          152.8             0.0728              0.532593                     0.153746
6     12     0.16          152.8             0.0744              0.97642                     0.208174
6     12     0.16          152.8             0.076              0.97642                     0.208174
6     12     0.16          152.8             0.0776              1.0208                     0.212852
6     12     0.16          152.8             0.0792              0.798889                     0.1883
6     12     0.16          152.8             0.0808              0.932038                     0.203387
6     12     0.16          152.8             0.0824              0.621358                     0.166065
6     12     0.16          152.8             0.084              0.665741                     0.171894
6     12     0.16          152.8             0.0856              0.48821                     0.147201
6     12     0.16          152.8             0.0872              0.355062                     0.125533
6     12     0.16          152.8             0.0888              0.443827                     0.140351
6     12     0.16          152.8             0.0904              0.266296                     0.108715
6     12     0.16          152.8             0.092              0.576976                     0.160024
6     12     0.16          152.8             0.0936              0.532593                     0.153746
6     12     0.16          152.8             0.0952              0.266296                     0.108715
6     12     0.16          152.8             0.0968              0.443827                     0.140351
6     12     0.16          152.8             0.0984              0.399445                     0.133148
6     12     0.16          152.8             0.1              0.443827                     0.140351
6     12     0.16          152.8             0.1016              0.221914                     0.0992428
6     12     0.16          152.8             0.1032              0.310679                     0.117426
6     12     0.16          152.8             0.1048              0.177531                     0.0887655
6     12     0.16          152.8             0.1064              0.310679                     0.117426
6     12     0.16          152.8             0.108              0.399445                     0.133148
6     12     0.16          152.8             0.1096              0.266296                     0.108715
6     12     0.16          152.8             0.1112              0.177531                     0.0887655
6     12     0.16          152.8             0.1128              0.177531                     0.0887655
6     12     0.16          152.8             0.1144              0.310679                     0.117426
6     12     0.16          152.8             0.116              0.266296                     0.108715
6     12     0.16          152.8             0.1176              0.221914                     0.0992428
6     12     0.16          152.8             0.1192              0.221914                     0.0992428
6     12     0.16          152.8             0.1208              0.0887655                     0.0627667
6     12     0.16          152.8             0.1224              0.310679                     0.117426
6     12     0.16          152.8             0.124              0.399445                     0.133148
6     12     0.16          152.8             0.1256              0.177531                     0.0887655
6     12     0.16          152.8             0.1272              0.177531                     0.0887655
6     12     0.16          152.8             0.1288              0                     0
6     12     0.16          152.8             0.1304              0                     0
6     12     0.16          152.8             0.132              0                     0
6     12     0.16          152.8             0.1336              0                     0
6     12     0.16          152.8             0.1352              0                     0
6     12     0.16          152.8             0.1368              0                     0
6     12     0.16          152.8             0.1384              0                     0
6     12     0.16          152.8             0.14              0                     0
6     12     0.16          152.8             0.1416              0                     0
6     12     0.16          152.8             0.1432              0                     0
6     12     0.16          152.8             0.1448              0                     0
6     12     0.16          152.8             0.1464              0                     0
6     12     0.16          152.8             0.148              0                     0
6     12     0.16          152.8             0.1496              0                     0
6     12     0.16          152.8             0.1512              0                     0
6     12     0.16          152.8             0.1528              0                     0
6     12     0.16          152.8             0.1544              0                     0
6     12     0.16          152.8             0.156              0                     0
6     12     0.16          152.8             0.1576              0                     0
*******************************************************************************************************
 Average angle 154.007 +- 3.98176 deg 
 Average E' 0.106097 +- 0.00274306 GeV 
