*******************************************************************************************************
Z     A     E(GeV)     Theta(deg)     Energy Loss(GeV)     Sigma(nb/sr/GeV)     ERROR     Citation     
*******************************************************************************************************
6     12     1          135.8             0.005              0                     0
6     12     1          135.8             0.015              0                     0
6     12     1          135.8             0.025              0                     0
6     12     1          135.8             0.035              0                     0
6     12     1          135.8             0.045              0                     0
6     12     1          135.8             0.055              0                     0
6     12     1          135.8             0.065              0                     0
6     12     1          135.8             0.075              0                     0
6     12     1          135.8             0.085              0                     0
6     12     1          135.8             0.095              0                     0
6     12     1          135.8             0.105              0                     0
6     12     1          135.8             0.115              0                     0
6     12     1          135.8             0.125              0                     0
6     12     1          135.8             0.135              0                     0
6     12     1          135.8             0.145              0                     0
6     12     1          135.8             0.155              0                     0
6     12     1          135.8             0.165              0                     0
6     12     1          135.8             0.175              0                     0
6     12     1          135.8             0.185              0                     0
6     12     1          135.8             0.195              0                     0
6     12     1          135.8             0.205              0                     0
6     12     1          135.8             0.215              0                     0
6     12     1          135.8             0.225              0                     0
6     12     1          135.8             0.235              0                     0
6     12     1          135.8             0.245              0                     0
6     12     1          135.8             0.255              0                     0
6     12     1          135.8             0.265              0                     0
6     12     1          135.8             0.275              0                     0
6     12     1          135.8             0.285              0                     0
6     12     1          135.8             0.295              0                     0
6     12     1          135.8             0.305              0                     0
6     12     1          135.8             0.315              0                     0
6     12     1          135.8             0.325              0                     0
6     12     1          135.8             0.335              0                     0
6     12     1          135.8             0.345              0                     0
6     12     1          135.8             0.355              0                     0
6     12     1          135.8             0.365              0                     0
6     12     1          135.8             0.375              0                     0
6     12     1          135.8             0.385              0                     0
6     12     1          135.8             0.395              0                     0
6     12     1          135.8             0.405              0                     0
6     12     1          135.8             0.415              0                     0
6     12     1          135.8             0.425              0                     0
6     12     1          135.8             0.435              0                     0
6     12     1          135.8             0.445              0                     0
6     12     1          135.8             0.455              0                     0
6     12     1          135.8             0.465              0                     0
6     12     1          135.8             0.475              0                     0
6     12     1          135.8             0.485              0                     0
6     12     1          135.8             0.495              0                     0
6     12     1          135.8             0.505              0                     0
6     12     1          135.8             0.515              0                     0
6     12     1          135.8             0.525              0                     0
6     12     1          135.8             0.535              0                     0
6     12     1          135.8             0.545              0                     0
6     12     1          135.8             0.555              0                     0
6     12     1          135.8             0.565              0                     0
6     12     1          135.8             0.575              0                     0
6     12     1          135.8             0.585              0                     0
6     12     1          135.8             0.595              0                     0
6     12     1          135.8             0.605              0                     0
6     12     1          135.8             0.615              0                     0
6     12     1          135.8             0.625              0                     0
6     12     1          135.8             0.635              0                     0
6     12     1          135.8             0.645              0                     0
6     12     1          135.8             0.655              0.017667                     0.017667
6     12     1          135.8             0.665              0.017667                     0.017667
6     12     1          135.8             0.675              0                     0
6     12     1          135.8             0.685              0.0353339                     0.0249848
6     12     1          135.8             0.695              0                     0
6     12     1          135.8             0.705              0                     0
6     12     1          135.8             0.715              0.0353339                     0.0249848
6     12     1          135.8             0.725              0.0530009                     0.0306001
6     12     1          135.8             0.735              0.0530009                     0.0306001
6     12     1          135.8             0.745              0.017667                     0.017667
6     12     1          135.8             0.755              0.0706678                     0.0353339
6     12     1          135.8             0.765              0.017667                     0.017667
6     12     1          135.8             0.775              0.0353339                     0.0249848
6     12     1          135.8             0.785              0.0530009                     0.0306001
6     12     1          135.8             0.795              0.0706678                     0.0353339
6     12     1          135.8             0.805              0.106002                     0.043275
6     12     1          135.8             0.815              0.017667                     0.017667
6     12     1          135.8             0.825              0.106002                     0.043275
6     12     1          135.8             0.835              0.017667                     0.017667
6     12     1          135.8             0.845              0.0706678                     0.0353339
6     12     1          135.8             0.855              0.0706678                     0.0353339
6     12     1          135.8             0.865              0.106002                     0.043275
6     12     1          135.8             0.875              0.0706678                     0.0353339
6     12     1          135.8             0.885              0.0706678                     0.0353339
6     12     1          135.8             0.895              0.0530009                     0.0306001
6     12     1          135.8             0.905              0.0883348                     0.0395045
6     12     1          135.8             0.915              0.106002                     0.043275
6     12     1          135.8             0.925              0.194336                     0.0585946
6     12     1          135.8             0.935              0.17667                     0.0558678
6     12     1          135.8             0.945              0.212003                     0.0612001
6     12     1          135.8             0.955              0.0883348                     0.0395045
6     12     1          135.8             0.965              0.106002                     0.043275
6     12     1          135.8             0.975              0.371006                     0.0809601
6     12     1          135.8             0.985              0.353339                     0.079009
*******************************************************************************************************
 Average angle 136.07 +- 10.498 deg 
 Average E' 0.101981 +- 0.00786801 GeV 
