*******************************************************************************************************
Z     A     E(GeV)     Theta(deg)     Energy Loss(GeV)     Sigma(nb/sr/GeV)     ERROR     Citation     
*******************************************************************************************************
6     12     0.32          69             0.0016              0.0500807                     0.0354124
6     12     0.32          69             0.0048              0.450727                     0.106237
6     12     0.32          69             0.008              1.00161                     0.158369
6     12     0.32          69             0.0112              1.50242                     0.193962
6     12     0.32          69             0.0144              2.37883                     0.244063
6     12     0.32          69             0.0176              3.18013                     0.282191
6     12     0.32          69             0.0208              3.7811                     0.307701
6     12     0.32          69             0.024              3.85622                     0.310743
6     12     0.32          69             0.0272              4.30694                     0.328401
6     12     0.32          69             0.0304              5.43376                     0.368868
6     12     0.32          69             0.0336              5.7092                     0.378101
6     12     0.32          69             0.0368              7.41195                     0.430811
6     12     0.32          69             0.04              7.28675                     0.427157
6     12     0.32          69             0.0432              8.4386                     0.45968
6     12     0.32          69             0.0464              9.28998                     0.482312
6     12     0.32          69             0.0496              9.46526                     0.48684
6     12     0.32          69             0.0528              9.89095                     0.497667
6     12     0.32          69             0.056              10.6422                     0.51622
6     12     0.32          69             0.0592              10.4919                     0.512564
6     12     0.32          69             0.0624              10.8675                     0.521658
6     12     0.32          69             0.0656              11.3433                     0.532954
6     12     0.32          69             0.0688              11.5186                     0.537056
6     12     0.32          69             0.072              11.5436                     0.537639
6     12     0.32          69             0.0752              10.7173                     0.518039
6     12     0.32          69             0.0784              10.6922                     0.517434
6     12     0.32          69             0.0816              10.6171                     0.515613
6     12     0.32          69             0.0848              8.96445                     0.473786
6     12     0.32          69             0.088              9.94103                     0.498926
6     12     0.32          69             0.0912              8.51372                     0.461722
6     12     0.32          69             0.0944              9.01453                     0.475108
6     12     0.32          69             0.0976              8.66397                     0.465778
6     12     0.32          69             0.1008              7.31179                     0.42789
6     12     0.32          69             0.104              7.06138                     0.420499
6     12     0.32          69             0.1072              6.61066                     0.406858
6     12     0.32          69             0.1104              5.38368                     0.367164
6     12     0.32          69             0.1136              5.43376                     0.368868
6     12     0.32          69             0.1168              5.03311                     0.355008
6     12     0.32          69             0.12              4.78271                     0.346065
6     12     0.32          69             0.1232              4.20678                     0.32456
6     12     0.32          69             0.1264              3.70597                     0.304629
6     12     0.32          69             0.1296              3.38045                     0.290943
6     12     0.32          69             0.1328              2.77948                     0.263817
6     12     0.32          69             0.136              2.87964                     0.268528
6     12     0.32          69             0.1392              2.90468                     0.269693
6     12     0.32          69             0.1424              2.42892                     0.246619
6     12     0.32          69             0.1456              2.00323                     0.223968
6     12     0.32          69             0.1488              1.80291                     0.212475
6     12     0.32          69             0.152              1.62762                     0.201882
6     12     0.32          69             0.1552              1.4273                     0.189051
6     12     0.32          69             0.1584              1.80291                     0.212475
6     12     0.32          69             0.1616              1.47738                     0.192339
6     12     0.32          69             0.1648              1.12682                     0.167976
6     12     0.32          69             0.168              1.6777                     0.204964
6     12     0.32          69             0.1712              1.27706                     0.178824
6     12     0.32          69             0.1744              1.4273                     0.189051
6     12     0.32          69             0.1776              1.35218                     0.184008
6     12     0.32          69             0.1808              1.27706                     0.178824
6     12     0.32          69             0.184              1.37722                     0.185704
6     12     0.32          69             0.1872              1.12682                     0.167976
6     12     0.32          69             0.1904              1.15186                     0.169832
6     12     0.32          69             0.1936              1.07674                     0.164201
6     12     0.32          69             0.1968              1.20194                     0.173485
6     12     0.32          69             0.2              1.45234                     0.190702
6     12     0.32          69             0.2032              1.37722                     0.185704
6     12     0.32          69             0.2064              1.57754                     0.198752
6     12     0.32          69             0.2096              1.3021                     0.180569
6     12     0.32          69             0.2128              1.57754                     0.198752
6     12     0.32          69             0.216              1.80291                     0.212475
6     12     0.32          69             0.2192              1.25202                     0.177062
6     12     0.32          69             0.2224              1.87803                     0.216856
6     12     0.32          69             0.2256              1.60258                     0.200323
6     12     0.32          69             0.2288              1.62762                     0.201882
6     12     0.32          69             0.232              1.87803                     0.216856
6     12     0.32          69             0.2352              1.82795                     0.213945
6     12     0.32          69             0.2384              1.92811                     0.219728
6     12     0.32          69             0.2416              1.65266                     0.203429
6     12     0.32          69             0.2448              1.85299                     0.215405
6     12     0.32          69             0.248              1.90307                     0.218297
6     12     0.32          69             0.2512              1.87803                     0.216856
6     12     0.32          69             0.2544              2.17851                     0.233561
6     12     0.32          69             0.2576              1.6777                     0.204964
6     12     0.32          69             0.2608              2.12843                     0.230861
6     12     0.32          69             0.264              2.10339                     0.229499
6     12     0.32          69             0.2672              1.80291                     0.212475
6     12     0.32          69             0.2704              0.976574                     0.156377
6     12     0.32          69             0.2736              0.225363                     0.0751211
6     12     0.32          69             0.2768              0                     0
6     12     0.32          69             0.28              0                     0
6     12     0.32          69             0.2832              0                     0
6     12     0.32          69             0.2864              0                     0
6     12     0.32          69             0.2896              0                     0
6     12     0.32          69             0.2928              0                     0
6     12     0.32          69             0.296              0                     0
6     12     0.32          69             0.2992              0                     0
6     12     0.32          69             0.3024              0                     0
6     12     0.32          69             0.3056              0                     0
6     12     0.32          69             0.3088              0                     0
6     12     0.32          69             0.312              0                     0
6     12     0.32          69             0.3152              0                     0
*******************************************************************************************************
 Average angle 69.4741 +- 0.583857 deg 
 Average E' 0.221515 +- 0.0018616 GeV 
