*******************************************************************************************************
Z     A     E(GeV)     Theta(deg)     Energy Loss(GeV)     Sigma(nb/sr/GeV)     ERROR     Citation     
*******************************************************************************************************
6     12     1.2044          74.6             0.006022              0                     0
6     12     1.2044          74.6             0.018066              0                     0
6     12     1.2044          74.6             0.03011              0                     0
6     12     1.2044          74.6             0.042154              0                     0
6     12     1.2044          74.6             0.054198              0                     0
6     12     1.2044          74.6             0.066242              0                     0
6     12     1.2044          74.6             0.078286              0                     0
6     12     1.2044          74.6             0.09033              0                     0
6     12     1.2044          74.6             0.102374              0                     0
6     12     1.2044          74.6             0.114418              0                     0
6     12     1.2044          74.6             0.126462              0                     0
6     12     1.2044          74.6             0.138506              0                     0
6     12     1.2044          74.6             0.15055              0                     0
6     12     1.2044          74.6             0.162594              0                     0
6     12     1.2044          74.6             0.174638              0                     0
6     12     1.2044          74.6             0.186682              0                     0
6     12     1.2044          74.6             0.198726              0                     0
6     12     1.2044          74.6             0.21077              0                     0
6     12     1.2044          74.6             0.222814              0                     0
6     12     1.2044          74.6             0.234858              0                     0
6     12     1.2044          74.6             0.246902              0                     0
6     12     1.2044          74.6             0.258946              0                     0
6     12     1.2044          74.6             0.27099              0                     0
6     12     1.2044          74.6             0.283034              0                     0
6     12     1.2044          74.6             0.295078              0                     0
6     12     1.2044          74.6             0.307122              0                     0
6     12     1.2044          74.6             0.319166              0                     0
6     12     1.2044          74.6             0.33121              0                     0
6     12     1.2044          74.6             0.343254              0                     0
6     12     1.2044          74.6             0.355298              0                     0
6     12     1.2044          74.6             0.367342              0                     0
6     12     1.2044          74.6             0.379386              0                     0
6     12     1.2044          74.6             0.39143              0                     0
6     12     1.2044          74.6             0.403474              0                     0
6     12     1.2044          74.6             0.415518              0                     0
6     12     1.2044          74.6             0.427562              0.0118465                     0.0118465
6     12     1.2044          74.6             0.439606              0.0118465                     0.0118465
6     12     1.2044          74.6             0.45165              0.0355395                     0.0205187
6     12     1.2044          74.6             0.463694              0.0118465                     0.0118465
6     12     1.2044          74.6             0.475738              0.0118465                     0.0118465
6     12     1.2044          74.6             0.487782              0.0118465                     0.0118465
6     12     1.2044          74.6             0.499826              0.023693                     0.0167535
6     12     1.2044          74.6             0.51187              0.023693                     0.0167535
6     12     1.2044          74.6             0.523914              0.106618                     0.0355395
6     12     1.2044          74.6             0.535958              0.047386                     0.023693
6     12     1.2044          74.6             0.548002              0.047386                     0.023693
6     12     1.2044          74.6             0.560046              0.094772                     0.033507
6     12     1.2044          74.6             0.57209              0.142158                     0.0410375
6     12     1.2044          74.6             0.584134              0.177697                     0.0458813
6     12     1.2044          74.6             0.596178              0.130311                     0.0392904
6     12     1.2044          74.6             0.608222              0.106618                     0.0355395
6     12     1.2044          74.6             0.620266              0.225083                     0.0516377
6     12     1.2044          74.6             0.63231              0.106618                     0.0355395
6     12     1.2044          74.6             0.644354              0.189544                     0.047386
6     12     1.2044          74.6             0.656398              0.142158                     0.0410375
6     12     1.2044          74.6             0.668442              0.130311                     0.0392904
6     12     1.2044          74.6             0.680486              0.165851                     0.0443255
6     12     1.2044          74.6             0.69253              0.0355395                     0.0205187
6     12     1.2044          74.6             0.704574              0.20139                     0.0488444
6     12     1.2044          74.6             0.716618              0.0829255                     0.0313429
6     12     1.2044          74.6             0.728662              0.118465                     0.0374619
6     12     1.2044          74.6             0.740706              0.0829255                     0.0313429
6     12     1.2044          74.6             0.75275              0.094772                     0.033507
6     12     1.2044          74.6             0.764794              0.0829255                     0.0313429
6     12     1.2044          74.6             0.776838              0.118465                     0.0374619
6     12     1.2044          74.6             0.788882              0.154004                     0.0427132
6     12     1.2044          74.6             0.800926              0.165851                     0.0443255
6     12     1.2044          74.6             0.81297              0.106618                     0.0355395
6     12     1.2044          74.6             0.825014              0.094772                     0.033507
6     12     1.2044          74.6             0.837058              0.165851                     0.0443255
6     12     1.2044          74.6             0.849102              0.0829255                     0.0313429
6     12     1.2044          74.6             0.861146              0.142158                     0.0410375
6     12     1.2044          74.6             0.87319              0.20139                     0.0488444
6     12     1.2044          74.6             0.885234              0.118465                     0.0374619
6     12     1.2044          74.6             0.897278              0.130311                     0.0392904
6     12     1.2044          74.6             0.909322              0.0829255                     0.0313429
6     12     1.2044          74.6             0.921366              0.20139                     0.0488444
6     12     1.2044          74.6             0.93341              0.130311                     0.0392904
6     12     1.2044          74.6             0.945454              0.23693                     0.0529791
6     12     1.2044          74.6             0.957498              0.142158                     0.0410375
6     12     1.2044          74.6             0.969542              0.165851                     0.0443255
6     12     1.2044          74.6             0.981586              0.248776                     0.0542875
6     12     1.2044          74.6             0.99363              0.319855                     0.0615562
6     12     1.2044          74.6             1.00567              0.331702                     0.0626858
6     12     1.2044          74.6             1.01772              0.248776                     0.0542875
6     12     1.2044          74.6             1.02976              0.355395                     0.0648859
6     12     1.2044          74.6             1.04181              0.260623                     0.055565
6     12     1.2044          74.6             1.05385              0.43832                     0.0720594
6     12     1.2044          74.6             1.06589              0.296162                     0.0592325
6     12     1.2044          74.6             1.07794              0.248776                     0.0542875
6     12     1.2044          74.6             1.08998              0.379088                     0.0670139
6     12     1.2044          74.6             1.10203              0.426474                     0.071079
6     12     1.2044          74.6             1.11407              0.272469                     0.0568138
6     12     1.2044          74.6             1.12611              0.485706                     0.0758546
6     12     1.2044          74.6             1.13816              0.462013                     0.0739814
6     12     1.2044          74.6             1.1502              0.319855                     0.0615562
6     12     1.2044          74.6             1.16225              0.284316                     0.0580357
6     12     1.2044          74.6             1.17429              0.331702                     0.0626858
6     12     1.2044          74.6             1.18633              0.319855                     0.0615562
*******************************************************************************************************
 Average angle 74.8878 +- 2.43998 deg 
 Average E' 0.269687 +- 0.00878689 GeV 
