*******************************************************************************************************
Z     A     E(GeV)     Theta(deg)     Energy Loss(GeV)     Sigma(nb/sr/GeV)     ERROR     Citation     
*******************************************************************************************************
6     12     0.56          154.08             0.0028              0                     0
6     12     0.56          154.08             0.0084              0                     0
6     12     0.56          154.08             0.014              0                     0
6     12     0.56          154.08             0.0196              0                     0
6     12     0.56          154.08             0.0252              0                     0
6     12     0.56          154.08             0.0308              0                     0
6     12     0.56          154.08             0.0364              0                     0
6     12     0.56          154.08             0.042              0                     0
6     12     0.56          154.08             0.0476              0                     0
6     12     0.56          154.08             0.0532              0                     0
6     12     0.56          154.08             0.0588              0                     0
6     12     0.56          154.08             0.0644              0                     0
6     12     0.56          154.08             0.07              0                     0
6     12     0.56          154.08             0.0756              0                     0
6     12     0.56          154.08             0.0812              0                     0
6     12     0.56          154.08             0.0868              0                     0
6     12     0.56          154.08             0.0924              0                     0
6     12     0.56          154.08             0.098              0                     0
6     12     0.56          154.08             0.1036              0                     0
6     12     0.56          154.08             0.1092              0                     0
6     12     0.56          154.08             0.1148              0                     0
6     12     0.56          154.08             0.1204              0                     0
6     12     0.56          154.08             0.126              0                     0
6     12     0.56          154.08             0.1316              0                     0
6     12     0.56          154.08             0.1372              0                     0
6     12     0.56          154.08             0.1428              0                     0
6     12     0.56          154.08             0.1484              0                     0
6     12     0.56          154.08             0.154              0                     0
6     12     0.56          154.08             0.1596              0                     0
6     12     0.56          154.08             0.1652              0                     0
6     12     0.56          154.08             0.1708              0                     0
6     12     0.56          154.08             0.1764              0                     0
6     12     0.56          154.08             0.182              0                     0
6     12     0.56          154.08             0.1876              0                     0
6     12     0.56          154.08             0.1932              0.0405861                     0.0405861
6     12     0.56          154.08             0.1988              0                     0
6     12     0.56          154.08             0.2044              0                     0
6     12     0.56          154.08             0.21              0                     0
6     12     0.56          154.08             0.2156              0.121758                     0.0702973
6     12     0.56          154.08             0.2212              0                     0
6     12     0.56          154.08             0.2268              0                     0
6     12     0.56          154.08             0.2324              0.0405861                     0.0405861
6     12     0.56          154.08             0.238              0.0405861                     0.0405861
6     12     0.56          154.08             0.2436              0.0405861                     0.0405861
6     12     0.56          154.08             0.2492              0.202931                     0.0907534
6     12     0.56          154.08             0.2548              0                     0
6     12     0.56          154.08             0.2604              0.0811723                     0.0573975
6     12     0.56          154.08             0.266              0.0811723                     0.0573975
6     12     0.56          154.08             0.2716              0                     0
6     12     0.56          154.08             0.2772              0.162345                     0.0811723
6     12     0.56          154.08             0.2828              0.0811723                     0.0573975
6     12     0.56          154.08             0.2884              0.0405861                     0.0405861
6     12     0.56          154.08             0.294              0                     0
6     12     0.56          154.08             0.2996              0.162345                     0.0811723
6     12     0.56          154.08             0.3052              0.121758                     0.0702973
6     12     0.56          154.08             0.3108              0.162345                     0.0811723
6     12     0.56          154.08             0.3164              0.202931                     0.0907534
6     12     0.56          154.08             0.322              0.243517                     0.0994153
6     12     0.56          154.08             0.3276              0.0405861                     0.0405861
6     12     0.56          154.08             0.3332              0.0811723                     0.0573975
6     12     0.56          154.08             0.3388              0.202931                     0.0907534
6     12     0.56          154.08             0.3444              0.0405861                     0.0405861
6     12     0.56          154.08             0.35              0.121758                     0.0702973
6     12     0.56          154.08             0.3556              0.162345                     0.0811723
6     12     0.56          154.08             0.3612              0.121758                     0.0702973
6     12     0.56          154.08             0.3668              0.162345                     0.0811723
6     12     0.56          154.08             0.3724              0.0811723                     0.0573975
6     12     0.56          154.08             0.378              0.243517                     0.0994153
6     12     0.56          154.08             0.3836              0.121758                     0.0702973
6     12     0.56          154.08             0.3892              0.121758                     0.0702973
6     12     0.56          154.08             0.3948              0.0811723                     0.0573975
6     12     0.56          154.08             0.4004              0.0811723                     0.0573975
6     12     0.56          154.08             0.406              0.243517                     0.0994153
6     12     0.56          154.08             0.4116              0.162345                     0.0811723
6     12     0.56          154.08             0.4172              0.243517                     0.0994153
6     12     0.56          154.08             0.4228              0.284103                     0.107381
6     12     0.56          154.08             0.4284              0.365275                     0.121758
6     12     0.56          154.08             0.434              0.202931                     0.0907534
6     12     0.56          154.08             0.4396              0.284103                     0.107381
6     12     0.56          154.08             0.4452              0.324689                     0.114795
6     12     0.56          154.08             0.4508              0.324689                     0.114795
6     12     0.56          154.08             0.4564              0.284103                     0.107381
6     12     0.56          154.08             0.462              0.487034                     0.140595
6     12     0.56          154.08             0.4676              0.243517                     0.0994153
6     12     0.56          154.08             0.4732              0.365275                     0.121758
6     12     0.56          154.08             0.4788              0.284103                     0.107381
6     12     0.56          154.08             0.4844              0.405861                     0.128345
6     12     0.56          154.08             0.49              0.568206                     0.151859
6     12     0.56          154.08             0.4956              0.324689                     0.114795
6     12     0.56          154.08             0.5012              0.284103                     0.107381
6     12     0.56          154.08             0.5068              0.405861                     0.128345
6     12     0.56          154.08             0.5124              0.487034                     0.140595
6     12     0.56          154.08             0.518              0.487034                     0.140595
6     12     0.56          154.08             0.5236              0.202931                     0.0907534
6     12     0.56          154.08             0.5292              0.568206                     0.151859
6     12     0.56          154.08             0.5348              0.162345                     0.0811723
6     12     0.56          154.08             0.5404              0.324689                     0.114795
6     12     0.56          154.08             0.546              0.243517                     0.0994153
6     12     0.56          154.08             0.5516              0.121758                     0.0702973
*******************************************************************************************************
 Average angle 154.553 +- 8.92315 deg 
 Average E' 0.124525 +- 0.00718943 GeV 
