*******************************************************************************************************
Z     A     E(GeV)     Theta(deg)     Energy Loss(GeV)     Sigma(nb/sr/GeV)     ERROR     Citation     
*******************************************************************************************************
6     12     0.48          119.2             0.0024              0                     0
6     12     0.48          119.2             0.0072              0                     0
6     12     0.48          119.2             0.012              0                     0
6     12     0.48          119.2             0.0168              0                     0
6     12     0.48          119.2             0.0216              0                     0
6     12     0.48          119.2             0.0264              0                     0
6     12     0.48          119.2             0.0312              0                     0
6     12     0.48          119.2             0.036              0                     0
6     12     0.48          119.2             0.0408              0                     0
6     12     0.48          119.2             0.0456              0                     0
6     12     0.48          119.2             0.0504              0                     0
6     12     0.48          119.2             0.0552              0                     0
6     12     0.48          119.2             0.06              0                     0
6     12     0.48          119.2             0.0648              0                     0
6     12     0.48          119.2             0.0696              0                     0
6     12     0.48          119.2             0.0744              0                     0
6     12     0.48          119.2             0.0792              0                     0
6     12     0.48          119.2             0.084              0                     0
6     12     0.48          119.2             0.0888              0                     0
6     12     0.48          119.2             0.0936              0                     0
6     12     0.48          119.2             0.0984              0                     0
6     12     0.48          119.2             0.1032              0                     0
6     12     0.48          119.2             0.108              0                     0
6     12     0.48          119.2             0.1128              0.0223998                     0.0223998
6     12     0.48          119.2             0.1176              0.0223998                     0.0223998
6     12     0.48          119.2             0.1224              0.0223998                     0.0223998
6     12     0.48          119.2             0.1272              0                     0
6     12     0.48          119.2             0.132              0.111999                     0.0500875
6     12     0.48          119.2             0.1368              0                     0
6     12     0.48          119.2             0.1416              0.0671995                     0.0387976
6     12     0.48          119.2             0.1464              0.111999                     0.0500875
6     12     0.48          119.2             0.1512              0.134399                     0.0548681
6     12     0.48          119.2             0.156              0.0671995                     0.0387976
6     12     0.48          119.2             0.1608              0.111999                     0.0500875
6     12     0.48          119.2             0.1656              0.201598                     0.0671995
6     12     0.48          119.2             0.1704              0.201598                     0.0671995
6     12     0.48          119.2             0.1752              0.134399                     0.0548681
6     12     0.48          119.2             0.18              0.223998                     0.0708344
6     12     0.48          119.2             0.1848              0.246398                     0.0742918
6     12     0.48          119.2             0.1896              0.246398                     0.0742918
6     12     0.48          119.2             0.1944              0.380797                     0.0923568
6     12     0.48          119.2             0.1992              0.380797                     0.0923568
6     12     0.48          119.2             0.204              0.380797                     0.0923568
6     12     0.48          119.2             0.2088              0.380797                     0.0923568
6     12     0.48          119.2             0.2136              0.268798                     0.0775952
6     12     0.48          119.2             0.2184              0.403197                     0.0950344
6     12     0.48          119.2             0.2232              0.559995                     0.111999
6     12     0.48          119.2             0.228              0.582395                     0.114217
6     12     0.48          119.2             0.2328              0.447996                     0.100175
6     12     0.48          119.2             0.2376              0.470396                     0.102649
6     12     0.48          119.2             0.2424              0.335997                     0.0867541
6     12     0.48          119.2             0.2472              0.358397                     0.0895993
6     12     0.48          119.2             0.252              0.380797                     0.0923568
6     12     0.48          119.2             0.2568              0.425597                     0.0976385
6     12     0.48          119.2             0.2616              0.291198                     0.0807637
6     12     0.48          119.2             0.2664              0.201598                     0.0671995
6     12     0.48          119.2             0.2712              0.492796                     0.105064
6     12     0.48          119.2             0.276              0.425597                     0.0976385
6     12     0.48          119.2             0.2808              0.335997                     0.0867541
6     12     0.48          119.2             0.2856              0.403197                     0.0950344
6     12     0.48          119.2             0.2904              0.358397                     0.0895993
6     12     0.48          119.2             0.2952              0.380797                     0.0923568
6     12     0.48          119.2             0.3              0.447996                     0.100175
6     12     0.48          119.2             0.3048              0.201598                     0.0671995
6     12     0.48          119.2             0.3096              0.246398                     0.0742918
6     12     0.48          119.2             0.3144              0.179199                     0.0633563
6     12     0.48          119.2             0.3192              0.447996                     0.100175
6     12     0.48          119.2             0.324              0.470396                     0.102649
6     12     0.48          119.2             0.3288              0.246398                     0.0742918
6     12     0.48          119.2             0.3336              0.380797                     0.0923568
6     12     0.48          119.2             0.3384              0.335997                     0.0867541
6     12     0.48          119.2             0.3432              0.515196                     0.107426
6     12     0.48          119.2             0.348              0.492796                     0.105064
6     12     0.48          119.2             0.3528              0.447996                     0.100175
6     12     0.48          119.2             0.3576              0.537596                     0.109736
6     12     0.48          119.2             0.3624              0.582395                     0.114217
6     12     0.48          119.2             0.3672              0.627195                     0.118529
6     12     0.48          119.2             0.372              0.537596                     0.109736
6     12     0.48          119.2             0.3768              0.425597                     0.0976385
6     12     0.48          119.2             0.3816              0.604795                     0.116393
6     12     0.48          119.2             0.3864              0.671995                     0.122689
6     12     0.48          119.2             0.3912              0.828793                     0.136253
6     12     0.48          119.2             0.396              0.739194                     0.128677
6     12     0.48          119.2             0.4008              0.515196                     0.107426
6     12     0.48          119.2             0.4056              0.761594                     0.130612
6     12     0.48          119.2             0.4104              0.806393                     0.134399
6     12     0.48          119.2             0.4152              0.963192                     0.146885
6     12     0.48          119.2             0.42              0.873593                     0.139887
6     12     0.48          119.2             0.4248              0.895993                     0.141669
6     12     0.48          119.2             0.4296              0.918393                     0.143429
6     12     0.48          119.2             0.4344              1.00799                     0.150263
6     12     0.48          119.2             0.4392              0.918393                     0.143429
6     12     0.48          119.2             0.444              1.14239                     0.159967
6     12     0.48          119.2             0.4488              1.11999                     0.158391
6     12     0.48          119.2             0.4536              0.918393                     0.143429
6     12     0.48          119.2             0.4584              0.716794                     0.126713
6     12     0.48          119.2             0.4632              0.963192                     0.146885
6     12     0.48          119.2             0.468              0.0671995                     0.0387976
6     12     0.48          119.2             0.4728              0                     0
*******************************************************************************************************
 Average angle 119.565 +- 3.109 deg 
 Average E' 0.134491 +- 0.00349712 GeV 
