*******************************************************************************************************
Z     A     E(GeV)     Theta(deg)     Energy Loss(GeV)     Sigma(nb/sr/GeV)     ERROR     Citation     
*******************************************************************************************************
6     12     0.32          60             0.0016              0.593861                     0.126611
6     12     0.32          60             0.0048              1.99753                     0.232208
6     12     0.32          60             0.008              3.80611                     0.320532
6     12     0.32          60             0.0112              5.02082                     0.368144
6     12     0.32          60             0.0144              6.66743                     0.424239
6     12     0.32          60             0.0176              8.88091                     0.489621
6     12     0.32          60             0.0208              10.0956                     0.522033
6     12     0.32          60             0.024              12.1202                     0.571985
6     12     0.32          60             0.0272              13.3079                     0.599357
6     12     0.32          60             0.0304              14.4956                     0.625531
6     12     0.32          60             0.0336              15.7643                     0.652331
6     12     0.32          60             0.0368              18.9226                     0.714695
6     12     0.32          60             0.04              18.3557                     0.703909
6     12     0.32          60             0.0432              18.1937                     0.700796
6     12     0.32          60             0.0464              19.7864                     0.730826
6     12     0.32          60             0.0496              18.4637                     0.705976
6     12     0.32          60             0.0528              21.9998                     0.770621
6     12     0.32          60             0.056              22.2698                     0.775334
6     12     0.32          60             0.0592              20.1373                     0.737278
6     12     0.32          60             0.0624              20.9471                     0.751956
6     12     0.32          60             0.0656              19.6514                     0.728329
6     12     0.32          60             0.0688              19.7594                     0.730327
6     12     0.32          60             0.072              17.8968                     0.695054
6     12     0.32          60             0.0752              17.4109                     0.685554
6     12     0.32          60             0.0784              17.06                     0.67861
6     12     0.32          60             0.0816              15.7913                     0.65289
6     12     0.32          60             0.0848              15.5214                     0.647285
6     12     0.32          60             0.088              14.5496                     0.626695
6     12     0.32          60             0.0912              12.957                     0.591401
6     12     0.32          60             0.0944              12.957                     0.591401
6     12     0.32          60             0.0976              10.7435                     0.538522
6     12     0.32          60             0.1008              9.87968                     0.516419
6     12     0.32          60             0.104              9.23183                     0.4992
6     12     0.32          60             0.1072              7.99012                     0.464417
6     12     0.32          60             0.1104              7.47724                     0.449264
6     12     0.32          60             0.1136              6.91038                     0.431899
6     12     0.32          60             0.1168              5.83063                     0.396724
6     12     0.32          60             0.12              5.66867                     0.391175
6     12     0.32          60             0.1232              4.39997                     0.344632
6     12     0.32          60             0.1264              4.83187                     0.361151
6     12     0.32          60             0.1296              3.4282                     0.304203
6     12     0.32          60             0.1328              3.29323                     0.298155
6     12     0.32          60             0.136              2.94231                     0.281822
6     12     0.32          60             0.1392              3.10427                     0.289475
6     12     0.32          60             0.1424              2.5374                     0.261713
6     12     0.32          60             0.1456              2.48342                     0.258914
6     12     0.32          60             0.1488              2.24047                     0.245924
6     12     0.32          60             0.152              2.07851                     0.236868
6     12     0.32          60             0.1552              2.10551                     0.238402
6     12     0.32          60             0.1584              1.67361                     0.212548
6     12     0.32          60             0.1616              1.56563                     0.205578
6     12     0.32          60             0.1648              1.48465                     0.20019
6     12     0.32          60             0.168              1.32269                     0.188956
6     12     0.32          60             0.1712              1.24171                     0.18308
6     12     0.32          60             0.1744              1.64661                     0.210827
6     12     0.32          60             0.1776              1.64661                     0.210827
6     12     0.32          60             0.1808              1.51165                     0.202002
6     12     0.32          60             0.184              1.51165                     0.202002
6     12     0.32          60             0.1872              2.10551                     0.238402
6     12     0.32          60             0.1904              1.88956                     0.225845
6     12     0.32          60             0.1936              1.61962                     0.209092
6     12     0.32          60             0.1968              1.7006                     0.214256
6     12     0.32          60             0.2              2.05152                     0.235325
6     12     0.32          60             0.2032              1.88956                     0.225845
6     12     0.32          60             0.2064              2.1325                     0.239925
6     12     0.32          60             0.2096              2.40244                     0.254658
6     12     0.32          60             0.2128              2.32145                     0.250329
6     12     0.32          60             0.216              1.99753                     0.232208
6     12     0.32          60             0.2192              2.29446                     0.248869
6     12     0.32          60             0.2224              2.42943                     0.256084
6     12     0.32          60             0.2256              2.42943                     0.256084
6     12     0.32          60             0.2288              2.61839                     0.265857
6     12     0.32          60             0.232              2.26747                     0.247401
6     12     0.32          60             0.2352              2.78035                     0.273956
6     12     0.32          60             0.2384              2.48342                     0.258914
6     12     0.32          60             0.2416              2.42943                     0.256084
6     12     0.32          60             0.2448              2.5644                     0.263102
6     12     0.32          60             0.248              2.69937                     0.269937
6     12     0.32          60             0.2512              2.45642                     0.257503
6     12     0.32          60             0.2544              2.40244                     0.254658
6     12     0.32          60             0.2576              1.48465                     0.20019
6     12     0.32          60             0.2608              0.188956                     0.0714185
6     12     0.32          60             0.264              0                     0
6     12     0.32          60             0.2672              0                     0
6     12     0.32          60             0.2704              0                     0
6     12     0.32          60             0.2736              0                     0
6     12     0.32          60             0.2768              0                     0
6     12     0.32          60             0.28              0                     0
6     12     0.32          60             0.2832              0                     0
6     12     0.32          60             0.2864              0                     0
6     12     0.32          60             0.2896              0                     0
6     12     0.32          60             0.2928              0                     0
6     12     0.32          60             0.296              0                     0
6     12     0.32          60             0.2992              0                     0
6     12     0.32          60             0.3024              0                     0
6     12     0.32          60             0.3056              0                     0
6     12     0.32          60             0.3088              0                     0
6     12     0.32          60             0.312              0                     0
6     12     0.32          60             0.3152              0                     0
*******************************************************************************************************
 Average angle 60.4767 +- 0.406388 deg 
 Average E' 0.237496 +- 0.00159591 GeV 
