*******************************************************************************************************
Z     A     E(GeV)     Theta(deg)     Energy Loss(GeV)     Sigma(nb/sr/GeV)     ERROR     Citation     
*******************************************************************************************************
6     12     0.4          31.2             0.002              79.9745                     1.82802
6     12     0.4          31.2             0.006              123.346                     2.27022
6     12     0.4          31.2             0.01              164.796                     2.62408
6     12     0.4          31.2             0.014              195.632                     2.85907
6     12     0.4          31.2             0.018              220.243                     3.03358
6     12     0.4          31.2             0.022              225.006                     3.06621
6     12     0.4          31.2             0.026              233.196                     3.12151
6     12     0.4          31.2             0.03              228.558                     3.09032
6     12     0.4          31.2             0.034              223.795                     3.05794
6     12     0.4          31.2             0.038              208.669                     2.9528
6     12     0.4          31.2             0.042              202.318                     2.90751
6     12     0.4          31.2             0.046              191.496                     2.82868
6     12     0.4          31.2             0.05              175.284                     2.7063
6     12     0.4          31.2             0.054              159.364                     2.58048
6     12     0.4          31.2             0.058              143.11                     2.44534
6     12     0.4          31.2             0.062              129.864                     2.32943
6     12     0.4          31.2             0.066              112.566                     2.16874
6     12     0.4          31.2             0.07              92.5096                     1.96607
6     12     0.4          31.2             0.074              81.604                     1.84655
6     12     0.4          31.2             0.078              70.8238                     1.72026
6     12     0.4          31.2             0.082              57.3693                     1.54826
6     12     0.4          31.2             0.086              48.1769                     1.41881
6     12     0.4          31.2             0.09              40.4468                     1.30001
6     12     0.4          31.2             0.094              30.753                     1.13357
6     12     0.4          31.2             0.098              25.4464                     1.03114
6     12     0.4          31.2             0.102              21.268                     0.942689
6     12     0.4          31.2             0.106              18.0089                     0.867457
6     12     0.4          31.2             0.11              17.0896                     0.845028
6     12     0.4          31.2             0.114              12.2009                     0.714004
6     12     0.4          31.2             0.118              11.031                     0.678909
6     12     0.4          31.2             0.122              10.1535                     0.651347
6     12     0.4          31.2             0.126              8.77463                     0.605507
6     12     0.4          31.2             0.13              9.02533                     0.614096
6     12     0.4          31.2             0.134              8.14787                     0.583481
6     12     0.4          31.2             0.138              7.31219                     0.55275
6     12     0.4          31.2             0.142              6.89435                     0.536724
6     12     0.4          31.2             0.146              6.18402                     0.508324
6     12     0.4          31.2             0.15              7.39576                     0.555899
6     12     0.4          31.2             0.154              6.68543                     0.52853
6     12     0.4          31.2             0.158              7.06149                     0.543191
6     12     0.4          31.2             0.162              6.30937                     0.51345
6     12     0.4          31.2             0.166              5.59905                     0.483684
6     12     0.4          31.2             0.17              6.39294                     0.516839
6     12     0.4          31.2             0.174              6.93613                     0.538348
6     12     0.4          31.2             0.178              6.26759                     0.511747
6     12     0.4          31.2             0.182              6.51829                     0.521881
6     12     0.4          31.2             0.186              8.27322                     0.587952
6     12     0.4          31.2             0.19              7.8136                     0.571387
6     12     0.4          31.2             0.194              7.68824                     0.566785
6     12     0.4          31.2             0.198              8.18965                     0.584975
6     12     0.4          31.2             0.202              7.98073                     0.577465
6     12     0.4          31.2             0.206              8.39857                     0.59239
6     12     0.4          31.2             0.21              8.73284                     0.604063
6     12     0.4          31.2             0.214              8.77463                     0.605507
6     12     0.4          31.2             0.218              8.48214                     0.595329
6     12     0.4          31.2             0.222              7.22862                     0.549582
6     12     0.4          31.2             0.226              6.93613                     0.538348
6     12     0.4          31.2             0.23              5.64083                     0.485485
6     12     0.4          31.2             0.234              3.34271                     0.373727
6     12     0.4          31.2             0.238              1.88028                     0.280295
6     12     0.4          31.2             0.242              0.626759                     0.161828
6     12     0.4          31.2             0.246              0.0835679                     0.0590914
6     12     0.4          31.2             0.25              0                     0
6     12     0.4          31.2             0.254              0                     0
6     12     0.4          31.2             0.258              0                     0
6     12     0.4          31.2             0.262              0                     0
6     12     0.4          31.2             0.266              0                     0
6     12     0.4          31.2             0.27              0                     0
6     12     0.4          31.2             0.274              0                     0
6     12     0.4          31.2             0.278              0                     0
6     12     0.4          31.2             0.282              0                     0
6     12     0.4          31.2             0.286              0                     0
6     12     0.4          31.2             0.29              0                     0
6     12     0.4          31.2             0.294              0                     0
6     12     0.4          31.2             0.298              0                     0
6     12     0.4          31.2             0.302              0                     0
6     12     0.4          31.2             0.306              0                     0
6     12     0.4          31.2             0.31              0                     0
6     12     0.4          31.2             0.314              0                     0
6     12     0.4          31.2             0.318              0                     0
6     12     0.4          31.2             0.322              0                     0
6     12     0.4          31.2             0.326              0                     0
6     12     0.4          31.2             0.33              0                     0
6     12     0.4          31.2             0.334              0                     0
6     12     0.4          31.2             0.338              0                     0
6     12     0.4          31.2             0.342              0                     0
6     12     0.4          31.2             0.346              0                     0
6     12     0.4          31.2             0.35              0                     0
6     12     0.4          31.2             0.354              0                     0
6     12     0.4          31.2             0.358              0                     0
6     12     0.4          31.2             0.362              0                     0
6     12     0.4          31.2             0.366              0                     0
6     12     0.4          31.2             0.37              0                     0
6     12     0.4          31.2             0.374              0                     0
6     12     0.4          31.2             0.378              0                     0
6     12     0.4          31.2             0.382              0                     0
6     12     0.4          31.2             0.386              0                     0
6     12     0.4          31.2             0.39              0                     0
6     12     0.4          31.2             0.394              0                     0
*******************************************************************************************************
 Average angle 31.5863 +- 0.1053 deg 
 Average E' 0.351093 +- 0.00117045 GeV 
