*******************************************************************************************************
Z     A     E(GeV)     Theta(deg)     Energy Loss(GeV)     Sigma(nb/sr/GeV)     ERROR     Citation     
*******************************************************************************************************
6     12     1.2044          84.8             0.006022              0                     0
6     12     1.2044          84.8             0.018066              0                     0
6     12     1.2044          84.8             0.03011              0                     0
6     12     1.2044          84.8             0.042154              0                     0
6     12     1.2044          84.8             0.054198              0                     0
6     12     1.2044          84.8             0.066242              0                     0
6     12     1.2044          84.8             0.078286              0                     0
6     12     1.2044          84.8             0.09033              0                     0
6     12     1.2044          84.8             0.102374              0                     0
6     12     1.2044          84.8             0.114418              0                     0
6     12     1.2044          84.8             0.126462              0                     0
6     12     1.2044          84.8             0.138506              0                     0
6     12     1.2044          84.8             0.15055              0                     0
6     12     1.2044          84.8             0.162594              0                     0
6     12     1.2044          84.8             0.174638              0                     0
6     12     1.2044          84.8             0.186682              0                     0
6     12     1.2044          84.8             0.198726              0                     0
6     12     1.2044          84.8             0.21077              0                     0
6     12     1.2044          84.8             0.222814              0                     0
6     12     1.2044          84.8             0.234858              0                     0
6     12     1.2044          84.8             0.246902              0                     0
6     12     1.2044          84.8             0.258946              0                     0
6     12     1.2044          84.8             0.27099              0                     0
6     12     1.2044          84.8             0.283034              0                     0
6     12     1.2044          84.8             0.295078              0                     0
6     12     1.2044          84.8             0.307122              0                     0
6     12     1.2044          84.8             0.319166              0                     0
6     12     1.2044          84.8             0.33121              0                     0
6     12     1.2044          84.8             0.343254              0                     0
6     12     1.2044          84.8             0.355298              0                     0
6     12     1.2044          84.8             0.367342              0                     0
6     12     1.2044          84.8             0.379386              0                     0
6     12     1.2044          84.8             0.39143              0                     0
6     12     1.2044          84.8             0.403474              0                     0
6     12     1.2044          84.8             0.415518              0                     0
6     12     1.2044          84.8             0.427562              0                     0
6     12     1.2044          84.8             0.439606              0                     0
6     12     1.2044          84.8             0.45165              0                     0
6     12     1.2044          84.8             0.463694              0                     0
6     12     1.2044          84.8             0.475738              0                     0
6     12     1.2044          84.8             0.487782              0                     0
6     12     1.2044          84.8             0.499826              0                     0
6     12     1.2044          84.8             0.51187              0.0114684                     0.0114684
6     12     1.2044          84.8             0.523914              0                     0
6     12     1.2044          84.8             0.535958              0                     0
6     12     1.2044          84.8             0.548002              0                     0
6     12     1.2044          84.8             0.560046              0                     0
6     12     1.2044          84.8             0.57209              0.0229367                     0.0162187
6     12     1.2044          84.8             0.584134              0                     0
6     12     1.2044          84.8             0.596178              0                     0
6     12     1.2044          84.8             0.608222              0.0573418                     0.025644
6     12     1.2044          84.8             0.620266              0.0573418                     0.025644
6     12     1.2044          84.8             0.63231              0.0688101                     0.0280916
6     12     1.2044          84.8             0.644354              0.114684                     0.0362661
6     12     1.2044          84.8             0.656398              0.0573418                     0.025644
6     12     1.2044          84.8             0.668442              0.0802785                     0.0303424
6     12     1.2044          84.8             0.680486              0.0802785                     0.0303424
6     12     1.2044          84.8             0.69253              0.114684                     0.0362661
6     12     1.2044          84.8             0.704574              0.0688101                     0.0280916
6     12     1.2044          84.8             0.716618              0.13762                     0.0397275
6     12     1.2044          84.8             0.728662              0.0688101                     0.0280916
6     12     1.2044          84.8             0.740706              0.103215                     0.0344051
6     12     1.2044          84.8             0.75275              0.0802785                     0.0303424
6     12     1.2044          84.8             0.764794              0.0802785                     0.0303424
6     12     1.2044          84.8             0.776838              0.0917468                     0.0324374
6     12     1.2044          84.8             0.788882              0.0917468                     0.0324374
6     12     1.2044          84.8             0.800926              0.114684                     0.0362661
6     12     1.2044          84.8             0.81297              0.0917468                     0.0324374
6     12     1.2044          84.8             0.825014              0.0917468                     0.0324374
6     12     1.2044          84.8             0.837058              0.13762                     0.0397275
6     12     1.2044          84.8             0.849102              0.0802785                     0.0303424
6     12     1.2044          84.8             0.861146              0.126152                     0.0380362
6     12     1.2044          84.8             0.87319              0.0917468                     0.0324374
6     12     1.2044          84.8             0.885234              0.0344051                     0.0198638
6     12     1.2044          84.8             0.897278              0.0917468                     0.0324374
6     12     1.2044          84.8             0.909322              0.103215                     0.0344051
6     12     1.2044          84.8             0.921366              0.160557                     0.0429106
6     12     1.2044          84.8             0.93341              0.0802785                     0.0303424
6     12     1.2044          84.8             0.945454              0.126152                     0.0380362
6     12     1.2044          84.8             0.957498              0.114684                     0.0362661
6     12     1.2044          84.8             0.969542              0.0917468                     0.0324374
6     12     1.2044          84.8             0.981586              0.160557                     0.0429106
6     12     1.2044          84.8             0.99363              0.149089                     0.0413497
6     12     1.2044          84.8             1.00567              0.263772                     0.0550003
6     12     1.2044          84.8             1.01772              0.172025                     0.0444167
6     12     1.2044          84.8             1.02976              0.114684                     0.0362661
6     12     1.2044          84.8             1.04181              0.183494                     0.0458734
6     12     1.2044          84.8             1.05385              0.298177                     0.0584774
6     12     1.2044          84.8             1.06589              0.217899                     0.0499894
6     12     1.2044          84.8             1.07794              0.286709                     0.0573418
6     12     1.2044          84.8             1.08998              0.217899                     0.0499894
6     12     1.2044          84.8             1.10203              0.344051                     0.0628148
6     12     1.2044          84.8             1.11407              0.286709                     0.0573418
6     12     1.2044          84.8             1.12611              0.321114                     0.0606848
6     12     1.2044          84.8             1.13816              0.344051                     0.0628148
6     12     1.2044          84.8             1.1502              0.217899                     0.0499894
6     12     1.2044          84.8             1.16225              0.309646                     0.0595913
6     12     1.2044          84.8             1.17429              0.27524                     0.0561832
6     12     1.2044          84.8             1.18633              0.229367                     0.051288
*******************************************************************************************************
 Average angle 85.0515 +- 3.35672 deg 
 Average E' 0.227178 +- 0.00896601 GeV 
