*******************************************************************************************************
Z     A     E(GeV)     Theta(deg)     Energy Loss(GeV)     Sigma(nb/sr/GeV)     ERROR     Citation     
*******************************************************************************************************
6     12     3.595          20.2             0.017975              0                     0
6     12     3.595          20.2             0.053925              0                     0
6     12     3.595          20.2             0.089875              0                     0
6     12     3.595          20.2             0.125825              0                     0
6     12     3.595          20.2             0.161775              0                     0
6     12     3.595          20.2             0.197725              0                     0
6     12     3.595          20.2             0.233675              0                     0
6     12     3.595          20.2             0.269625              0                     0
6     12     3.595          20.2             0.305575              0                     0
6     12     3.595          20.2             0.341525              0                     0
6     12     3.595          20.2             0.377475              0.0155781                     0.0155781
6     12     3.595          20.2             0.413425              0                     0
6     12     3.595          20.2             0.449375              0.0311563                     0.0220308
6     12     3.595          20.2             0.485325              0.0623126                     0.0311563
6     12     3.595          20.2             0.521275              0.186938                     0.0539643
6     12     3.595          20.2             0.557225              0.218094                     0.0582881
6     12     3.595          20.2             0.593175              0.202516                     0.0561678
6     12     3.595          20.2             0.629125              0.264828                     0.0642303
6     12     3.595          20.2             0.665075              0.358297                     0.0747101
6     12     3.595          20.2             0.701025              0.342719                     0.073068
6     12     3.595          20.2             0.736975              0.482922                     0.0867354
6     12     3.595          20.2             0.772925              0.389454                     0.0778907
6     12     3.595          20.2             0.808875              0.514079                     0.0894896
6     12     3.595          20.2             0.844825              0.514079                     0.0894896
6     12     3.595          20.2             0.880775              0.514079                     0.0894896
6     12     3.595          20.2             0.916725              0.482922                     0.0867354
6     12     3.595          20.2             0.952675              0.451766                     0.0838909
6     12     3.595          20.2             0.988625              0.467344                     0.085325
6     12     3.595          20.2             1.02458              0.514079                     0.0894896
6     12     3.595          20.2             1.06053              0.763329                     0.109047
6     12     3.595          20.2             1.09648              0.638704                     0.0997488
6     12     3.595          20.2             1.13243              0.545235                     0.0921615
6     12     3.595          20.2             1.16838              0.654282                     0.100958
6     12     3.595          20.2             1.20433              0.654282                     0.100958
6     12     3.595          20.2             1.24028              0.623126                     0.0985248
6     12     3.595          20.2             1.27623              0.84122                     0.114475
6     12     3.595          20.2             1.31218              0.778907                     0.110154
6     12     3.595          20.2             1.34813              0.856798                     0.115531
6     12     3.595          20.2             1.38408              0.91911                     0.119658
6     12     3.595          20.2             1.42003              1.32414                     0.143623
6     12     3.595          20.2             1.45598              1.10605                     0.131264
6     12     3.595          20.2             1.49193              0.950267                     0.121669
6     12     3.595          20.2             1.52788              1.12163                     0.132185
6     12     3.595          20.2             1.56383              1.10605                     0.131264
6     12     3.595          20.2             1.59978              1.07489                     0.129402
6     12     3.595          20.2             1.63573              1.04374                     0.127513
6     12     3.595          20.2             1.67168              0.887954                     0.117612
6     12     3.595          20.2             1.70763              0.981423                     0.123648
6     12     3.595          20.2             1.74358              1.02816                     0.126557
6     12     3.595          20.2             1.77953              0.965845                     0.122662
6     12     3.595          20.2             1.81548              0.981423                     0.123648
6     12     3.595          20.2             1.85143              0.732173                     0.106798
6     12     3.595          20.2             1.88738              1.05931                     0.128461
6     12     3.595          20.2             1.92333              0.794485                     0.11125
6     12     3.595          20.2             1.95928              0.965845                     0.122662
6     12     3.595          20.2             1.99523              0.950267                     0.121669
6     12     3.595          20.2             2.03118              1.09047                     0.130336
6     12     3.595          20.2             2.06712              0.91911                     0.119658
6     12     3.595          20.2             2.10308              0.825641                     0.113411
6     12     3.595          20.2             2.13903              0.887954                     0.117612
6     12     3.595          20.2             2.17497              0.856798                     0.115531
6     12     3.595          20.2             2.21093              0.872376                     0.116576
6     12     3.595          20.2             2.24688              0.716594                     0.105656
6     12     3.595          20.2             2.28282              0.794485                     0.11125
6     12     3.595          20.2             2.31878              0.91911                     0.119658
6     12     3.595          20.2             2.35473              1.02816                     0.126557
6     12     3.595          20.2             2.39067              0.84122                     0.114475
6     12     3.595          20.2             2.42663              0.887954                     0.117612
6     12     3.595          20.2             2.46258              0.856798                     0.115531
6     12     3.595          20.2             2.49852              0.716594                     0.105656
6     12     3.595          20.2             2.53448              0.716594                     0.105656
6     12     3.595          20.2             2.57043              0.903532                     0.11864
6     12     3.595          20.2             2.60637              0.856798                     0.115531
6     12     3.595          20.2             2.64233              0.623126                     0.0985248
6     12     3.595          20.2             2.67828              0.825641                     0.113411
6     12     3.595          20.2             2.71422              0.607547                     0.0972855
6     12     3.595          20.2             2.75018              0.794485                     0.11125
6     12     3.595          20.2             2.78613              0.84122                     0.114475
6     12     3.595          20.2             2.82207              0.997001                     0.124625
6     12     3.595          20.2             2.85803              0.810063                     0.112336
6     12     3.595          20.2             2.89398              0.560813                     0.0934688
6     12     3.595          20.2             2.92992              0.732173                     0.106798
6     12     3.595          20.2             2.96588              0.701016                     0.104501
6     12     3.595          20.2             3.00183              0.701016                     0.104501
6     12     3.595          20.2             3.03777              0.638704                     0.0997488
6     12     3.595          20.2             3.07373              0.451766                     0.0838909
6     12     3.595          20.2             3.10968              0.66986                     0.102153
6     12     3.595          20.2             3.14562              0.436188                     0.0824318
6     12     3.595          20.2             3.18158              0.638704                     0.0997488
6     12     3.595          20.2             3.21753              0.42061                     0.0809464
6     12     3.595          20.2             3.25347              0.560813                     0.0934688
6     12     3.595          20.2             3.28943              0.405032                     0.0794332
6     12     3.595          20.2             3.32538              0.436188                     0.0824318
6     12     3.595          20.2             3.36132              0.358297                     0.0747101
6     12     3.595          20.2             3.39728              0.24925                     0.0623126
6     12     3.595          20.2             3.43323              0.280407                     0.0660925
6     12     3.595          20.2             3.46917              0.264828                     0.0642303
6     12     3.595          20.2             3.50513              0.24925                     0.0623126
6     12     3.595          20.2             3.54108              0.0467344                     0.0269821
*******************************************************************************************************
 Average angle 20.3263 +- 0.329302 deg 
 Average E' 1.58064 +- 0.0256078 GeV 
