*******************************************************************************************************
Z     A     E(GeV)     Theta(deg)     Energy Loss(GeV)     Sigma(nb/sr/GeV)     ERROR     Citation     
*******************************************************************************************************
6     12     0.32          36             0.0016              73.9753                     1.71526
6     12     0.32          36             0.0048              112.991                     2.11987
6     12     0.32          36             0.008              148.587                     2.43096
6     12     0.32          36             0.0112              171.973                     2.61527
6     12     0.32          36             0.0144              188.478                     2.7379
6     12     0.32          36             0.0176              198.978                     2.81312
6     12     0.32          36             0.0208              210.591                     2.89405
6     12     0.32          36             0.024              204.108                     2.84916
6     12     0.32          36             0.0272              201.284                     2.82938
6     12     0.32          36             0.0304              193.847                     2.77662
6     12     0.32          36             0.0336              189.393                     2.74453
6     12     0.32          36             0.0368              175.433                     2.64145
6     12     0.32          36             0.04              169.268                     2.59462
6     12     0.32          36             0.0432              158.411                     2.51003
6     12     0.32          36             0.0464              148.149                     2.42738
6     12     0.32          36             0.0496              136.735                     2.33199
6     12     0.32          36             0.0528              121.86                     2.2015
6     12     0.32          36             0.056              109.969                     2.09132
6     12     0.32          36             0.0592              93.4634                     1.928
6     12     0.32          36             0.0624              80.9353                     1.79414
6     12     0.32          36             0.0656              71.3106                     1.68408
6     12     0.32          36             0.0688              63.4756                     1.58888
6     12     0.32          36             0.072              55.6008                     1.48706
6     12     0.32          36             0.0752              48.5612                     1.38973
6     12     0.32          36             0.0784              41.0444                     1.27765
6     12     0.32          36             0.0816              31.8571                     1.12562
6     12     0.32          36             0.0848              29.789                     1.08847
6     12     0.32          36             0.088              23.1471                     0.959478
6     12     0.32          36             0.0912              19.4881                     0.880383
6     12     0.32          36             0.0944              16.9825                     0.821841
6     12     0.32          36             0.0976              13.3235                     0.727941
6     12     0.32          36             0.1008              11.6929                     0.681942
6     12     0.32          36             0.104              10.4599                     0.644988
6     12     0.32          36             0.1072              9.06794                     0.600539
6     12     0.32          36             0.1104              7.95433                     0.562456
6     12     0.32          36             0.1136              6.40324                     0.504646
6     12     0.32          36             0.1168              7.87479                     0.559637
6     12     0.32          36             0.12              5.56803                     0.470585
6     12     0.32          36             0.1232              6.32369                     0.501502
6     12     0.32          36             0.1264              5.48849                     0.467211
6     12     0.32          36             0.1296              5.09077                     0.449965
6     12     0.32          36             0.1328              5.52826                     0.468901
6     12     0.32          36             0.136              5.051                     0.448204
6     12     0.32          36             0.1392              5.01123                     0.446436
6     12     0.32          36             0.1424              5.01123                     0.446436
6     12     0.32          36             0.1456              5.01123                     0.446436
6     12     0.32          36             0.1488              5.88621                     0.483843
6     12     0.32          36             0.152              3.38059                     0.366677
6     12     0.32          36             0.1552              3.06242                     0.348995
6     12     0.32          36             0.1584              2.6647                     0.325545
6     12     0.32          36             0.1616              1.86927                     0.272661
6     12     0.32          36             0.1648              1.55109                     0.248374
6     12     0.32          36             0.168              1.07383                     0.20666
6     12     0.32          36             0.1712              0.397717                     0.125769
6     12     0.32          36             0.1744              0                     0
6     12     0.32          36             0.1776              0                     0
6     12     0.32          36             0.1808              0                     0
6     12     0.32          36             0.184              0                     0
6     12     0.32          36             0.1872              0                     0
6     12     0.32          36             0.1904              0                     0
6     12     0.32          36             0.1936              0                     0
6     12     0.32          36             0.1968              0                     0
6     12     0.32          36             0.2              0                     0
6     12     0.32          36             0.2032              0                     0
6     12     0.32          36             0.2064              0                     0
6     12     0.32          36             0.2096              0                     0
6     12     0.32          36             0.2128              0                     0
6     12     0.32          36             0.216              0                     0
6     12     0.32          36             0.2192              0                     0
6     12     0.32          36             0.2224              0                     0
6     12     0.32          36             0.2256              0                     0
6     12     0.32          36             0.2288              0                     0
6     12     0.32          36             0.232              0                     0
6     12     0.32          36             0.2352              0                     0
6     12     0.32          36             0.2384              0                     0
6     12     0.32          36             0.2416              0                     0
6     12     0.32          36             0.2448              0                     0
6     12     0.32          36             0.248              0                     0
6     12     0.32          36             0.2512              0                     0
6     12     0.32          36             0.2544              0                     0
6     12     0.32          36             0.2576              0                     0
6     12     0.32          36             0.2608              0                     0
6     12     0.32          36             0.264              0                     0
6     12     0.32          36             0.2672              0                     0
6     12     0.32          36             0.2704              0                     0
6     12     0.32          36             0.2736              0                     0
6     12     0.32          36             0.2768              0                     0
6     12     0.32          36             0.28              0                     0
6     12     0.32          36             0.2832              0                     0
6     12     0.32          36             0.2864              0                     0
6     12     0.32          36             0.2896              0                     0
6     12     0.32          36             0.2928              0                     0
6     12     0.32          36             0.296              0                     0
6     12     0.32          36             0.2992              0                     0
6     12     0.32          36             0.3024              0                     0
6     12     0.32          36             0.3056              0                     0
6     12     0.32          36             0.3088              0                     0
6     12     0.32          36             0.312              0                     0
6     12     0.32          36             0.3152              0                     0
*******************************************************************************************************
 Average angle 36.4477 +- 0.120736 deg 
 Average E' 0.281135 +- 0.000931284 GeV 
