*******************************************************************************************************
Z     A     E(GeV)     Theta(deg)     Energy Loss(GeV)     Sigma(nb/sr/GeV)     ERROR     Citation     
*******************************************************************************************************
6     12     0.16          151.2             0.0008              0.0421113                     0.0421113
6     12     0.16          151.2             0.0024              0.0842225                     0.0595543
6     12     0.16          151.2             0.004              0.0421113                     0.0421113
6     12     0.16          151.2             0.0056              0.463224                     0.139667
6     12     0.16          151.2             0.0072              0.252668                     0.103151
6     12     0.16          151.2             0.0088              0.379001                     0.126334
6     12     0.16          151.2             0.0104              0.631669                     0.163096
6     12     0.16          151.2             0.012              0.715892                     0.173629
6     12     0.16          151.2             0.0136              0.715892                     0.173629
6     12     0.16          151.2             0.0152              0.884337                     0.192978
6     12     0.16          151.2             0.0168              0.926448                     0.197519
6     12     0.16          151.2             0.0184              0.631669                     0.163096
6     12     0.16          151.2             0.02              1.09489                     0.214726
6     12     0.16          151.2             0.0216              1.09489                     0.214726
6     12     0.16          151.2             0.0232              1.137                     0.218817
6     12     0.16          151.2             0.0248              0.968559                     0.201959
6     12     0.16          151.2             0.0264              1.17912                     0.222832
6     12     0.16          151.2             0.028              1.30545                     0.234466
6     12     0.16          151.2             0.0296              1.137                     0.218817
6     12     0.16          151.2             0.0312              1.38967                     0.241911
6     12     0.16          151.2             0.0328              1.47389                     0.249134
6     12     0.16          151.2             0.0344              1.76867                     0.272912
6     12     0.16          151.2             0.036              1.55812                     0.256153
6     12     0.16          151.2             0.0376              1.43178                     0.245549
6     12     0.16          151.2             0.0392              1.76867                     0.272912
6     12     0.16          151.2             0.0408              1.47389                     0.249134
6     12     0.16          151.2             0.0424              1.60023                     0.259591
6     12     0.16          151.2             0.044              1.38967                     0.241911
6     12     0.16          151.2             0.0456              1.55812                     0.256153
6     12     0.16          151.2             0.0472              1.68445                     0.266335
6     12     0.16          151.2             0.0488              1.60023                     0.259591
6     12     0.16          151.2             0.0504              1.137                     0.218817
6     12     0.16          151.2             0.052              1.43178                     0.245549
6     12     0.16          151.2             0.0536              2.10556                     0.297772
6     12     0.16          151.2             0.0552              1.60023                     0.259591
6     12     0.16          151.2             0.0568              1.51601                     0.252668
6     12     0.16          151.2             0.0584              1.8529                     0.279335
6     12     0.16          151.2             0.06              1.55812                     0.256153
6     12     0.16          151.2             0.0616              1.38967                     0.241911
6     12     0.16          151.2             0.0632              1.17912                     0.222832
6     12     0.16          151.2             0.0648              1.137                     0.218817
6     12     0.16          151.2             0.0664              0.968559                     0.201959
6     12     0.16          151.2             0.068              1.55812                     0.256153
6     12     0.16          151.2             0.0696              1.137                     0.218817
6     12     0.16          151.2             0.0712              0.968559                     0.201959
6     12     0.16          151.2             0.0728              0.968559                     0.201959
6     12     0.16          151.2             0.0744              0.505335                     0.145878
6     12     0.16          151.2             0.076              0.758003                     0.178663
6     12     0.16          151.2             0.0776              0.800114                     0.183559
6     12     0.16          151.2             0.0792              0.842225                     0.188327
6     12     0.16          151.2             0.0808              0.842225                     0.188327
6     12     0.16          151.2             0.0824              0.547446                     0.151834
6     12     0.16          151.2             0.084              0.800114                     0.183559
6     12     0.16          151.2             0.0856              0.463224                     0.139667
6     12     0.16          151.2             0.0872              0.463224                     0.139667
6     12     0.16          151.2             0.0888              0.715892                     0.173629
6     12     0.16          151.2             0.0904              0.800114                     0.183559
6     12     0.16          151.2             0.092              0.800114                     0.183559
6     12     0.16          151.2             0.0936              0.67378                     0.168445
6     12     0.16          151.2             0.0952              0.421113                     0.133168
6     12     0.16          151.2             0.0968              0.463224                     0.139667
6     12     0.16          151.2             0.0984              0.505335                     0.145878
6     12     0.16          151.2             0.1              0.294779                     0.111416
6     12     0.16          151.2             0.1016              0.126334                     0.0729389
6     12     0.16          151.2             0.1032              0.505335                     0.145878
6     12     0.16          151.2             0.1048              0.33689                     0.119109
6     12     0.16          151.2             0.1064              0.210556                     0.0941637
6     12     0.16          151.2             0.108              0.252668                     0.103151
6     12     0.16          151.2             0.1096              0.126334                     0.0729389
6     12     0.16          151.2             0.1112              0.252668                     0.103151
6     12     0.16          151.2             0.1128              0.463224                     0.139667
6     12     0.16          151.2             0.1144              0.210556                     0.0941637
6     12     0.16          151.2             0.116              0.126334                     0.0729389
6     12     0.16          151.2             0.1176              0.33689                     0.119109
6     12     0.16          151.2             0.1192              0.0421113                     0.0421113
6     12     0.16          151.2             0.1208              0.33689                     0.119109
6     12     0.16          151.2             0.1224              0.294779                     0.111416
6     12     0.16          151.2             0.124              0.168445                     0.0842225
6     12     0.16          151.2             0.1256              0.252668                     0.103151
6     12     0.16          151.2             0.1272              0.0421113                     0.0421113
6     12     0.16          151.2             0.1288              0                     0
6     12     0.16          151.2             0.1304              0                     0
6     12     0.16          151.2             0.132              0                     0
6     12     0.16          151.2             0.1336              0                     0
6     12     0.16          151.2             0.1352              0                     0
6     12     0.16          151.2             0.1368              0                     0
6     12     0.16          151.2             0.1384              0                     0
6     12     0.16          151.2             0.14              0                     0
6     12     0.16          151.2             0.1416              0                     0
6     12     0.16          151.2             0.1432              0                     0
6     12     0.16          151.2             0.1448              0                     0
6     12     0.16          151.2             0.1464              0                     0
6     12     0.16          151.2             0.148              0                     0
6     12     0.16          151.2             0.1496              0                     0
6     12     0.16          151.2             0.1512              0                     0
6     12     0.16          151.2             0.1528              0                     0
6     12     0.16          151.2             0.1544              0                     0
6     12     0.16          151.2             0.156              0                     0
6     12     0.16          151.2             0.1576              0                     0
*******************************************************************************************************
 Average angle 152.405 +- 3.80181 deg 
 Average E' 0.1061 +- 0.00264673 GeV 
