*******************************************************************************************************
Z     A     E(GeV)     Theta(deg)     Energy Loss(GeV)     Sigma(nb/sr/GeV)     ERROR     Citation     
*******************************************************************************************************
6     12     0.68          105.2             0.0034              0                     0
6     12     0.68          105.2             0.0102              0                     0
6     12     0.68          105.2             0.017              0                     0
6     12     0.68          105.2             0.0238              0                     0
6     12     0.68          105.2             0.0306              0                     0
6     12     0.68          105.2             0.0374              0                     0
6     12     0.68          105.2             0.0442              0                     0
6     12     0.68          105.2             0.051              0                     0
6     12     0.68          105.2             0.0578              0                     0
6     12     0.68          105.2             0.0646              0                     0
6     12     0.68          105.2             0.0714              0                     0
6     12     0.68          105.2             0.0782              0                     0
6     12     0.68          105.2             0.085              0                     0
6     12     0.68          105.2             0.0918              0                     0
6     12     0.68          105.2             0.0986              0                     0
6     12     0.68          105.2             0.1054              0                     0
6     12     0.68          105.2             0.1122              0                     0
6     12     0.68          105.2             0.119              0                     0
6     12     0.68          105.2             0.1258              0                     0
6     12     0.68          105.2             0.1326              0                     0
6     12     0.68          105.2             0.1394              0                     0
6     12     0.68          105.2             0.1462              0                     0
6     12     0.68          105.2             0.153              0                     0
6     12     0.68          105.2             0.1598              0.0168626                     0.0168626
6     12     0.68          105.2             0.1666              0                     0
6     12     0.68          105.2             0.1734              0                     0
6     12     0.68          105.2             0.1802              0                     0
6     12     0.68          105.2             0.187              0                     0
6     12     0.68          105.2             0.1938              0                     0
6     12     0.68          105.2             0.2006              0.0168626                     0.0168626
6     12     0.68          105.2             0.2074              0                     0
6     12     0.68          105.2             0.2142              0                     0
6     12     0.68          105.2             0.221              0.0168626                     0.0168626
6     12     0.68          105.2             0.2278              0.0168626                     0.0168626
6     12     0.68          105.2             0.2346              0                     0
6     12     0.68          105.2             0.2414              0.0337251                     0.0238472
6     12     0.68          105.2             0.2482              0.0168626                     0.0168626
6     12     0.68          105.2             0.255              0.0337251                     0.0238472
6     12     0.68          105.2             0.2618              0.0843128                     0.0377058
6     12     0.68          105.2             0.2686              0.0337251                     0.0238472
6     12     0.68          105.2             0.2754              0.0674502                     0.0337251
6     12     0.68          105.2             0.2822              0.0674502                     0.0337251
6     12     0.68          105.2             0.289              0.0674502                     0.0337251
6     12     0.68          105.2             0.2958              0.118038                     0.0446141
6     12     0.68          105.2             0.3026              0.1349                     0.0476945
6     12     0.68          105.2             0.3094              0.101175                     0.0413046
6     12     0.68          105.2             0.3162              0.118038                     0.0446141
6     12     0.68          105.2             0.323              0.185488                     0.0559268
6     12     0.68          105.2             0.3298              0.236076                     0.0630939
6     12     0.68          105.2             0.3366              0.202351                     0.0584136
6     12     0.68          105.2             0.3434              0.236076                     0.0630939
6     12     0.68          105.2             0.3502              0.303526                     0.0715417
6     12     0.68          105.2             0.357              0.236076                     0.0630939
6     12     0.68          105.2             0.3638              0.118038                     0.0446141
6     12     0.68          105.2             0.3706              0.168626                     0.0533241
6     12     0.68          105.2             0.3774              0.269801                     0.0674502
6     12     0.68          105.2             0.3842              0.185488                     0.0559268
6     12     0.68          105.2             0.391              0.236076                     0.0630939
6     12     0.68          105.2             0.3978              0.185488                     0.0559268
6     12     0.68          105.2             0.4046              0.168626                     0.0533241
6     12     0.68          105.2             0.4114              0.118038                     0.0446141
6     12     0.68          105.2             0.4182              0.202351                     0.0584136
6     12     0.68          105.2             0.425              0.202351                     0.0584136
6     12     0.68          105.2             0.4318              0.151763                     0.0505877
6     12     0.68          105.2             0.4386              0.202351                     0.0584136
6     12     0.68          105.2             0.4454              0.168626                     0.0533241
6     12     0.68          105.2             0.4522              0.151763                     0.0505877
6     12     0.68          105.2             0.459              0.185488                     0.0559268
6     12     0.68          105.2             0.4658              0.303526                     0.0715417
6     12     0.68          105.2             0.4726              0.286663                     0.0695261
6     12     0.68          105.2             0.4794              0.202351                     0.0584136
6     12     0.68          105.2             0.4862              0.370976                     0.0790924
6     12     0.68          105.2             0.493              0.370976                     0.0790924
6     12     0.68          105.2             0.4998              0.421564                     0.0843128
6     12     0.68          105.2             0.5066              0.252938                     0.0653084
6     12     0.68          105.2             0.5134              0.286663                     0.0695261
6     12     0.68          105.2             0.5202              0.404701                     0.0826093
6     12     0.68          105.2             0.527              0.303526                     0.0715417
6     12     0.68          105.2             0.5338              0.370976                     0.0790924
6     12     0.68          105.2             0.5406              0.404701                     0.0826093
6     12     0.68          105.2             0.5474              0.421564                     0.0843128
6     12     0.68          105.2             0.5542              0.472151                     0.0892282
6     12     0.68          105.2             0.561              0.303526                     0.0715417
6     12     0.68          105.2             0.5678              0.522739                     0.0938867
6     12     0.68          105.2             0.5746              0.337251                     0.0754116
6     12     0.68          105.2             0.5814              0.505877                     0.09236
6     12     0.68          105.2             0.5882              0.286663                     0.0695261
6     12     0.68          105.2             0.595              0.421564                     0.0843128
6     12     0.68          105.2             0.6018              0.387839                     0.0808699
6     12     0.68          105.2             0.6086              0.438426                     0.0859825
6     12     0.68          105.2             0.6154              0.472151                     0.0892282
6     12     0.68          105.2             0.6222              0.303526                     0.0715417
6     12     0.68          105.2             0.629              0.202351                     0.0584136
6     12     0.68          105.2             0.6358              0.404701                     0.0826093
6     12     0.68          105.2             0.6426              0.303526                     0.0715417
6     12     0.68          105.2             0.6494              0.320388                     0.0735022
6     12     0.68          105.2             0.6562              0.320388                     0.0735022
6     12     0.68          105.2             0.663              0.219213                     0.0607988
6     12     0.68          105.2             0.6698              0.0505877                     0.0292068
*******************************************************************************************************
 Average angle 105.447 +- 3.45218 deg 
 Average E' 0.178256 +- 0.00583585 GeV 
