*******************************************************************************************************
Z     A     E(GeV)     Theta(deg)     Energy Loss(GeV)     Sigma(nb/sr/GeV)     ERROR     Citation     
*******************************************************************************************************
6     12     0.06          55.3             0.0003              16.1144                     0.56902
6     12     0.06          55.3             0.0009              17.2999                     0.589579
6     12     0.06          55.3             0.0015              18.7667                     0.614064
6     12     0.06          55.3             0.0021              20.4143                     0.640453
6     12     0.06          55.3             0.0027              19.6708                     0.628683
6     12     0.06          55.3             0.0033              22.8656                     0.677815
6     12     0.06          55.3             0.0039              22.4838                     0.672133
6     12     0.06          55.3             0.0045              25.1964                     0.711523
6     12     0.06          55.3             0.0051              25.1763                     0.711239
6     12     0.06          55.3             0.0057              25.0557                     0.709534
6     12     0.06          55.3             0.0063              23.167                     0.682268
6     12     0.06          55.3             0.0069              21.3184                     0.654482
6     12     0.06          55.3             0.0075              20.3741                     0.639822
6     12     0.06          55.3             0.0081              18.6863                     0.612748
6     12     0.06          55.3             0.0087              17.6415                     0.595371
6     12     0.06          55.3             0.0093              17.0588                     0.585456
6     12     0.06          55.3             0.0099              14.9088                     0.547321
6     12     0.06          55.3             0.0105              14.5673                     0.541015
6     12     0.06          55.3             0.0111              12.9598                     0.510294
6     12     0.06          55.3             0.0117              11.5534                     0.481808
6     12     0.06          55.3             0.0123              10.0464                     0.449288
6     12     0.06          55.3             0.0129              9.82537                     0.444319
6     12     0.06          55.3             0.0135              8.80064                     0.420511
6     12     0.06          55.3             0.0141              7.2334                     0.381234
6     12     0.06          55.3             0.0147              6.79136                     0.369401
6     12     0.06          55.3             0.0153              4.7218                     0.308017
6     12     0.06          55.3             0.0159              4.56106                     0.302728
6     12     0.06          55.3             0.0165              4.7419                     0.308671
6     12     0.06          55.3             0.0171              3.3354                     0.258877
6     12     0.06          55.3             0.0177              3.25503                     0.255739
6     12     0.06          55.3             0.0183              2.61206                     0.229093
6     12     0.06          55.3             0.0189              2.27048                     0.213589
6     12     0.06          55.3             0.0195              1.92891                     0.196868
6     12     0.06          55.3             0.0201              1.60742                     0.179715
6     12     0.06          55.3             0.0207              1.42659                     0.169305
6     12     0.06          55.3             0.0213              1.3864                     0.166903
6     12     0.06          55.3             0.0219              1.1051                     0.149012
6     12     0.06          55.3             0.0225              0.924268                     0.136276
6     12     0.06          55.3             0.0231              1.04482                     0.144891
6     12     0.06          55.3             0.0237              0.743433                     0.12222
6     12     0.06          55.3             0.0243              0.562598                     0.106321
6     12     0.06          55.3             0.0249              0.301392                     0.077819
6     12     0.06          55.3             0.0255              0.36167                     0.0852465
6     12     0.06          55.3             0.0261              0.301392                     0.077819
6     12     0.06          55.3             0.0267              0.36167                     0.0852465
6     12     0.06          55.3             0.0273              0.301392                     0.077819
6     12     0.06          55.3             0.0279              0.221021                     0.0666402
6     12     0.06          55.3             0.0285              0.160742                     0.056831
6     12     0.06          55.3             0.0291              0.261206                     0.0724456
6     12     0.06          55.3             0.0297              0.442041                     0.0942435
6     12     0.06          55.3             0.0303              0.241113                     0.0696035
6     12     0.06          55.3             0.0309              0.421949                     0.0920767
6     12     0.06          55.3             0.0315              0.321485                     0.0803711
6     12     0.06          55.3             0.0321              0.36167                     0.0852465
6     12     0.06          55.3             0.0327              0.321485                     0.0803711
6     12     0.06          55.3             0.0333              0.401856                     0.0898577
6     12     0.06          55.3             0.0339              0.241113                     0.0696035
6     12     0.06          55.3             0.0345              0.301392                     0.077819
6     12     0.06          55.3             0.0351              0.281299                     0.0751803
6     12     0.06          55.3             0.0357              0.36167                     0.0852465
6     12     0.06          55.3             0.0363              0.36167                     0.0852465
6     12     0.06          55.3             0.0369              0.341577                     0.0828447
6     12     0.06          55.3             0.0375              0.281299                     0.0751803
6     12     0.06          55.3             0.0381              0.160742                     0.056831
6     12     0.06          55.3             0.0387              0.180835                     0.0602784
6     12     0.06          55.3             0.0393              0.180835                     0.0602784
6     12     0.06          55.3             0.0399              0.321485                     0.0803711
6     12     0.06          55.3             0.0405              0.120557                     0.0492171
6     12     0.06          55.3             0.0411              0.0803711                     0.0401856
6     12     0.06          55.3             0.0417              0.0200928                     0.0200928
6     12     0.06          55.3             0.0423              0                     0
6     12     0.06          55.3             0.0429              0                     0
6     12     0.06          55.3             0.0435              0                     0
6     12     0.06          55.3             0.0441              0                     0
6     12     0.06          55.3             0.0447              0                     0
6     12     0.06          55.3             0.0453              0                     0
6     12     0.06          55.3             0.0459              0                     0
6     12     0.06          55.3             0.0465              0                     0
6     12     0.06          55.3             0.0471              0                     0
6     12     0.06          55.3             0.0477              0                     0
6     12     0.06          55.3             0.0483              0                     0
6     12     0.06          55.3             0.0489              0                     0
6     12     0.06          55.3             0.0495              0                     0
6     12     0.06          55.3             0.0501              0                     0
6     12     0.06          55.3             0.0507              0                     0
6     12     0.06          55.3             0.0513              0                     0
6     12     0.06          55.3             0.0519              0                     0
6     12     0.06          55.3             0.0525              0                     0
6     12     0.06          55.3             0.0531              0                     0
6     12     0.06          55.3             0.0537              0                     0
6     12     0.06          55.3             0.0543              0                     0
6     12     0.06          55.3             0.0549              0                     0
6     12     0.06          55.3             0.0555              0                     0
6     12     0.06          55.3             0.0561              0                     0
6     12     0.06          55.3             0.0567              0                     0
6     12     0.06          55.3             0.0573              0                     0
6     12     0.06          55.3             0.0579              0                     0
6     12     0.06          55.3             0.0585              0                     0
6     12     0.06          55.3             0.0591              0                     0
*******************************************************************************************************
 Average angle 55.815 +- 0.364081 deg 
 Average E' 0.0522303 +- 0.000340698 GeV 
