*******************************************************************************************************
Z     A     E(GeV)     Theta(deg)     Energy Loss(GeV)     Sigma(nb/sr/GeV)     ERROR     Citation     
*******************************************************************************************************
6     12     2.222          67.8             0.01111              0                     0
6     12     2.222          67.8             0.03333              0                     0
6     12     2.222          67.8             0.05555              0                     0
6     12     2.222          67.8             0.07777              0                     0
6     12     2.222          67.8             0.09999              0                     0
6     12     2.222          67.8             0.12221              0                     0
6     12     2.222          67.8             0.14443              0                     0
6     12     2.222          67.8             0.16665              0                     0
6     12     2.222          67.8             0.18887              0                     0
6     12     2.222          67.8             0.21109              0                     0
6     12     2.222          67.8             0.23331              0                     0
6     12     2.222          67.8             0.25553              0                     0
6     12     2.222          67.8             0.27775              0                     0
6     12     2.222          67.8             0.29997              0                     0
6     12     2.222          67.8             0.32219              0                     0
6     12     2.222          67.8             0.34441              0                     0
6     12     2.222          67.8             0.36663              0                     0
6     12     2.222          67.8             0.38885              0                     0
6     12     2.222          67.8             0.41107              0                     0
6     12     2.222          67.8             0.43329              0                     0
6     12     2.222          67.8             0.45551              0                     0
6     12     2.222          67.8             0.47773              0                     0
6     12     2.222          67.8             0.49995              0                     0
6     12     2.222          67.8             0.52217              0                     0
6     12     2.222          67.8             0.54439              0                     0
6     12     2.222          67.8             0.56661              0                     0
6     12     2.222          67.8             0.58883              0                     0
6     12     2.222          67.8             0.61105              0                     0
6     12     2.222          67.8             0.63327              0                     0
6     12     2.222          67.8             0.65549              0                     0
6     12     2.222          67.8             0.67771              0                     0
6     12     2.222          67.8             0.69993              0                     0
6     12     2.222          67.8             0.72215              0                     0
6     12     2.222          67.8             0.74437              0                     0
6     12     2.222          67.8             0.76659              0                     0
6     12     2.222          67.8             0.78881              0                     0
6     12     2.222          67.8             0.81103              0                     0
6     12     2.222          67.8             0.83325              0                     0
6     12     2.222          67.8             0.85547              0                     0
6     12     2.222          67.8             0.87769              0                     0
6     12     2.222          67.8             0.89991              0                     0
6     12     2.222          67.8             0.92213              0                     0
6     12     2.222          67.8             0.94435              0                     0
6     12     2.222          67.8             0.96657              0                     0
6     12     2.222          67.8             0.98879              0                     0
6     12     2.222          67.8             1.01101              0                     0
6     12     2.222          67.8             1.03323              0                     0
6     12     2.222          67.8             1.05545              0                     0
6     12     2.222          67.8             1.07767              0                     0
6     12     2.222          67.8             1.09989              0                     0
6     12     2.222          67.8             1.12211              0                     0
6     12     2.222          67.8             1.14433              0                     0
6     12     2.222          67.8             1.16655              0                     0
6     12     2.222          67.8             1.18877              0                     0
6     12     2.222          67.8             1.21099              0                     0
6     12     2.222          67.8             1.23321              0                     0
6     12     2.222          67.8             1.25543              0                     0
6     12     2.222          67.8             1.27765              0                     0
6     12     2.222          67.8             1.29987              0                     0
6     12     2.222          67.8             1.32209              0                     0
6     12     2.222          67.8             1.34431              0                     0
6     12     2.222          67.8             1.36653              0                     0
6     12     2.222          67.8             1.38875              0                     0
6     12     2.222          67.8             1.41097              0                     0
6     12     2.222          67.8             1.43319              0.00920217                     0.00920217
6     12     2.222          67.8             1.45541              0                     0
6     12     2.222          67.8             1.47763              0.00920217                     0.00920217
6     12     2.222          67.8             1.49985              0.00920217                     0.00920217
6     12     2.222          67.8             1.52207              0.0184043                     0.0130138
6     12     2.222          67.8             1.54429              0.0184043                     0.0130138
6     12     2.222          67.8             1.56651              0                     0
6     12     2.222          67.8             1.58873              0.0276065                     0.0159386
6     12     2.222          67.8             1.61095              0.0184043                     0.0130138
6     12     2.222          67.8             1.63317              0.00920217                     0.00920217
6     12     2.222          67.8             1.65539              0.0460109                     0.0205767
6     12     2.222          67.8             1.67761              0.00920217                     0.00920217
6     12     2.222          67.8             1.69983              0.055213                     0.0225406
6     12     2.222          67.8             1.72205              0.0276065                     0.0159386
6     12     2.222          67.8             1.74427              0.0460109                     0.0205767
6     12     2.222          67.8             1.76649              0.0276065                     0.0159386
6     12     2.222          67.8             1.78871              0.0276065                     0.0159386
6     12     2.222          67.8             1.81093              0.0460109                     0.0205767
6     12     2.222          67.8             1.83315              0.0460109                     0.0205767
6     12     2.222          67.8             1.85537              0.055213                     0.0225406
6     12     2.222          67.8             1.87759              0.055213                     0.0225406
6     12     2.222          67.8             1.89981              0.0368087                     0.0184043
6     12     2.222          67.8             1.92203              0.0368087                     0.0184043
6     12     2.222          67.8             1.94425              0.0736174                     0.0260277
6     12     2.222          67.8             1.96647              0.0644152                     0.0243467
6     12     2.222          67.8             1.98869              0.0736174                     0.0260277
6     12     2.222          67.8             2.01091              0.119628                     0.0331789
6     12     2.222          67.8             2.03313              0.101224                     0.0305202
6     12     2.222          67.8             2.05535              0.0644152                     0.0243467
6     12     2.222          67.8             2.07757              0.110426                     0.0318773
6     12     2.222          67.8             2.09979              0.0920217                     0.0290998
6     12     2.222          67.8             2.12201              0.119628                     0.0331789
6     12     2.222          67.8             2.14423              0.0460109                     0.0205767
6     12     2.222          67.8             2.16645              0.0644152                     0.0243467
6     12     2.222          67.8             2.18867              0.0368087                     0.0184043
*******************************************************************************************************
 Average angle 68.116 +- 5.10551 deg 
 Average E' 0.278711 +- 0.0208902 GeV 
