*******************************************************************************************************
Z     A     E(GeV)     Theta(deg)     Energy Loss(GeV)     Sigma(nb/sr/GeV)     ERROR     Citation     
*******************************************************************************************************
6     12     0.24          124             0.0012              0                     0
6     12     0.24          124             0.0036              0                     0
6     12     0.24          124             0.006              0                     0
6     12     0.24          124             0.0084              0.0894213                     0.0516274
6     12     0.24          124             0.0108              0.0894213                     0.0516274
6     12     0.24          124             0.0132              0.178843                     0.0730122
6     12     0.24          124             0.0156              0.178843                     0.0730122
6     12     0.24          124             0.018              0.357685                     0.103255
6     12     0.24          124             0.0204              0.298071                     0.0942584
6     12     0.24          124             0.0228              0.447107                     0.115442
6     12     0.24          124             0.0252              0.447107                     0.115442
6     12     0.24          124             0.0276              0.298071                     0.0942584
6     12     0.24          124             0.03              0.894213                     0.16326
6     12     0.24          124             0.0324              0.715371                     0.146024
6     12     0.24          124             0.0348              1.16248                     0.186145
6     12     0.24          124             0.0372              1.16248                     0.186145
6     12     0.24          124             0.0396              0.834599                     0.157724
6     12     0.24          124             0.042              1.49036                     0.210768
6     12     0.24          124             0.0444              0.864406                     0.160516
6     12     0.24          124             0.0468              1.69901                     0.225039
6     12     0.24          124             0.0492              1.54997                     0.214942
6     12     0.24          124             0.0516              1.46055                     0.20865
6     12     0.24          124             0.054              1.78843                     0.230885
6     12     0.24          124             0.0564              1.63939                     0.221055
6     12     0.24          124             0.0588              2.17592                     0.254672
6     12     0.24          124             0.0612              1.78843                     0.230885
6     12     0.24          124             0.0636              2.1163                     0.251159
6     12     0.24          124             0.066              2.56341                     0.27642
6     12     0.24          124             0.0684              2.02688                     0.245796
6     12     0.24          124             0.0708              2.35476                     0.264931
6     12     0.24          124             0.0732              2.5336                     0.274808
6     12     0.24          124             0.0756              2.23553                     0.258137
6     12     0.24          124             0.078              2.14611                     0.252922
6     12     0.24          124             0.0804              2.35476                     0.264931
6     12     0.24          124             0.0828              2.32495                     0.263249
6     12     0.24          124             0.0852              2.20573                     0.25641
6     12     0.24          124             0.0876              1.87785                     0.236587
6     12     0.24          124             0.09              2.14611                     0.252922
6     12     0.24          124             0.0924              1.57978                     0.216999
6     12     0.24          124             0.0948              2.17592                     0.254672
6     12     0.24          124             0.0972              2.62303                     0.279615
6     12     0.24          124             0.0996              1.75862                     0.228953
6     12     0.24          124             0.102              1.78843                     0.230885
6     12     0.24          124             0.1044              1.46055                     0.20865
6     12     0.24          124             0.1068              2.0865                     0.249384
6     12     0.24          124             0.1092              1.49036                     0.210768
6     12     0.24          124             0.1116              1.81823                     0.232801
6     12     0.24          124             0.114              1.60958                     0.219037
6     12     0.24          124             0.1164              1.46055                     0.20865
6     12     0.24          124             0.1188              1.63939                     0.221055
6     12     0.24          124             0.1212              1.46055                     0.20865
6     12     0.24          124             0.1236              0.745178                     0.149036
6     12     0.24          124             0.126              1.37113                     0.202162
6     12     0.24          124             0.1284              1.13267                     0.183743
6     12     0.24          124             0.1308              0.953827                     0.168614
6     12     0.24          124             0.1332              0.953827                     0.168614
6     12     0.24          124             0.1356              0.596142                     0.133301
6     12     0.24          124             0.138              0.864406                     0.160516
6     12     0.24          124             0.1404              0.774985                     0.151987
6     12     0.24          124             0.1428              0.983635                     0.171229
6     12     0.24          124             0.1452              0.447107                     0.115442
6     12     0.24          124             0.1476              0.4173                     0.111528
6     12     0.24          124             0.15              0.536528                     0.126461
6     12     0.24          124             0.1524              0.596142                     0.133301
6     12     0.24          124             0.1548              0.685563                     0.14295
6     12     0.24          124             0.1572              0.715371                     0.146024
6     12     0.24          124             0.1596              0.596142                     0.133301
6     12     0.24          124             0.162              0.625949                     0.136593
6     12     0.24          124             0.1644              0.596142                     0.133301
6     12     0.24          124             0.1668              0.536528                     0.126461
6     12     0.24          124             0.1692              0.476914                     0.119228
6     12     0.24          124             0.1716              0.596142                     0.133301
6     12     0.24          124             0.174              0.476914                     0.119228
6     12     0.24          124             0.1764              0.566335                     0.129926
6     12     0.24          124             0.1788              0.387492                     0.107471
6     12     0.24          124             0.1812              0.566335                     0.129926
6     12     0.24          124             0.1836              0.566335                     0.129926
6     12     0.24          124             0.186              0.447107                     0.115442
6     12     0.24          124             0.1884              0.536528                     0.126461
6     12     0.24          124             0.1908              0.804792                     0.154882
6     12     0.24          124             0.1932              0.596142                     0.133301
6     12     0.24          124             0.1956              0.476914                     0.119228
6     12     0.24          124             0.198              0.506721                     0.122898
6     12     0.24          124             0.2004              0.4173                     0.111528
6     12     0.24          124             0.2028              0.357685                     0.103255
6     12     0.24          124             0.2052              0.834599                     0.157724
6     12     0.24          124             0.2076              0.566335                     0.129926
6     12     0.24          124             0.21              0.357685                     0.103255
6     12     0.24          124             0.2124              0.387492                     0.107471
6     12     0.24          124             0.2148              0                     0
6     12     0.24          124             0.2172              0                     0
6     12     0.24          124             0.2196              0                     0
6     12     0.24          124             0.222              0                     0
6     12     0.24          124             0.2244              0                     0
6     12     0.24          124             0.2268              0                     0
6     12     0.24          124             0.2292              0                     0
6     12     0.24          124             0.2316              0                     0
6     12     0.24          124             0.234              0                     0
6     12     0.24          124             0.2364              0                     0
*******************************************************************************************************
 Average angle 124.595 +- 2.20118 deg 
 Average E' 0.14191 +- 0.00250707 GeV 
