*******************************************************************************************************
Z     A     E(GeV)     Theta(deg)     Energy Loss(GeV)     Sigma(nb/sr/GeV)     ERROR     Citation     
*******************************************************************************************************
6     12     0.06          93             0.0003              1.17447                     0.139384
6     12     0.06          93             0.0009              1.15793                     0.138399
6     12     0.06          93             0.0015              1.58802                     0.162076
6     12     0.06          93             0.0021              1.17447                     0.139384
6     12     0.06          93             0.0027              1.4226                     0.153403
6     12     0.06          93             0.0033              1.93539                     0.178927
6     12     0.06          93             0.0039              1.67073                     0.166243
6     12     0.06          93             0.0045              2.06773                     0.184943
6     12     0.06          93             0.0051              1.8196                     0.173492
6     12     0.06          93             0.0057              2.18352                     0.190051
6     12     0.06          93             0.0063              2.29932                     0.195025
6     12     0.06          93             0.0069              1.86923                     0.175842
6     12     0.06          93             0.0075              1.93539                     0.178927
6     12     0.06          93             0.0081              2.56398                     0.205944
6     12     0.06          93             0.0087              2.15044                     0.188606
6     12     0.06          93             0.0093              2.46473                     0.201919
6     12     0.06          93             0.0099              2.28277                     0.194323
6     12     0.06          93             0.0105              1.96848                     0.18045
6     12     0.06          93             0.0111              1.96848                     0.18045
6     12     0.06          93             0.0117              1.72035                     0.168694
6     12     0.06          93             0.0123              2.11735                     0.18715
6     12     0.06          93             0.0129              2.0181                     0.182711
6     12     0.06          93             0.0135              1.65418                     0.165418
6     12     0.06          93             0.0141              1.6211                     0.163756
6     12     0.06          93             0.0147              1.1083                     0.135401
6     12     0.06          93             0.0153              1.29026                     0.146094
6     12     0.06          93             0.0159              1.38951                     0.151608
6     12     0.06          93             0.0165              1.2241                     0.142298
6     12     0.06          93             0.0171              1.24064                     0.143256
6     12     0.06          93             0.0177              0.959426                     0.125979
6     12     0.06          93             0.0183              0.893259                     0.121557
6     12     0.06          93             0.0189              0.694757                     0.107203
6     12     0.06          93             0.0195              0.562422                     0.0964546
6     12     0.06          93             0.0201              0.727841                     0.109726
6     12     0.06          93             0.0207              0.562422                     0.0964546
6     12     0.06          93             0.0213              0.512797                     0.092101
6     12     0.06          93             0.0219              0.512797                     0.092101
6     12     0.06          93             0.0225              0.397004                     0.0810381
6     12     0.06          93             0.0231              0.413546                     0.0827092
6     12     0.06          93             0.0237              0.479713                     0.0890805
6     12     0.06          93             0.0243              0.44663                     0.0859539
6     12     0.06          93             0.0249              0.248128                     0.0640663
6     12     0.06          93             0.0255              0.264669                     0.0661673
6     12     0.06          93             0.0261              0.198502                     0.0573026
6     12     0.06          93             0.0267              0.18196                     0.0548631
6     12     0.06          93             0.0273              0.231586                     0.0618939
6     12     0.06          93             0.0279              0.18196                     0.0548631
6     12     0.06          93             0.0285              0.18196                     0.0548631
6     12     0.06          93             0.0291              0.165418                     0.0523099
6     12     0.06          93             0.0297              0.198502                     0.0573026
6     12     0.06          93             0.0303              0.148877                     0.0496255
6     12     0.06          93             0.0309              0.0827092                     0.0369887
6     12     0.06          93             0.0315              0.0330837                     0.0233937
6     12     0.06          93             0.0321              0.132335                     0.0467874
6     12     0.06          93             0.0327              0.115793                     0.0437656
6     12     0.06          93             0.0333              0.165418                     0.0523099
6     12     0.06          93             0.0339              0.132335                     0.0467874
6     12     0.06          93             0.0345              0.18196                     0.0548631
6     12     0.06          93             0.0351              0.0496255                     0.0286513
6     12     0.06          93             0.0357              0.0496255                     0.0286513
6     12     0.06          93             0.0363              0.0827092                     0.0369887
6     12     0.06          93             0.0369              0.132335                     0.0467874
6     12     0.06          93             0.0375              0.0661673                     0.0330837
6     12     0.06          93             0.0381              0.0827092                     0.0369887
6     12     0.06          93             0.0387              0.0496255                     0.0286513
6     12     0.06          93             0.0393              0.0661673                     0.0330837
6     12     0.06          93             0.0399              0.0661673                     0.0330837
6     12     0.06          93             0.0405              0.0165418                     0.0165418
6     12     0.06          93             0.0411              0.0496255                     0.0286513
6     12     0.06          93             0.0417              0.0165418                     0.0165418
6     12     0.06          93             0.0423              0                     0
6     12     0.06          93             0.0429              0                     0
6     12     0.06          93             0.0435              0.0330837                     0.0233937
6     12     0.06          93             0.0441              0.0330837                     0.0233937
6     12     0.06          93             0.0447              0                     0
6     12     0.06          93             0.0453              0.0165418                     0.0165418
6     12     0.06          93             0.0459              0                     0
6     12     0.06          93             0.0465              0                     0
6     12     0.06          93             0.0471              0                     0
6     12     0.06          93             0.0477              0.0330837                     0.0233937
6     12     0.06          93             0.0483              0                     0
6     12     0.06          93             0.0489              0                     0
6     12     0.06          93             0.0495              0                     0
6     12     0.06          93             0.0501              0                     0
6     12     0.06          93             0.0507              0                     0
6     12     0.06          93             0.0513              0.0165418                     0.0165418
6     12     0.06          93             0.0519              0                     0
6     12     0.06          93             0.0525              0                     0
6     12     0.06          93             0.0531              0                     0
6     12     0.06          93             0.0537              0                     0
6     12     0.06          93             0.0543              0                     0
6     12     0.06          93             0.0549              0                     0
6     12     0.06          93             0.0555              0                     0
6     12     0.06          93             0.0561              0                     0
6     12     0.06          93             0.0567              0                     0
6     12     0.06          93             0.0573              0                     0
6     12     0.06          93             0.0579              0                     0
6     12     0.06          93             0.0585              0                     0
6     12     0.06          93             0.0591              0                     0
*******************************************************************************************************
 Average angle 93.52 +- 1.52819 deg 
 Average E' 0.0486454 +- 0.000794905 GeV 
