*******************************************************************************************************
Z     A     E(GeV)     Theta(deg)     Energy Loss(GeV)     Sigma(nb/sr/GeV)     ERROR     Citation     
*******************************************************************************************************
6     12     0.1          122.4             0.0005              2.98401                     0.194242
6     12     0.1          122.4             0.0015              3.69207                     0.216062
6     12     0.1          122.4             0.0025              4.23577                     0.231425
6     12     0.1          122.4             0.0035              4.80475                     0.246479
6     12     0.1          122.4             0.0045              5.57604                     0.265526
6     12     0.1          122.4             0.0055              6.18296                     0.279603
6     12     0.1          122.4             0.0065              6.35998                     0.283577
6     12     0.1          122.4             0.0075              7.20713                     0.301874
6     12     0.1          122.4             0.0085              6.95425                     0.29653
6     12     0.1          122.4             0.0095              7.7129                     0.312286
6     12     0.1          122.4             0.0105              7.25771                     0.302931
6     12     0.1          122.4             0.0115              8.029                     0.318621
6     12     0.1          122.4             0.0125              8.38303                     0.32557
6     12     0.1          122.4             0.0135              9.05317                     0.338333
6     12     0.1          122.4             0.0145              8.39568                     0.325815
6     12     0.1          122.4             0.0155              9.43249                     0.345348
6     12     0.1          122.4             0.0165              8.53476                     0.328503
6     12     0.1          122.4             0.0175              8.49683                     0.327772
6     12     0.1          122.4             0.0185              9.26812                     0.342326
6     12     0.1          122.4             0.0195              8.73707                     0.332374
6     12     0.1          122.4             0.0205              8.80029                     0.333574
6     12     0.1          122.4             0.0215              8.86351                     0.33477
6     12     0.1          122.4             0.0225              8.63591                     0.330444
6     12     0.1          122.4             0.0235              8.47154                     0.327284
6     12     0.1          122.4             0.0245              8.42096                     0.326306
6     12     0.1          122.4             0.0255              8.28188                     0.3236
6     12     0.1          122.4             0.0265              7.283                     0.303458
6     12     0.1          122.4             0.0275              7.95313                     0.317112
6     12     0.1          122.4             0.0285              7.18184                     0.301343
6     12     0.1          122.4             0.0295              7.30828                     0.303985
6     12     0.1          122.4             0.0305              6.39791                     0.284422
6     12     0.1          122.4             0.0315              6.78988                     0.293005
6     12     0.1          122.4             0.0325              6.60022                     0.288884
6     12     0.1          122.4             0.0335              6.1956                     0.279889
6     12     0.1          122.4             0.0345              6.27147                     0.281597
6     12     0.1          122.4             0.0355              4.08404                     0.227242
6     12     0.1          122.4             0.0365              0.0505764                     0.0252882
6     12     0.1          122.4             0.0375              0                     0
6     12     0.1          122.4             0.0385              0                     0
6     12     0.1          122.4             0.0395              0                     0
6     12     0.1          122.4             0.0405              0                     0
6     12     0.1          122.4             0.0415              0                     0
6     12     0.1          122.4             0.0425              0                     0
6     12     0.1          122.4             0.0435              0                     0
6     12     0.1          122.4             0.0445              0                     0
6     12     0.1          122.4             0.0455              0                     0
6     12     0.1          122.4             0.0465              0                     0
6     12     0.1          122.4             0.0475              0                     0
6     12     0.1          122.4             0.0485              0                     0
6     12     0.1          122.4             0.0495              0                     0
6     12     0.1          122.4             0.0505              0                     0
6     12     0.1          122.4             0.0515              0                     0
6     12     0.1          122.4             0.0525              0                     0
6     12     0.1          122.4             0.0535              0                     0
6     12     0.1          122.4             0.0545              0                     0
6     12     0.1          122.4             0.0555              0                     0
6     12     0.1          122.4             0.0565              0                     0
6     12     0.1          122.4             0.0575              0                     0
6     12     0.1          122.4             0.0585              0                     0
6     12     0.1          122.4             0.0595              0                     0
6     12     0.1          122.4             0.0605              0                     0
6     12     0.1          122.4             0.0615              0                     0
6     12     0.1          122.4             0.0625              0                     0
6     12     0.1          122.4             0.0635              0                     0
6     12     0.1          122.4             0.0645              0                     0
6     12     0.1          122.4             0.0655              0                     0
6     12     0.1          122.4             0.0665              0                     0
6     12     0.1          122.4             0.0675              0                     0
6     12     0.1          122.4             0.0685              0                     0
6     12     0.1          122.4             0.0695              0                     0
6     12     0.1          122.4             0.0705              0                     0
6     12     0.1          122.4             0.0715              0                     0
6     12     0.1          122.4             0.0725              0                     0
6     12     0.1          122.4             0.0735              0                     0
6     12     0.1          122.4             0.0745              0                     0
6     12     0.1          122.4             0.0755              0                     0
6     12     0.1          122.4             0.0765              0                     0
6     12     0.1          122.4             0.0775              0                     0
6     12     0.1          122.4             0.0785              0                     0
6     12     0.1          122.4             0.0795              0                     0
6     12     0.1          122.4             0.0805              0                     0
6     12     0.1          122.4             0.0815              0                     0
6     12     0.1          122.4             0.0825              0                     0
6     12     0.1          122.4             0.0835              0                     0
6     12     0.1          122.4             0.0845              0                     0
6     12     0.1          122.4             0.0855              0                     0
6     12     0.1          122.4             0.0865              0                     0
6     12     0.1          122.4             0.0875              0                     0
6     12     0.1          122.4             0.0885              0                     0
6     12     0.1          122.4             0.0895              0                     0
6     12     0.1          122.4             0.0905              0                     0
6     12     0.1          122.4             0.0915              0                     0
6     12     0.1          122.4             0.0925              0                     0
6     12     0.1          122.4             0.0935              0                     0
6     12     0.1          122.4             0.0945              0                     0
6     12     0.1          122.4             0.0955              0                     0
6     12     0.1          122.4             0.0965              0                     0
6     12     0.1          122.4             0.0975              0                     0
6     12     0.1          122.4             0.0985              0                     0
*******************************************************************************************************
 Average angle 123.796 +- 0.86516 deg 
 Average E' 0.0813656 +- 0.000568629 GeV 
