*******************************************************************************************************
Z     A     E(GeV)     Theta(deg)     Energy Loss(GeV)     Sigma(nb/sr/GeV)     ERROR     Citation     
*******************************************************************************************************
6     12     0.06          49.5             0.0003              26.7641                     0.762514
6     12     0.06          49.5             0.0009              31.1524                     0.822654
6     12     0.06          49.5             0.0015              30.5441                     0.814583
6     12     0.06          49.5             0.0021              32.4993                     0.84025
6     12     0.06          49.5             0.0027              35.4103                     0.877074
6     12     0.06          49.5             0.0033              37.3221                     0.900439
6     12     0.06          49.5             0.0039              38.669                     0.916542
6     12     0.06          49.5             0.0045              42.0579                     0.955862
6     12     0.06          49.5             0.0051              42.1231                     0.956602
6     12     0.06          49.5             0.0057              38.1259                     0.910083
6     12     0.06          49.5             0.0063              35.1931                     0.87438
6     12     0.06          49.5             0.0069              34.1286                     0.861055
6     12     0.06          49.5             0.0075              30.8917                     0.819205
6     12     0.06          49.5             0.0081              27.3724                     0.77113
6     12     0.06          49.5             0.0087              26.6555                     0.760965
6     12     0.06          49.5             0.0093              23.4186                     0.713267
6     12     0.06          49.5             0.0099              21.7893                     0.688007
6     12     0.06          49.5             0.0105              18.8131                     0.639295
6     12     0.06          49.5             0.0111              15.9021                     0.587757
6     12     0.06          49.5             0.0117              13.6862                     0.545272
6     12     0.06          49.5             0.0123              12.7955                     0.52723
6     12     0.06          49.5             0.0129              11.34                     0.496338
6     12     0.06          49.5             0.0135              10.1669                     0.469965
6     12     0.06          49.5             0.0141              8.71138                     0.435026
6     12     0.06          49.5             0.0147              6.8431                     0.385565
6     12     0.06          49.5             0.0153              6.12621                     0.36481
6     12     0.06          49.5             0.0159              4.84448                     0.324411
6     12     0.06          49.5             0.0165              5.06172                     0.331605
6     12     0.06          49.5             0.0171              4.36655                     0.307993
6     12     0.06          49.5             0.0177              3.75828                     0.285736
6     12     0.06          49.5             0.0183              3.30207                     0.267833
6     12     0.06          49.5             0.0189              2.6069                     0.237976
6     12     0.06          49.5             0.0195              1.95517                     0.206093
6     12     0.06          49.5             0.0201              1.23828                     0.164014
6     12     0.06          49.5             0.0207              1.21655                     0.162569
6     12     0.06          49.5             0.0213              1.1731                     0.159639
6     12     0.06          49.5             0.0219              0.760345                     0.128522
6     12     0.06          49.5             0.0225              0.977586                     0.14573
6     12     0.06          49.5             0.0231              0.695172                     0.12289
6     12     0.06          49.5             0.0237              0.782069                     0.130345
6     12     0.06          49.5             0.0243              0.412759                     0.0946933
6     12     0.06          49.5             0.0249              0.347586                     0.0868966
6     12     0.06          49.5             0.0255              0.304138                     0.0812843
6     12     0.06          49.5             0.0261              0.412759                     0.0946933
6     12     0.06          49.5             0.0267              0.217241                     0.0686978
6     12     0.06          49.5             0.0273              0.36931                     0.0895709
6     12     0.06          49.5             0.0279              0.434483                     0.0971533
6     12     0.06          49.5             0.0285              0.26069                     0.0752546
6     12     0.06          49.5             0.0291              0.173793                     0.0614451
6     12     0.06          49.5             0.0297              0.173793                     0.0614451
6     12     0.06          49.5             0.0303              0.434483                     0.0971533
6     12     0.06          49.5             0.0309              0.173793                     0.0614451
6     12     0.06          49.5             0.0315              0.391035                     0.0921677
6     12     0.06          49.5             0.0321              0.63                     0.116988
6     12     0.06          49.5             0.0327              0.521379                     0.106426
6     12     0.06          49.5             0.0333              0.608276                     0.114953
6     12     0.06          49.5             0.0339              0.391035                     0.0921677
6     12     0.06          49.5             0.0345              0.521379                     0.106426
6     12     0.06          49.5             0.0351              0.543103                     0.108621
6     12     0.06          49.5             0.0357              0.456207                     0.0995525
6     12     0.06          49.5             0.0363              0.304138                     0.0812843
6     12     0.06          49.5             0.0369              0.195517                     0.0651724
6     12     0.06          49.5             0.0375              0.0651724                     0.0376273
6     12     0.06          49.5             0.0381              0                     0
6     12     0.06          49.5             0.0387              0                     0
6     12     0.06          49.5             0.0393              0                     0
6     12     0.06          49.5             0.0399              0                     0
6     12     0.06          49.5             0.0405              0                     0
6     12     0.06          49.5             0.0411              0                     0
6     12     0.06          49.5             0.0417              0                     0
6     12     0.06          49.5             0.0423              0                     0
6     12     0.06          49.5             0.0429              0                     0
6     12     0.06          49.5             0.0435              0                     0
6     12     0.06          49.5             0.0441              0                     0
6     12     0.06          49.5             0.0447              0                     0
6     12     0.06          49.5             0.0453              0                     0
6     12     0.06          49.5             0.0459              0                     0
6     12     0.06          49.5             0.0465              0                     0
6     12     0.06          49.5             0.0471              0                     0
6     12     0.06          49.5             0.0477              0                     0
6     12     0.06          49.5             0.0483              0                     0
6     12     0.06          49.5             0.0489              0                     0
6     12     0.06          49.5             0.0495              0                     0
6     12     0.06          49.5             0.0501              0                     0
6     12     0.06          49.5             0.0507              0                     0
6     12     0.06          49.5             0.0513              0                     0
6     12     0.06          49.5             0.0519              0                     0
6     12     0.06          49.5             0.0525              0                     0
6     12     0.06          49.5             0.0531              0                     0
6     12     0.06          49.5             0.0537              0                     0
6     12     0.06          49.5             0.0543              0                     0
6     12     0.06          49.5             0.0549              0                     0
6     12     0.06          49.5             0.0555              0                     0
6     12     0.06          49.5             0.0561              0                     0
6     12     0.06          49.5             0.0567              0                     0
6     12     0.06          49.5             0.0573              0                     0
6     12     0.06          49.5             0.0579              0                     0
6     12     0.06          49.5             0.0585              0                     0
6     12     0.06          49.5             0.0591              0                     0
*******************************************************************************************************
 Average angle 50.0063 +- 0.278661 deg 
 Average E' 0.0530495 +- 0.00029562 GeV 
