*******************************************************************************************************
Z     A     E(GeV)     Theta(deg)     Energy Loss(GeV)     Sigma(nb/sr/GeV)     ERROR     Citation     
*******************************************************************************************************
6     12     0.32          156             0.0016              0                     0
6     12     0.32          156             0.0048              0                     0
6     12     0.32          156             0.008              0                     0
6     12     0.32          156             0.0112              0                     0
6     12     0.32          156             0.0144              0                     0
6     12     0.32          156             0.0176              0                     0
6     12     0.32          156             0.0208              0                     0
6     12     0.32          156             0.024              0                     0
6     12     0.32          156             0.0272              0                     0
6     12     0.32          156             0.0304              0.057475                     0.057475
6     12     0.32          156             0.0336              0                     0
6     12     0.32          156             0.0368              0                     0
6     12     0.32          156             0.04              0.057475                     0.057475
6     12     0.32          156             0.0432              0                     0
6     12     0.32          156             0.0464              0.057475                     0.057475
6     12     0.32          156             0.0496              0                     0
6     12     0.32          156             0.0528              0                     0
6     12     0.32          156             0.056              0                     0
6     12     0.32          156             0.0592              0.057475                     0.057475
6     12     0.32          156             0.0624              0.057475                     0.057475
6     12     0.32          156             0.0656              0.057475                     0.057475
6     12     0.32          156             0.0688              0.11495                     0.081282
6     12     0.32          156             0.072              0.11495                     0.081282
6     12     0.32          156             0.0752              0.34485                     0.140784
6     12     0.32          156             0.0784              0.287375                     0.128518
6     12     0.32          156             0.0816              0.11495                     0.081282
6     12     0.32          156             0.0848              0.34485                     0.140784
6     12     0.32          156             0.088              0.57475                     0.181752
6     12     0.32          156             0.0912              0.287375                     0.128518
6     12     0.32          156             0.0944              0.402325                     0.152065
6     12     0.32          156             0.0976              0.57475                     0.181752
6     12     0.32          156             0.1008              0.517275                     0.172425
6     12     0.32          156             0.104              0.6897                     0.199099
6     12     0.32          156             0.1072              0.9196                     0.2299
6     12     0.32          156             0.1104              0.34485                     0.140784
6     12     0.32          156             0.1136              0.80465                     0.215052
6     12     0.32          156             0.1168              0.632225                     0.190623
6     12     0.32          156             0.12              0.402325                     0.152065
6     12     0.32          156             0.1232              0.862125                     0.2226
6     12     0.32          156             0.1264              1.1495                     0.257036
6     12     0.32          156             0.1296              0.9196                     0.2299
6     12     0.32          156             0.1328              1.03455                     0.243846
6     12     0.32          156             0.136              0.747175                     0.207229
6     12     0.32          156             0.1392              0.6897                     0.199099
6     12     0.32          156             0.1424              0.747175                     0.207229
6     12     0.32          156             0.1456              0.402325                     0.152065
6     12     0.32          156             0.1488              0.9196                     0.2299
6     12     0.32          156             0.152              0.862125                     0.2226
6     12     0.32          156             0.1552              0.80465                     0.215052
6     12     0.32          156             0.1584              0.632225                     0.190623
6     12     0.32          156             0.1616              0.632225                     0.190623
6     12     0.32          156             0.1648              0.402325                     0.152065
6     12     0.32          156             0.168              0.80465                     0.215052
6     12     0.32          156             0.1712              0.6897                     0.199099
6     12     0.32          156             0.1744              0.402325                     0.152065
6     12     0.32          156             0.1776              0.632225                     0.190623
6     12     0.32          156             0.1808              0.402325                     0.152065
6     12     0.32          156             0.184              0.287375                     0.128518
6     12     0.32          156             0.1872              0.34485                     0.140784
6     12     0.32          156             0.1904              0.2299                     0.11495
6     12     0.32          156             0.1936              0.172425                     0.0995497
6     12     0.32          156             0.1968              0.4598                     0.162564
6     12     0.32          156             0.2              0.287375                     0.128518
6     12     0.32          156             0.2032              0.34485                     0.140784
6     12     0.32          156             0.2064              0.517275                     0.172425
6     12     0.32          156             0.2096              0.287375                     0.128518
6     12     0.32          156             0.2128              0.402325                     0.152065
6     12     0.32          156             0.216              0.4598                     0.162564
6     12     0.32          156             0.2192              0.4598                     0.162564
6     12     0.32          156             0.2224              0.517275                     0.172425
6     12     0.32          156             0.2256              0.287375                     0.128518
6     12     0.32          156             0.2288              0.287375                     0.128518
6     12     0.32          156             0.232              0.517275                     0.172425
6     12     0.32          156             0.2352              0.34485                     0.140784
6     12     0.32          156             0.2384              0.57475                     0.181752
6     12     0.32          156             0.2416              0.402325                     0.152065
6     12     0.32          156             0.2448              0.172425                     0.0995497
6     12     0.32          156             0.248              0.11495                     0.081282
6     12     0.32          156             0.2512              0.402325                     0.152065
6     12     0.32          156             0.2544              0.4598                     0.162564
6     12     0.32          156             0.2576              0.34485                     0.140784
6     12     0.32          156             0.2608              0.4598                     0.162564
6     12     0.32          156             0.264              0.57475                     0.181752
6     12     0.32          156             0.2672              0.4598                     0.162564
6     12     0.32          156             0.2704              0.57475                     0.181752
6     12     0.32          156             0.2736              0.57475                     0.181752
6     12     0.32          156             0.2768              0.862125                     0.2226
6     12     0.32          156             0.28              0.80465                     0.215052
6     12     0.32          156             0.2832              0.6897                     0.199099
6     12     0.32          156             0.2864              1.6093                     0.304129
6     12     0.32          156             0.2896              0.57475                     0.181752
6     12     0.32          156             0.2928              1.32193                     0.275641
6     12     0.32          156             0.296              1.09203                     0.250528
6     12     0.32          156             0.2992              1.1495                     0.257036
6     12     0.32          156             0.3024              1.09203                     0.250528
6     12     0.32          156             0.3056              0                     0
6     12     0.32          156             0.3088              0                     0
6     12     0.32          156             0.312              0                     0
6     12     0.32          156             0.3152              0                     0
*******************************************************************************************************
 Average angle 156.495 +- 5.78421 deg 
 Average E' 0.127269 +- 0.00470401 GeV 
