*******************************************************************************************************
Z     A     E(GeV)     Theta(deg)     Energy Loss(GeV)     Sigma(nb/sr/GeV)     ERROR     Citation     
*******************************************************************************************************
6     12     0.32          129             0.0016              0                     0
6     12     0.32          129             0.0048              0                     0
6     12     0.32          129             0.008              0                     0
6     12     0.32          129             0.0112              0                     0
6     12     0.32          129             0.0144              0                     0
6     12     0.32          129             0.0176              0                     0
6     12     0.32          129             0.0208              0.0300808                     0.0300808
6     12     0.32          129             0.024              0.0300808                     0.0300808
6     12     0.32          129             0.0272              0.0300808                     0.0300808
6     12     0.32          129             0.0304              0.0300808                     0.0300808
6     12     0.32          129             0.0336              0.0300808                     0.0300808
6     12     0.32          129             0.0368              0.0300808                     0.0300808
6     12     0.32          129             0.04              0.0902425                     0.0521015
6     12     0.32          129             0.0432              0.120323                     0.0601617
6     12     0.32          129             0.0464              0.0902425                     0.0521015
6     12     0.32          129             0.0496              0.150404                     0.0672628
6     12     0.32          129             0.0528              0.0300808                     0.0300808
6     12     0.32          129             0.056              0.0902425                     0.0521015
6     12     0.32          129             0.0592              0.330889                     0.0997668
6     12     0.32          129             0.0624              0.270727                     0.0902425
6     12     0.32          129             0.0656              0.36097                     0.104203
6     12     0.32          129             0.0688              0.300808                     0.0951239
6     12     0.32          129             0.072              0.210566                     0.0795864
6     12     0.32          129             0.0752              0.240647                     0.0850814
6     12     0.32          129             0.0784              0.391051                     0.108458
6     12     0.32          129             0.0816              0.541455                     0.127622
6     12     0.32          129             0.0848              0.511374                     0.124026
6     12     0.32          129             0.088              0.421132                     0.112552
6     12     0.32          129             0.0912              0.932506                     0.167483
6     12     0.32          129             0.0944              0.541455                     0.127622
6     12     0.32          129             0.0976              0.812182                     0.156305
6     12     0.32          129             0.1008              0.872344                     0.16199
6     12     0.32          129             0.104              1.08291                     0.180485
6     12     0.32          129             0.1072              0.752021                     0.150404
6     12     0.32          129             0.1104              1.17315                     0.187855
6     12     0.32          129             0.1136              0.752021                     0.150404
6     12     0.32          129             0.1168              0.932506                     0.167483
6     12     0.32          129             0.12              0.902425                     0.164759
6     12     0.32          129             0.1232              0.812182                     0.156305
6     12     0.32          129             0.1264              0.962587                     0.170163
6     12     0.32          129             0.1296              1.05283                     0.177961
6     12     0.32          129             0.1328              1.23331                     0.192611
6     12     0.32          129             0.136              1.4138                     0.206224
6     12     0.32          129             0.1392              1.35364                     0.201788
6     12     0.32          129             0.1424              0.72194                     0.147365
6     12     0.32          129             0.1456              1.65445                     0.223085
6     12     0.32          129             0.1488              0.782102                     0.153383
6     12     0.32          129             0.152              0.812182                     0.156305
6     12     0.32          129             0.1552              1.02275                     0.1754
6     12     0.32          129             0.1584              0.661778                     0.141092
6     12     0.32          129             0.1616              0.812182                     0.156305
6     12     0.32          129             0.1648              0.691859                     0.144263
6     12     0.32          129             0.168              0.872344                     0.16199
6     12     0.32          129             0.1712              0.391051                     0.108458
6     12     0.32          129             0.1744              0.782102                     0.153383
6     12     0.32          129             0.1776              0.691859                     0.144263
6     12     0.32          129             0.1808              0.601617                     0.134526
6     12     0.32          129             0.184              0.601617                     0.134526
6     12     0.32          129             0.1872              0.451212                     0.116503
6     12     0.32          129             0.1904              0.571536                     0.131119
6     12     0.32          129             0.1936              0.631697                     0.137848
6     12     0.32          129             0.1968              0.481293                     0.120323
6     12     0.32          129             0.2              0.481293                     0.120323
6     12     0.32          129             0.2032              0.330889                     0.0997668
6     12     0.32          129             0.2064              0.330889                     0.0997668
6     12     0.32          129             0.2096              0.481293                     0.120323
6     12     0.32          129             0.2128              0.330889                     0.0997668
6     12     0.32          129             0.216              0.180485                     0.0736827
6     12     0.32          129             0.2192              0.511374                     0.124026
6     12     0.32          129             0.2224              0.270727                     0.0902425
6     12     0.32          129             0.2256              0.391051                     0.108458
6     12     0.32          129             0.2288              0.330889                     0.0997668
6     12     0.32          129             0.232              0.511374                     0.124026
6     12     0.32          129             0.2352              0.541455                     0.127622
6     12     0.32          129             0.2384              0.36097                     0.104203
6     12     0.32          129             0.2416              0.330889                     0.0997668
6     12     0.32          129             0.2448              0.511374                     0.124026
6     12     0.32          129             0.248              0.601617                     0.134526
6     12     0.32          129             0.2512              0.511374                     0.124026
6     12     0.32          129             0.2544              0.661778                     0.141092
6     12     0.32          129             0.2576              0.601617                     0.134526
6     12     0.32          129             0.2608              0.541455                     0.127622
6     12     0.32          129             0.264              0.511374                     0.124026
6     12     0.32          129             0.2672              0.812182                     0.156305
6     12     0.32          129             0.2704              0.601617                     0.134526
6     12     0.32          129             0.2736              0.812182                     0.156305
6     12     0.32          129             0.2768              0.812182                     0.156305
6     12     0.32          129             0.28              0.962587                     0.170163
6     12     0.32          129             0.2832              0.902425                     0.164759
6     12     0.32          129             0.2864              1.11299                     0.182975
6     12     0.32          129             0.2896              0.872344                     0.16199
6     12     0.32          129             0.2928              0.842263                     0.159173
6     12     0.32          129             0.296              0.962587                     0.170163
6     12     0.32          129             0.2992              1.26339                     0.194946
6     12     0.32          129             0.3024              0.0300808                     0.0300808
6     12     0.32          129             0.3056              0                     0
6     12     0.32          129             0.3088              0                     0
6     12     0.32          129             0.312              0                     0
6     12     0.32          129             0.3152              0                     0
*******************************************************************************************************
 Average angle 129.427 +- 3.09922 deg 
 Average E' 0.141533 +- 0.0033891 GeV 
