*******************************************************************************************************
Z     A     E(GeV)     Theta(deg)     Energy Loss(GeV)     Sigma(nb/sr/GeV)     ERROR     Citation     
*******************************************************************************************************
6     12     0.4          56             0.002              0.130544                     0.0583811
6     12     0.4          56             0.006              0.313306                     0.0904437
6     12     0.4          56             0.01              1.33155                     0.186454
6     12     0.4          56             0.014              2.03649                     0.230587
6     12     0.4          56             0.018              3.60302                     0.306709
6     12     0.4          56             0.022              3.70745                     0.311123
6     12     0.4          56             0.026              5.48286                     0.378353
6     12     0.4          56             0.03              6.5011                     0.411991
6     12     0.4          56             0.034              8.51148                     0.471407
6     12     0.4          56             0.038              9.1642                     0.489149
6     12     0.4          56             0.042              10.313                     0.518903
6     12     0.4          56             0.046              11.6445                     0.551385
6     12     0.4          56             0.05              12.5584                     0.572612
6     12     0.4          56             0.054              12.6889                     0.57558
6     12     0.4          56             0.058              14.7515                     0.6206
6     12     0.4          56             0.062              13.7071                     0.598229
6     12     0.4          56             0.066              14.2815                     0.610634
6     12     0.4          56             0.07              15.0387                     0.626612
6     12     0.4          56             0.074              15.352                     0.633106
6     12     0.4          56             0.078              14.3599                     0.612307
6     12     0.4          56             0.082              15.0909                     0.627699
6     12     0.4          56             0.086              14.6471                     0.618399
6     12     0.4          56             0.09              13.4983                     0.593653
6     12     0.4          56             0.094              12.7933                     0.577944
6     12     0.4          56             0.098              11.749                     0.553852
6     12     0.4          56             0.102              12.0101                     0.559972
6     12     0.4          56             0.106              10.3391                     0.519559
6     12     0.4          56             0.11              9.7386                     0.504245
6     12     0.4          56             0.114              9.26864                     0.491928
6     12     0.4          56             0.118              8.48537                     0.470684
6     12     0.4          56             0.122              7.85876                     0.452971
6     12     0.4          56             0.126              7.41491                     0.439994
6     12     0.4          56             0.13              7.15382                     0.432178
6     12     0.4          56             0.134              5.77005                     0.388136
6     12     0.4          56             0.138              5.69173                     0.385492
6     12     0.4          56             0.142              4.41239                     0.339415
6     12     0.4          56             0.146              4.54294                     0.344399
6     12     0.4          56             0.15              3.49858                     0.302232
6     12     0.4          56             0.154              3.49858                     0.302232
6     12     0.4          56             0.158              2.92419                     0.27631
6     12     0.4          56             0.162              2.3498                     0.24769
6     12     0.4          56             0.166              2.71532                     0.266259
6     12     0.4          56             0.17              2.50645                     0.255813
6     12     0.4          56             0.174              2.27147                     0.243527
6     12     0.4          56             0.178              2.58477                     0.25978
6     12     0.4          56             0.182              2.48034                     0.254477
6     12     0.4          56             0.186              2.16703                     0.237863
6     12     0.4          56             0.19              2.21925                     0.240712
6     12     0.4          56             0.194              1.7754                     0.215299
6     12     0.4          56             0.198              1.7754                     0.215299
6     12     0.4          56             0.202              2.03649                     0.230587
6     12     0.4          56             0.206              1.7754                     0.215299
6     12     0.4          56             0.21              2.24536                     0.242123
6     12     0.4          56             0.214              2.14092                     0.236426
6     12     0.4          56             0.218              2.03649                     0.230587
6     12     0.4          56             0.222              1.72318                     0.212109
6     12     0.4          56             0.226              1.90595                     0.223074
6     12     0.4          56             0.23              2.11482                     0.23498
6     12     0.4          56             0.234              2.29758                     0.244923
6     12     0.4          56             0.238              2.3498                     0.24769
6     12     0.4          56             0.242              2.50645                     0.255813
6     12     0.4          56             0.246              2.3498                     0.24769
6     12     0.4          56             0.25              1.87984                     0.221541
6     12     0.4          56             0.254              2.24536                     0.242123
6     12     0.4          56             0.258              2.50645                     0.255813
6     12     0.4          56             0.262              2.55867                     0.258464
6     12     0.4          56             0.266              2.29758                     0.244923
6     12     0.4          56             0.27              2.48034                     0.254477
6     12     0.4          56             0.274              2.40201                     0.250427
6     12     0.4          56             0.278              2.79365                     0.270072
6     12     0.4          56             0.282              2.53256                     0.257142
6     12     0.4          56             0.286              2.14092                     0.236426
6     12     0.4          56             0.29              2.08871                     0.233525
6     12     0.4          56             0.294              2.40201                     0.250427
6     12     0.4          56             0.298              3.08084                     0.283615
6     12     0.4          56             0.302              2.29758                     0.244923
6     12     0.4          56             0.306              3.31582                     0.294232
6     12     0.4          56             0.31              3.02863                     0.281201
6     12     0.4          56             0.314              3.2636                     0.291906
6     12     0.4          56             0.318              3.94243                     0.320831
6     12     0.4          56             0.322              3.39415                     0.297687
6     12     0.4          56             0.326              3.91633                     0.319767
6     12     0.4          56             0.33              3.65524                     0.308924
6     12     0.4          56             0.334              3.70745                     0.311123
6     12     0.4          56             0.338              4.07298                     0.326099
6     12     0.4          56             0.342              3.70745                     0.311123
6     12     0.4          56             0.346              0.731047                     0.138155
6     12     0.4          56             0.35              0                     0
6     12     0.4          56             0.354              0                     0
6     12     0.4          56             0.358              0                     0
6     12     0.4          56             0.362              0                     0
6     12     0.4          56             0.366              0                     0
6     12     0.4          56             0.37              0                     0
6     12     0.4          56             0.374              0                     0
6     12     0.4          56             0.378              0                     0
6     12     0.4          56             0.382              0                     0
6     12     0.4          56             0.386              0                     0
6     12     0.4          56             0.39              0                     0
6     12     0.4          56             0.394              0                     0
*******************************************************************************************************
 Average angle 56.4016 +- 0.422796 deg 
 Average E' 0.272586 +- 0.00204335 GeV 
