*******************************************************************************************************
Z     A     E(GeV)     Theta(deg)     Energy Loss(GeV)     Sigma(nb/sr/GeV)     ERROR     Citation     
*******************************************************************************************************
6     12     0.4          59.1             0.002              0                     0
6     12     0.4          59.1             0.006              0.201805                     0.0713488
6     12     0.4          59.1             0.01              0.756768                     0.138166
6     12     0.4          59.1             0.014              1.16038                     0.171088
6     12     0.4          59.1             0.018              1.79102                     0.212555
6     12     0.4          59.1             0.022              2.19463                     0.235289
6     12     0.4          59.1             0.026              3.83429                     0.311002
6     12     0.4          59.1             0.03              3.75862                     0.307918
6     12     0.4          59.1             0.034              5.07035                     0.357635
6     12     0.4          59.1             0.038              5.85234                     0.384225
6     12     0.4          59.1             0.042              7.51723                     0.435461
6     12     0.4          59.1             0.046              8.07219                     0.451249
6     12     0.4          59.1             0.05              9.78754                     0.496887
6     12     0.4          59.1             0.054              9.66141                     0.493675
6     12     0.4          59.1             0.058              10.9731                     0.526122
6     12     0.4          59.1             0.062              10.4686                     0.513885
6     12     0.4          59.1             0.066              10.9984                     0.526726
6     12     0.4          59.1             0.07              12.0578                     0.551513
6     12     0.4          59.1             0.074              11.629                     0.541617
6     12     0.4          59.1             0.078              11.8813                     0.54746
6     12     0.4          59.1             0.082              12.6128                     0.564062
6     12     0.4          59.1             0.086              12.3101                     0.557252
6     12     0.4          59.1             0.09              11.8813                     0.54746
6     12     0.4          59.1             0.094              11.7047                     0.543376
6     12     0.4          59.1             0.098              10.9227                     0.524911
6     12     0.4          59.1             0.102              9.91366                     0.500078
6     12     0.4          59.1             0.106              9.15689                     0.480612
6     12     0.4          59.1             0.11              9.05599                     0.477957
6     12     0.4          59.1             0.114              8.14787                     0.45336
6     12     0.4          59.1             0.118              8.22355                     0.45546
6     12     0.4          59.1             0.122              6.83614                     0.415266
6     12     0.4          59.1             0.126              7.11362                     0.42361
6     12     0.4          59.1             0.13              6.1046                     0.392418
6     12     0.4          59.1             0.134              6.1046                     0.392418
6     12     0.4          59.1             0.138              5.60008                     0.375853
6     12     0.4          59.1             0.142              4.74241                     0.345876
6     12     0.4          59.1             0.146              4.16222                     0.324029
6     12     0.4          59.1             0.15              3.60726                     0.301654
6     12     0.4          59.1             0.154              3.48113                     0.296334
6     12     0.4          59.1             0.158              2.90094                     0.270514
6     12     0.4          59.1             0.162              2.92617                     0.271688
6     12     0.4          59.1             0.166              3.07752                     0.278626
6     12     0.4          59.1             0.17              2.52256                     0.252256
6     12     0.4          59.1             0.174              2.0685                     0.228428
6     12     0.4          59.1             0.178              2.42166                     0.247159
6     12     0.4          59.1             0.182              1.79102                     0.212555
6     12     0.4          59.1             0.186              2.24508                     0.237978
6     12     0.4          59.1             0.19              1.63966                     0.203375
6     12     0.4          59.1             0.194              1.91715                     0.219912
6     12     0.4          59.1             0.198              1.71534                     0.208016
6     12     0.4          59.1             0.202              1.69012                     0.20648
6     12     0.4          59.1             0.206              1.41263                     0.188771
6     12     0.4          59.1             0.21              1.84147                     0.215528
6     12     0.4          59.1             0.214              1.66489                     0.204934
6     12     0.4          59.1             0.218              2.19463                     0.235289
6     12     0.4          59.1             0.222              1.99282                     0.22421
6     12     0.4          59.1             0.226              1.84147                     0.215528
6     12     0.4          59.1             0.23              1.51354                     0.195397
6     12     0.4          59.1             0.234              1.69012                     0.20648
6     12     0.4          59.1             0.238              2.19463                     0.235289
6     12     0.4          59.1             0.242              1.79102                     0.212555
6     12     0.4          59.1             0.246              1.79102                     0.212555
6     12     0.4          59.1             0.25              1.91715                     0.219912
6     12     0.4          59.1             0.254              1.86669                     0.216999
6     12     0.4          59.1             0.258              2.04327                     0.22703
6     12     0.4          59.1             0.262              1.94237                     0.221354
6     12     0.4          59.1             0.266              2.1694                     0.233933
6     12     0.4          59.1             0.27              1.71534                     0.208016
6     12     0.4          59.1             0.274              2.14418                     0.232569
6     12     0.4          59.1             0.278              2.24508                     0.237978
6     12     0.4          59.1             0.282              2.52256                     0.252256
6     12     0.4          59.1             0.286              2.19463                     0.235289
6     12     0.4          59.1             0.29              2.44688                     0.248443
6     12     0.4          59.1             0.294              1.91715                     0.219912
6     12     0.4          59.1             0.298              2.62346                     0.257252
6     12     0.4          59.1             0.302              3.32978                     0.28982
6     12     0.4          59.1             0.306              2.34598                     0.243267
6     12     0.4          59.1             0.31              2.90094                     0.270514
6     12     0.4          59.1             0.314              3.07752                     0.278626
6     12     0.4          59.1             0.318              3.50636                     0.297406
6     12     0.4          59.1             0.322              3.02707                     0.276333
6     12     0.4          59.1             0.326              3.78384                     0.308949
6     12     0.4          59.1             0.33              3.22888                     0.285395
6     12     0.4          59.1             0.334              3.48113                     0.296334
6     12     0.4          59.1             0.338              3.27933                     0.287616
6     12     0.4          59.1             0.342              3.60726                     0.301654
6     12     0.4          59.1             0.346              3.96042                     0.316076
6     12     0.4          59.1             0.35              1.23605                     0.176579
6     12     0.4          59.1             0.354              0                     0
6     12     0.4          59.1             0.358              0                     0
6     12     0.4          59.1             0.362              0                     0
6     12     0.4          59.1             0.366              0                     0
6     12     0.4          59.1             0.37              0                     0
6     12     0.4          59.1             0.374              0                     0
6     12     0.4          59.1             0.378              0                     0
6     12     0.4          59.1             0.382              0                     0
6     12     0.4          59.1             0.386              0                     0
6     12     0.4          59.1             0.39              0                     0
6     12     0.4          59.1             0.394              0                     0
*******************************************************************************************************
 Average angle 59.5087 +- 0.475735 deg 
 Average E' 0.263341 +- 0.00210524 GeV 
