*******************************************************************************************************
Z     A     E(GeV)     Theta(deg)     Energy Loss(GeV)     Sigma(nb/sr/GeV)     ERROR     Citation     
*******************************************************************************************************
6     12     0.2          157.6             0.001              0                     0
6     12     0.2          157.6             0.003              0                     0
6     12     0.2          157.6             0.005              0                     0
6     12     0.2          157.6             0.007              0                     0
6     12     0.2          157.6             0.009              0.128477                     0.0908472
6     12     0.2          157.6             0.011              0.256955                     0.128477
6     12     0.2          157.6             0.013              0.321193                     0.143642
6     12     0.2          157.6             0.015              0.256955                     0.128477
6     12     0.2          157.6             0.017              0.321193                     0.143642
6     12     0.2          157.6             0.019              0.578148                     0.192716
6     12     0.2          157.6             0.021              0.385432                     0.157352
6     12     0.2          157.6             0.023              0.578148                     0.192716
6     12     0.2          157.6             0.025              0.578148                     0.192716
6     12     0.2          157.6             0.027              1.28477                     0.287284
6     12     0.2          157.6             0.029              0.835103                     0.231616
6     12     0.2          157.6             0.031              1.22054                     0.28001
6     12     0.2          157.6             0.033              1.1563                     0.272542
6     12     0.2          157.6             0.035              0.835103                     0.231616
6     12     0.2          157.6             0.037              1.09206                     0.264863
6     12     0.2          157.6             0.039              1.09206                     0.264863
6     12     0.2          157.6             0.041              1.28477                     0.287284
6     12     0.2          157.6             0.043              1.92716                     0.35185
6     12     0.2          157.6             0.045              1.02782                     0.256955
6     12     0.2          157.6             0.047              2.11988                     0.369023
6     12     0.2          157.6             0.049              1.60597                     0.321193
6     12     0.2          157.6             0.051              2.18412                     0.374573
6     12     0.2          157.6             0.053              2.18412                     0.374573
6     12     0.2          157.6             0.055              3.01922                     0.440398
6     12     0.2          157.6             0.057              2.18412                     0.374573
6     12     0.2          157.6             0.059              2.37683                     0.390749
6     12     0.2          157.6             0.061              2.63379                     0.411328
6     12     0.2          157.6             0.063              2.56955                     0.406281
6     12     0.2          157.6             0.065              2.95498                     0.435688
6     12     0.2          157.6             0.067              2.37683                     0.390749
6     12     0.2          157.6             0.069              1.22054                     0.28001
6     12     0.2          157.6             0.071              1.54173                     0.314704
6     12     0.2          157.6             0.073              2.44107                     0.395994
6     12     0.2          157.6             0.075              2.11988                     0.369023
6     12     0.2          157.6             0.077              2.44107                     0.395994
6     12     0.2          157.6             0.079              2.11988                     0.369023
6     12     0.2          157.6             0.081              1.22054                     0.28001
6     12     0.2          157.6             0.083              1.60597                     0.321193
6     12     0.2          157.6             0.085              2.05564                     0.363389
6     12     0.2          157.6             0.087              1.60597                     0.321193
6     12     0.2          157.6             0.089              2.37683                     0.390749
6     12     0.2          157.6             0.091              1.92716                     0.35185
6     12     0.2          157.6             0.093              1.60597                     0.321193
6     12     0.2          157.6             0.095              1.28477                     0.287284
6     12     0.2          157.6             0.097              0.96358                     0.248795
6     12     0.2          157.6             0.099              0.96358                     0.248795
6     12     0.2          157.6             0.101              1.28477                     0.287284
6     12     0.2          157.6             0.103              1.1563                     0.272542
6     12     0.2          157.6             0.105              1.34901                     0.294379
6     12     0.2          157.6             0.107              1.02782                     0.256955
6     12     0.2          157.6             0.109              0.835103                     0.231616
6     12     0.2          157.6             0.111              0.578148                     0.192716
6     12     0.2          157.6             0.113              0.770864                     0.222529
6     12     0.2          157.6             0.115              0.96358                     0.248795
6     12     0.2          157.6             0.117              0.770864                     0.222529
6     12     0.2          157.6             0.119              0.899342                     0.240359
6     12     0.2          157.6             0.121              0.578148                     0.192716
6     12     0.2          157.6             0.123              0.385432                     0.157352
6     12     0.2          157.6             0.125              0.321193                     0.143642
6     12     0.2          157.6             0.127              0.642387                     0.203141
6     12     0.2          157.6             0.129              0.256955                     0.128477
6     12     0.2          157.6             0.131              0.449671                     0.16996
6     12     0.2          157.6             0.133              0.449671                     0.16996
6     12     0.2          157.6             0.135              0.256955                     0.128477
6     12     0.2          157.6             0.137              0.385432                     0.157352
6     12     0.2          157.6             0.139              0.256955                     0.128477
6     12     0.2          157.6             0.141              0.321193                     0.143642
6     12     0.2          157.6             0.143              0.321193                     0.143642
6     12     0.2          157.6             0.145              0.706626                     0.213056
6     12     0.2          157.6             0.147              0.321193                     0.143642
6     12     0.2          157.6             0.149              0.385432                     0.157352
6     12     0.2          157.6             0.151              0.256955                     0.128477
6     12     0.2          157.6             0.153              0.321193                     0.143642
6     12     0.2          157.6             0.155              0.449671                     0.16996
6     12     0.2          157.6             0.157              0.192716                     0.111265
6     12     0.2          157.6             0.159              0.128477                     0.0908472
6     12     0.2          157.6             0.161              0.256955                     0.128477
6     12     0.2          157.6             0.163              0.899342                     0.240359
6     12     0.2          157.6             0.165              0.256955                     0.128477
6     12     0.2          157.6             0.167              0.256955                     0.128477
6     12     0.2          157.6             0.169              0.192716                     0.111265
6     12     0.2          157.6             0.171              0.642387                     0.203141
6     12     0.2          157.6             0.173              0.770864                     0.222529
6     12     0.2          157.6             0.175              0.0642387                     0.0642387
6     12     0.2          157.6             0.177              0                     0
6     12     0.2          157.6             0.179              0                     0
6     12     0.2          157.6             0.181              0                     0
6     12     0.2          157.6             0.183              0                     0
6     12     0.2          157.6             0.185              0                     0
6     12     0.2          157.6             0.187              0                     0
6     12     0.2          157.6             0.189              0                     0
6     12     0.2          157.6             0.191              0                     0
6     12     0.2          157.6             0.193              0                     0
6     12     0.2          157.6             0.195              0                     0
6     12     0.2          157.6             0.197              0                     0
*******************************************************************************************************
 Average angle 158.185 +- 4.24438 deg 
 Average E' 0.122503 +- 0.00328696 GeV 
