*******************************************************************************************************
Z     A     E(GeV)     Theta(deg)     Energy Loss(GeV)     Sigma(nb/sr/GeV)     ERROR     Citation     
*******************************************************************************************************
6     12     3.595          142.6             0.017975              0                     0
6     12     3.595          142.6             0.053925              0                     0
6     12     3.595          142.6             0.089875              0                     0
6     12     3.595          142.6             0.125825              0                     0
6     12     3.595          142.6             0.161775              0                     0
6     12     3.595          142.6             0.197725              0                     0
6     12     3.595          142.6             0.233675              0                     0
6     12     3.595          142.6             0.269625              0                     0
6     12     3.595          142.6             0.305575              0                     0
6     12     3.595          142.6             0.341525              0                     0
6     12     3.595          142.6             0.377475              0                     0
6     12     3.595          142.6             0.413425              0                     0
6     12     3.595          142.6             0.449375              0                     0
6     12     3.595          142.6             0.485325              0                     0
6     12     3.595          142.6             0.521275              0                     0
6     12     3.595          142.6             0.557225              0                     0
6     12     3.595          142.6             0.593175              0                     0
6     12     3.595          142.6             0.629125              0                     0
6     12     3.595          142.6             0.665075              0                     0
6     12     3.595          142.6             0.701025              0                     0
6     12     3.595          142.6             0.736975              0                     0
6     12     3.595          142.6             0.772925              0                     0
6     12     3.595          142.6             0.808875              0                     0
6     12     3.595          142.6             0.844825              0                     0
6     12     3.595          142.6             0.880775              0                     0
6     12     3.595          142.6             0.916725              0                     0
6     12     3.595          142.6             0.952675              0                     0
6     12     3.595          142.6             0.988625              0                     0
6     12     3.595          142.6             1.02458              0                     0
6     12     3.595          142.6             1.06053              0                     0
6     12     3.595          142.6             1.09648              0                     0
6     12     3.595          142.6             1.13243              0                     0
6     12     3.595          142.6             1.16838              0                     0
6     12     3.595          142.6             1.20433              0                     0
6     12     3.595          142.6             1.24028              0                     0
6     12     3.595          142.6             1.27623              0                     0
6     12     3.595          142.6             1.31218              0                     0
6     12     3.595          142.6             1.34813              0                     0
6     12     3.595          142.6             1.38408              0                     0
6     12     3.595          142.6             1.42003              0                     0
6     12     3.595          142.6             1.45598              0                     0
6     12     3.595          142.6             1.49193              0                     0
6     12     3.595          142.6             1.52788              0                     0
6     12     3.595          142.6             1.56383              0                     0
6     12     3.595          142.6             1.59978              0                     0
6     12     3.595          142.6             1.63573              0                     0
6     12     3.595          142.6             1.67168              0                     0
6     12     3.595          142.6             1.70763              0                     0
6     12     3.595          142.6             1.74358              0                     0
6     12     3.595          142.6             1.77953              0                     0
6     12     3.595          142.6             1.81548              0                     0
6     12     3.595          142.6             1.85143              0                     0
6     12     3.595          142.6             1.88738              0                     0
6     12     3.595          142.6             1.92333              0                     0
6     12     3.595          142.6             1.95928              0                     0
6     12     3.595          142.6             1.99523              0                     0
6     12     3.595          142.6             2.03118              0                     0
6     12     3.595          142.6             2.06712              0                     0
6     12     3.595          142.6             2.10308              0                     0
6     12     3.595          142.6             2.13903              0                     0
6     12     3.595          142.6             2.17497              0                     0
6     12     3.595          142.6             2.21093              0                     0
6     12     3.595          142.6             2.24688              0                     0
6     12     3.595          142.6             2.28282              0                     0
6     12     3.595          142.6             2.31878              0                     0
6     12     3.595          142.6             2.35473              0                     0
6     12     3.595          142.6             2.39067              0                     0
6     12     3.595          142.6             2.42663              0                     0
6     12     3.595          142.6             2.46258              0                     0
6     12     3.595          142.6             2.49852              0                     0
6     12     3.595          142.6             2.53448              0                     0
6     12     3.595          142.6             2.57043              0                     0
6     12     3.595          142.6             2.60637              0                     0
6     12     3.595          142.6             2.64233              0                     0
6     12     3.595          142.6             2.67828              0                     0
6     12     3.595          142.6             2.71422              0                     0
6     12     3.595          142.6             2.75018              0                     0
6     12     3.595          142.6             2.78613              0                     0
6     12     3.595          142.6             2.82207              0                     0
6     12     3.595          142.6             2.85803              0                     0
6     12     3.595          142.6             2.89398              0                     0
6     12     3.595          142.6             2.92992              0                     0
6     12     3.595          142.6             2.96588              0                     0
6     12     3.595          142.6             3.00183              0                     0
6     12     3.595          142.6             3.03777              0                     0
6     12     3.595          142.6             3.07373              0                     0
6     12     3.595          142.6             3.10968              0                     0
6     12     3.595          142.6             3.14562              0                     0
6     12     3.595          142.6             3.18158              0                     0
6     12     3.595          142.6             3.21753              0                     0
6     12     3.595          142.6             3.25347              0.0088563                     0.0088563
6     12     3.595          142.6             3.28943              0                     0
6     12     3.595          142.6             3.32538              0                     0
6     12     3.595          142.6             3.36132              0                     0
6     12     3.595          142.6             3.39728              0.0088563                     0.0088563
6     12     3.595          142.6             3.43323              0                     0
6     12     3.595          142.6             3.46917              0                     0
6     12     3.595          142.6             3.50513              0.0088563                     0.0088563
6     12     3.595          142.6             3.54108              0                     0
*******************************************************************************************************
 Average angle 143.62 +- 54.2834 deg 
 Average E' 0.103958 +- 0.0392926 GeV 
