*******************************************************************************************************
Z     A     E(GeV)     Theta(deg)     Energy Loss(GeV)     Sigma(nb/sr/GeV)     ERROR     Citation     
*******************************************************************************************************
6     12     0.4          74.6             0.002              0                     0
6     12     0.4          74.6             0.006              0                     0
6     12     0.4          74.6             0.01              0                     0
6     12     0.4          74.6             0.014              0.0224513                     0.0224513
6     12     0.4          74.6             0.018              0.246964                     0.0744626
6     12     0.4          74.6             0.022              0.291867                     0.0809494
6     12     0.4          74.6             0.026              0.269416                     0.0777736
6     12     0.4          74.6             0.03              0.561283                     0.112257
6     12     0.4          74.6             0.034              0.471478                     0.102885
6     12     0.4          74.6             0.038              0.740893                     0.128973
6     12     0.4          74.6             0.042              0.987858                     0.148925
6     12     0.4          74.6             0.046              1.27972                     0.169504
6     12     0.4          74.6             0.05              1.68385                     0.194434
6     12     0.4          74.6             0.054              1.59404                     0.189178
6     12     0.4          74.6             0.058              1.6614                     0.193133
6     12     0.4          74.6             0.062              2.37984                     0.23115
6     12     0.4          74.6             0.066              2.40229                     0.232238
6     12     0.4          74.6             0.07              2.5819                     0.240764
6     12     0.4          74.6             0.074              2.87377                     0.254008
6     12     0.4          74.6             0.078              3.63711                     0.285759
6     12     0.4          74.6             0.082              3.32279                     0.273132
6     12     0.4          74.6             0.086              3.63711                     0.285759
6     12     0.4          74.6             0.09              3.81672                     0.292729
6     12     0.4          74.6             0.094              4.15349                     0.305371
6     12     0.4          74.6             0.098              4.06369                     0.302052
6     12     0.4          74.6             0.102              4.22085                     0.307837
6     12     0.4          74.6             0.106              4.17594                     0.306195
6     12     0.4          74.6             0.11              3.86163                     0.294446
6     12     0.4          74.6             0.114              4.3331                     0.311904
6     12     0.4          74.6             0.118              4.26575                     0.30947
6     12     0.4          74.6             0.122              3.79427                     0.291867
6     12     0.4          74.6             0.126              4.08614                     0.302885
6     12     0.4          74.6             0.13              3.34525                     0.274053
6     12     0.4          74.6             0.134              3.32279                     0.273132
6     12     0.4          74.6             0.138              2.91867                     0.255984
6     12     0.4          74.6             0.142              3.68202                     0.287517
6     12     0.4          74.6             0.146              3.5024                     0.280417
6     12     0.4          74.6             0.15              3.27789                     0.27128
6     12     0.4          74.6             0.154              2.40229                     0.232238
6     12     0.4          74.6             0.158              2.78396                     0.250007
6     12     0.4          74.6             0.162              2.22268                     0.223388
6     12     0.4          74.6             0.166              2.02062                     0.212992
6     12     0.4          74.6             0.17              1.77365                     0.199552
6     12     0.4          74.6             0.174              2.02062                     0.212992
6     12     0.4          74.6             0.178              1.79611                     0.200811
6     12     0.4          74.6             0.182              1.30218                     0.170984
6     12     0.4          74.6             0.186              1.30218                     0.170984
6     12     0.4          74.6             0.19              1.21237                     0.164983
6     12     0.4          74.6             0.194              1.18992                     0.163448
6     12     0.4          74.6             0.198              1.21237                     0.164983
6     12     0.4          74.6             0.202              1.05521                     0.153918
6     12     0.4          74.6             0.206              1.30218                     0.170984
6     12     0.4          74.6             0.21              1.21237                     0.164983
6     12     0.4          74.6             0.214              1.05521                     0.153918
6     12     0.4          74.6             0.218              1.12257                     0.158755
6     12     0.4          74.6             0.222              0.920504                     0.143759
6     12     0.4          74.6             0.226              0.942955                     0.145501
6     12     0.4          74.6             0.23              1.21237                     0.164983
6     12     0.4          74.6             0.234              1.10011                     0.157159
6     12     0.4          74.6             0.238              1.03276                     0.152272
6     12     0.4          74.6             0.242              0.763345                     0.130913
6     12     0.4          74.6             0.246              0.987858                     0.148925
6     12     0.4          74.6             0.25              1.18992                     0.163448
6     12     0.4          74.6             0.254              1.27972                     0.169504
6     12     0.4          74.6             0.258              1.16747                     0.161899
6     12     0.4          74.6             0.262              1.07766                     0.155547
6     12     0.4          74.6             0.266              1.30218                     0.170984
6     12     0.4          74.6             0.27              1.32463                     0.172452
6     12     0.4          74.6             0.274              1.36953                     0.17535
6     12     0.4          74.6             0.278              1.12257                     0.158755
6     12     0.4          74.6             0.282              1.07766                     0.155547
6     12     0.4          74.6             0.286              1.25727                     0.16801
6     12     0.4          74.6             0.29              1.34708                     0.173907
6     12     0.4          74.6             0.294              1.36953                     0.17535
6     12     0.4          74.6             0.298              1.21237                     0.164983
6     12     0.4          74.6             0.302              1.52669                     0.185138
6     12     0.4          74.6             0.306              1.39198                     0.176782
6     12     0.4          74.6             0.31              1.39198                     0.176782
6     12     0.4          74.6             0.314              1.45934                     0.181008
6     12     0.4          74.6             0.318              1.59404                     0.189178
6     12     0.4          74.6             0.322              1.7063                     0.195726
6     12     0.4          74.6             0.326              1.86346                     0.204541
6     12     0.4          74.6             0.33              1.7063                     0.195726
6     12     0.4          74.6             0.334              2.17778                     0.22112
6     12     0.4          74.6             0.338              2.94112                     0.256967
6     12     0.4          74.6             0.342              2.89622                     0.254998
6     12     0.4          74.6             0.346              2.69416                     0.245942
6     12     0.4          74.6             0.35              3.4575                     0.278613
6     12     0.4          74.6             0.354              2.78396                     0.250007
6     12     0.4          74.6             0.358              2.98602                     0.258921
6     12     0.4          74.6             0.362              3.72692                     0.289265
6     12     0.4          74.6             0.366              2.15533                     0.219977
6     12     0.4          74.6             0.37              0                     0
6     12     0.4          74.6             0.374              0                     0
6     12     0.4          74.6             0.378              0                     0
6     12     0.4          74.6             0.382              0                     0
6     12     0.4          74.6             0.386              0                     0
6     12     0.4          74.6             0.39              0                     0
6     12     0.4          74.6             0.394              0                     0
*******************************************************************************************************
 Average angle 75.0199 +- 0.837911 deg 
 Average E' 0.215611 +- 0.0024082 GeV 
