*******************************************************************************************************
Z     A     E(GeV)     Theta(deg)     Energy Loss(GeV)     Sigma(nb/sr/GeV)     ERROR     Citation     
*******************************************************************************************************
6     12     0.74          139.2             0.0037              0                     0
6     12     0.74          139.2             0.0111              0                     0
6     12     0.74          139.2             0.0185              0                     0
6     12     0.74          139.2             0.0259              0                     0
6     12     0.74          139.2             0.0333              0                     0
6     12     0.74          139.2             0.0407              0                     0
6     12     0.74          139.2             0.0481              0                     0
6     12     0.74          139.2             0.0555              0                     0
6     12     0.74          139.2             0.0629              0                     0
6     12     0.74          139.2             0.0703              0                     0
6     12     0.74          139.2             0.0777              0                     0
6     12     0.74          139.2             0.0851              0                     0
6     12     0.74          139.2             0.0925              0                     0
6     12     0.74          139.2             0.0999              0                     0
6     12     0.74          139.2             0.1073              0                     0
6     12     0.74          139.2             0.1147              0                     0
6     12     0.74          139.2             0.1221              0                     0
6     12     0.74          139.2             0.1295              0                     0
6     12     0.74          139.2             0.1369              0                     0
6     12     0.74          139.2             0.1443              0                     0
6     12     0.74          139.2             0.1517              0                     0
6     12     0.74          139.2             0.1591              0                     0
6     12     0.74          139.2             0.1665              0                     0
6     12     0.74          139.2             0.1739              0                     0
6     12     0.74          139.2             0.1813              0                     0
6     12     0.74          139.2             0.1887              0                     0
6     12     0.74          139.2             0.1961              0                     0
6     12     0.74          139.2             0.2035              0                     0
6     12     0.74          139.2             0.2109              0                     0
6     12     0.74          139.2             0.2183              0                     0
6     12     0.74          139.2             0.2257              0                     0
6     12     0.74          139.2             0.2331              0                     0
6     12     0.74          139.2             0.2405              0                     0
6     12     0.74          139.2             0.2479              0                     0
6     12     0.74          139.2             0.2553              0                     0
6     12     0.74          139.2             0.2627              0                     0
6     12     0.74          139.2             0.2701              0                     0
6     12     0.74          139.2             0.2775              0                     0
6     12     0.74          139.2             0.2849              0                     0
6     12     0.74          139.2             0.2923              0                     0
6     12     0.74          139.2             0.2997              0                     0
6     12     0.74          139.2             0.3071              0                     0
6     12     0.74          139.2             0.3145              0                     0
6     12     0.74          139.2             0.3219              0.022913                     0.022913
6     12     0.74          139.2             0.3293              0                     0
6     12     0.74          139.2             0.3367              0                     0
6     12     0.74          139.2             0.3441              0.022913                     0.022913
6     12     0.74          139.2             0.3515              0.0458259                     0.0324038
6     12     0.74          139.2             0.3589              0.022913                     0.022913
6     12     0.74          139.2             0.3663              0.022913                     0.022913
6     12     0.74          139.2             0.3737              0.0916518                     0.0458259
6     12     0.74          139.2             0.3811              0.0458259                     0.0324038
6     12     0.74          139.2             0.3885              0.114565                     0.0512349
6     12     0.74          139.2             0.3959              0.0687389                     0.0396864
6     12     0.74          139.2             0.4033              0.114565                     0.0512349
6     12     0.74          139.2             0.4107              0.0916518                     0.0458259
6     12     0.74          139.2             0.4181              0.160391                     0.060622
6     12     0.74          139.2             0.4255              0.137478                     0.056125
6     12     0.74          139.2             0.4329              0.114565                     0.0512349
6     12     0.74          139.2             0.4403              0.0916518                     0.0458259
6     12     0.74          139.2             0.4477              0.137478                     0.056125
6     12     0.74          139.2             0.4551              0.183304                     0.0648076
6     12     0.74          139.2             0.4625              0.0916518                     0.0458259
6     12     0.74          139.2             0.4699              0.160391                     0.060622
6     12     0.74          139.2             0.4773              0.114565                     0.0512349
6     12     0.74          139.2             0.4847              0.274955                     0.0793728
6     12     0.74          139.2             0.4921              0.297868                     0.0826138
6     12     0.74          139.2             0.4995              0.0916518                     0.0458259
6     12     0.74          139.2             0.5069              0.160391                     0.060622
6     12     0.74          139.2             0.5143              0.160391                     0.060622
6     12     0.74          139.2             0.5217              0.160391                     0.060622
6     12     0.74          139.2             0.5291              0.252042                     0.0759937
6     12     0.74          139.2             0.5365              0.160391                     0.060622
6     12     0.74          139.2             0.5439              0.206217                     0.0687389
6     12     0.74          139.2             0.5513              0.114565                     0.0512349
6     12     0.74          139.2             0.5587              0.206217                     0.0687389
6     12     0.74          139.2             0.5661              0.183304                     0.0648076
6     12     0.74          139.2             0.5735              0.114565                     0.0512349
6     12     0.74          139.2             0.5809              0.160391                     0.060622
6     12     0.74          139.2             0.5883              0.137478                     0.056125
6     12     0.74          139.2             0.5957              0.274955                     0.0793728
6     12     0.74          139.2             0.6031              0.183304                     0.0648076
6     12     0.74          139.2             0.6105              0.114565                     0.0512349
6     12     0.74          139.2             0.6179              0.22913                     0.0724571
6     12     0.74          139.2             0.6253              0.252042                     0.0759937
6     12     0.74          139.2             0.6327              0.0458259                     0.0324038
6     12     0.74          139.2             0.6401              0.297868                     0.0826138
6     12     0.74          139.2             0.6475              0.137478                     0.056125
6     12     0.74          139.2             0.6549              0.114565                     0.0512349
6     12     0.74          139.2             0.6623              0.252042                     0.0759937
6     12     0.74          139.2             0.6697              0.458259                     0.10247
6     12     0.74          139.2             0.6771              0.160391                     0.060622
6     12     0.74          139.2             0.6845              0.320781                     0.0857324
6     12     0.74          139.2             0.6919              0.22913                     0.0724571
6     12     0.74          139.2             0.6993              0.183304                     0.0648076
6     12     0.74          139.2             0.7067              0.206217                     0.0687389
6     12     0.74          139.2             0.7141              0.114565                     0.0512349
6     12     0.74          139.2             0.7215              0.160391                     0.060622
6     12     0.74          139.2             0.7289              0.206217                     0.0687389
*******************************************************************************************************
 Average angle 139.482 +- 7.25133 deg 
 Average E' 0.170898 +- 0.00888456 GeV 
