*******************************************************************************************************
Z     A     E(GeV)     Theta(deg)     Energy Loss(GeV)     Sigma(nb/sr/GeV)     ERROR     Citation     
*******************************************************************************************************
6     12     0.4          164.5             0.002              0                     0
6     12     0.4          164.5             0.006              0                     0
6     12     0.4          164.5             0.01              0                     0
6     12     0.4          164.5             0.014              0                     0
6     12     0.4          164.5             0.018              0                     0
6     12     0.4          164.5             0.022              0                     0
6     12     0.4          164.5             0.026              0                     0
6     12     0.4          164.5             0.03              0                     0
6     12     0.4          164.5             0.034              0                     0
6     12     0.4          164.5             0.038              0                     0
6     12     0.4          164.5             0.042              0                     0
6     12     0.4          164.5             0.046              0                     0
6     12     0.4          164.5             0.05              0                     0
6     12     0.4          164.5             0.054              0                     0
6     12     0.4          164.5             0.058              0                     0
6     12     0.4          164.5             0.062              0                     0
6     12     0.4          164.5             0.066              0                     0
6     12     0.4          164.5             0.07              0                     0
6     12     0.4          164.5             0.074              0                     0
6     12     0.4          164.5             0.078              0                     0
6     12     0.4          164.5             0.082              0                     0
6     12     0.4          164.5             0.086              0                     0
6     12     0.4          164.5             0.09              0                     0
6     12     0.4          164.5             0.094              0                     0
6     12     0.4          164.5             0.098              0                     0
6     12     0.4          164.5             0.102              0                     0
6     12     0.4          164.5             0.106              0.0809959                     0.0809959
6     12     0.4          164.5             0.11              0                     0
6     12     0.4          164.5             0.114              0.0809959                     0.0809959
6     12     0.4          164.5             0.118              0.0809959                     0.0809959
6     12     0.4          164.5             0.122              0                     0
6     12     0.4          164.5             0.126              0.0809959                     0.0809959
6     12     0.4          164.5             0.13              0.161992                     0.114545
6     12     0.4          164.5             0.134              0.161992                     0.114545
6     12     0.4          164.5             0.138              0.161992                     0.114545
6     12     0.4          164.5             0.142              0                     0
6     12     0.4          164.5             0.146              0.0809959                     0.0809959
6     12     0.4          164.5             0.15              0.485975                     0.198399
6     12     0.4          164.5             0.154              0                     0
6     12     0.4          164.5             0.158              0.0809959                     0.0809959
6     12     0.4          164.5             0.162              0.485975                     0.198399
6     12     0.4          164.5             0.166              0.404979                     0.181112
6     12     0.4          164.5             0.17              0.161992                     0.114545
6     12     0.4          164.5             0.174              0.242988                     0.140289
6     12     0.4          164.5             0.178              0.161992                     0.114545
6     12     0.4          164.5             0.182              0.404979                     0.181112
6     12     0.4          164.5             0.186              0.242988                     0.140289
6     12     0.4          164.5             0.19              0.0809959                     0.0809959
6     12     0.4          164.5             0.194              0.485975                     0.198399
6     12     0.4          164.5             0.198              0.323984                     0.161992
6     12     0.4          164.5             0.202              0.242988                     0.140289
6     12     0.4          164.5             0.206              0.404979                     0.181112
6     12     0.4          164.5             0.21              0.242988                     0.140289
6     12     0.4          164.5             0.214              0.0809959                     0.0809959
6     12     0.4          164.5             0.218              0.242988                     0.140289
6     12     0.4          164.5             0.222              0.242988                     0.140289
6     12     0.4          164.5             0.226              0.161992                     0.114545
6     12     0.4          164.5             0.23              0.323984                     0.161992
6     12     0.4          164.5             0.234              0.404979                     0.181112
6     12     0.4          164.5             0.238              0.323984                     0.161992
6     12     0.4          164.5             0.242              0.404979                     0.181112
6     12     0.4          164.5             0.246              0.323984                     0.161992
6     12     0.4          164.5             0.25              0.0809959                     0.0809959
6     12     0.4          164.5             0.254              0.323984                     0.161992
6     12     0.4          164.5             0.258              0.242988                     0.140289
6     12     0.4          164.5             0.262              0                     0
6     12     0.4          164.5             0.266              0.161992                     0.114545
6     12     0.4          164.5             0.27              0.566971                     0.214295
6     12     0.4          164.5             0.274              0                     0
6     12     0.4          164.5             0.278              0.323984                     0.161992
6     12     0.4          164.5             0.282              0.161992                     0.114545
6     12     0.4          164.5             0.286              0.242988                     0.140289
6     12     0.4          164.5             0.29              0.242988                     0.140289
6     12     0.4          164.5             0.294              0.323984                     0.161992
6     12     0.4          164.5             0.298              0.161992                     0.114545
6     12     0.4          164.5             0.302              0.242988                     0.140289
6     12     0.4          164.5             0.306              0.242988                     0.140289
6     12     0.4          164.5             0.31              0.404979                     0.181112
6     12     0.4          164.5             0.314              0.242988                     0.140289
6     12     0.4          164.5             0.318              0.566971                     0.214295
6     12     0.4          164.5             0.322              0.404979                     0.181112
6     12     0.4          164.5             0.326              0.485975                     0.198399
6     12     0.4          164.5             0.33              0.242988                     0.140289
6     12     0.4          164.5             0.334              0.323984                     0.161992
6     12     0.4          164.5             0.338              0.809959                     0.256131
6     12     0.4          164.5             0.342              0.809959                     0.256131
6     12     0.4          164.5             0.346              0.161992                     0.114545
6     12     0.4          164.5             0.35              0.728963                     0.242988
6     12     0.4          164.5             0.354              0.566971                     0.214295
6     12     0.4          164.5             0.358              0.404979                     0.181112
6     12     0.4          164.5             0.362              0.728963                     0.242988
6     12     0.4          164.5             0.366              0.890955                     0.268633
6     12     0.4          164.5             0.37              0.971951                     0.280578
6     12     0.4          164.5             0.374              1.21494                     0.313696
6     12     0.4          164.5             0.378              1.61992                     0.362225
6     12     0.4          164.5             0.382              1.86291                     0.388443
6     12     0.4          164.5             0.386              1.29593                     0.323984
6     12     0.4          164.5             0.39              0                     0
6     12     0.4          164.5             0.394              0                     0
*******************************************************************************************************
 Average angle 164.821 +- 9.21377 deg 
 Average E' 0.101814 +- 0.00569156 GeV 
