*******************************************************************************************************
Z     A     E(GeV)     Theta(deg)     Energy Loss(GeV)     Sigma(nb/sr/GeV)     ERROR     Citation     
*******************************************************************************************************
6     12     0.32          141             0.0016              0                     0
6     12     0.32          141             0.0048              0                     0
6     12     0.32          141             0.008              0                     0
6     12     0.32          141             0.0112              0                     0
6     12     0.32          141             0.0144              0                     0
6     12     0.32          141             0.0176              0                     0
6     12     0.32          141             0.0208              0                     0
6     12     0.32          141             0.024              0                     0
6     12     0.32          141             0.0272              0.0371467                     0.0371467
6     12     0.32          141             0.0304              0                     0
6     12     0.32          141             0.0336              0.0371467                     0.0371467
6     12     0.32          141             0.0368              0                     0
6     12     0.32          141             0.04              0.0742935                     0.0525334
6     12     0.32          141             0.0432              0.0742935                     0.0525334
6     12     0.32          141             0.0464              0.11144                     0.06434
6     12     0.32          141             0.0496              0.11144                     0.06434
6     12     0.32          141             0.0528              0.0742935                     0.0525334
6     12     0.32          141             0.056              0.0742935                     0.0525334
6     12     0.32          141             0.0592              0.11144                     0.06434
6     12     0.32          141             0.0624              0.0742935                     0.0525334
6     12     0.32          141             0.0656              0.11144                     0.06434
6     12     0.32          141             0.0688              0.297174                     0.105067
6     12     0.32          141             0.072              0.22288                     0.0909905
6     12     0.32          141             0.0752              0.297174                     0.105067
6     12     0.32          141             0.0784              0.297174                     0.105067
6     12     0.32          141             0.0816              0.557201                     0.143869
6     12     0.32          141             0.0848              0.371467                     0.117468
6     12     0.32          141             0.088              0.185734                     0.0830626
6     12     0.32          141             0.0912              0.371467                     0.117468
6     12     0.32          141             0.0944              0.520054                     0.13899
6     12     0.32          141             0.0976              0.520054                     0.13899
6     12     0.32          141             0.1008              1.04011                     0.196562
6     12     0.32          141             0.104              0.334321                     0.11144
6     12     0.32          141             0.1072              1.22584                     0.213392
6     12     0.32          141             0.1104              0.594348                     0.148587
6     12     0.32          141             0.1136              0.668641                     0.1576
6     12     0.32          141             0.1168              0.928668                     0.185734
6     12     0.32          141             0.12              0.891522                     0.181981
6     12     0.32          141             0.1232              0.742935                     0.166125
6     12     0.32          141             0.1264              0.965815                     0.189412
6     12     0.32          141             0.1296              0.780081                     0.170228
6     12     0.32          141             0.1328              0.668641                     0.1576
6     12     0.32          141             0.136              0.854375                     0.178149
6     12     0.32          141             0.1392              0.705788                     0.161919
6     12     0.32          141             0.1424              0.891522                     0.181981
6     12     0.32          141             0.1456              0.668641                     0.1576
6     12     0.32          141             0.1488              0.965815                     0.189412
6     12     0.32          141             0.152              0.965815                     0.189412
6     12     0.32          141             0.1552              0.854375                     0.178149
6     12     0.32          141             0.1584              0.631494                     0.15316
6     12     0.32          141             0.1616              0.928668                     0.185734
6     12     0.32          141             0.1648              0.557201                     0.143869
6     12     0.32          141             0.168              0.928668                     0.185734
6     12     0.32          141             0.1712              0.668641                     0.1576
6     12     0.32          141             0.1744              0.520054                     0.13899
6     12     0.32          141             0.1776              0.594348                     0.148587
6     12     0.32          141             0.1808              0.780081                     0.170228
6     12     0.32          141             0.184              0.668641                     0.1576
6     12     0.32          141             0.1872              0.445761                     0.12868
6     12     0.32          141             0.1904              0.557201                     0.143869
6     12     0.32          141             0.1936              0.482908                     0.133934
6     12     0.32          141             0.1968              0.520054                     0.13899
6     12     0.32          141             0.2              0.408614                     0.123202
6     12     0.32          141             0.2032              0.371467                     0.117468
6     12     0.32          141             0.2064              0.705788                     0.161919
6     12     0.32          141             0.2096              0.631494                     0.15316
6     12     0.32          141             0.2128              0.482908                     0.133934
6     12     0.32          141             0.216              0.742935                     0.166125
6     12     0.32          141             0.2192              0.668641                     0.1576
6     12     0.32          141             0.2224              0.557201                     0.143869
6     12     0.32          141             0.2256              0.408614                     0.123202
6     12     0.32          141             0.2288              0.11144                     0.06434
6     12     0.32          141             0.232              0.445761                     0.12868
6     12     0.32          141             0.2352              0.594348                     0.148587
6     12     0.32          141             0.2384              0.557201                     0.143869
6     12     0.32          141             0.2416              0.334321                     0.11144
6     12     0.32          141             0.2448              0.482908                     0.133934
6     12     0.32          141             0.248              0.371467                     0.117468
6     12     0.32          141             0.2512              0.482908                     0.133934
6     12     0.32          141             0.2544              0.780081                     0.170228
6     12     0.32          141             0.2576              0.260027                     0.098281
6     12     0.32          141             0.2608              0.408614                     0.123202
6     12     0.32          141             0.264              0.631494                     0.15316
6     12     0.32          141             0.2672              0.668641                     0.1576
6     12     0.32          141             0.2704              0.594348                     0.148587
6     12     0.32          141             0.2736              0.742935                     0.166125
6     12     0.32          141             0.2768              0.742935                     0.166125
6     12     0.32          141             0.28              0.668641                     0.1576
6     12     0.32          141             0.2832              0.520054                     0.13899
6     12     0.32          141             0.2864              0.705788                     0.161919
6     12     0.32          141             0.2896              1.1144                     0.203461
6     12     0.32          141             0.2928              1.00296                     0.19302
6     12     0.32          141             0.296              1.04011                     0.196562
6     12     0.32          141             0.2992              1.52302                     0.237855
6     12     0.32          141             0.3024              0.780081                     0.170228
6     12     0.32          141             0.3056              0                     0
6     12     0.32          141             0.3088              0                     0
6     12     0.32          141             0.312              0                     0
6     12     0.32          141             0.3152              0                     0
*******************************************************************************************************
 Average angle 141.455 +- 3.93081 deg 
 Average E' 0.132489 +- 0.00368167 GeV 
