*******************************************************************************************************
Z     A     E(GeV)     Theta(deg)     Energy Loss(GeV)     Sigma(nb/sr/GeV)     ERROR     Citation     
*******************************************************************************************************
6     12     0.32          75             0.0016              0.0242019                     0.0242019
6     12     0.32          75             0.0048              0.0726056                     0.0419188
6     12     0.32          75             0.008              0.290422                     0.0838377
6     12     0.32          75             0.0112              0.677652                     0.128064
6     12     0.32          75             0.0144              1.01648                     0.156846
6     12     0.32          75             0.0176              1.54892                     0.193615
6     12     0.32          75             0.0208              2.03296                     0.221814
6     12     0.32          75             0.024              2.29918                     0.235891
6     12     0.32          75             0.0272              2.5654                     0.249173
6     12     0.32          75             0.0304              2.71061                     0.256128
6     12     0.32          75             0.0336              3.24305                     0.280157
6     12     0.32          75             0.0368              4.18692                     0.318326
6     12     0.32          75             0.04              4.76777                     0.339689
6     12     0.32          75             0.0432              5.32441                     0.358972
6     12     0.32          75             0.0464              5.78424                     0.374152
6     12     0.32          75             0.0496              6.60711                     0.39988
6     12     0.32          75             0.0528              6.34089                     0.391741
6     12     0.32          75             0.056              6.77652                     0.404974
6     12     0.32          75             0.0592              6.4861                     0.396201
6     12     0.32          75             0.0624              6.89753                     0.408574
6     12     0.32          75             0.0656              7.55098                     0.42749
6     12     0.32          75             0.0688              7.8172                     0.434961
6     12     0.32          75             0.072              7.35736                     0.421974
6     12     0.32          75             0.0752              7.26056                     0.419188
6     12     0.32          75             0.0784              6.99434                     0.411432
6     12     0.32          75             0.0816              7.38157                     0.422667
6     12     0.32          75             0.0848              7.59938                     0.428858
6     12     0.32          75             0.088              7.33316                     0.421279
6     12     0.32          75             0.0912              6.26828                     0.389492
6     12     0.32          75             0.0944              6.43769                     0.39472
6     12     0.32          75             0.0976              6.07467                     0.383429
6     12     0.32          75             0.1008              6.38929                     0.393234
6     12     0.32          75             0.104              5.46962                     0.363834
6     12     0.32          75             0.1072              4.86457                     0.343121
6     12     0.32          75             0.1104              5.08239                     0.350718
6     12     0.32          75             0.1136              4.84037                     0.342266
6     12     0.32          75             0.1168              4.30793                     0.322893
6     12     0.32          75             0.12              3.43666                     0.288398
6     12     0.32          75             0.1232              3.9691                     0.309935
6     12     0.32          75             0.1264              3.48507                     0.290422
6     12     0.32          75             0.1296              3.29145                     0.28224
6     12     0.32          75             0.1328              3.07364                     0.272741
6     12     0.32          75             0.136              2.51699                     0.246811
6     12     0.32          75             0.1392              2.88002                     0.264011
6     12     0.32          75             0.1424              2.49279                     0.245622
6     12     0.32          75             0.1456              1.69413                     0.202487
6     12     0.32          75             0.1488              1.79094                     0.208192
6     12     0.32          75             0.152              1.76674                     0.206781
6     12     0.32          75             0.1552              1.64573                     0.199574
6     12     0.32          75             0.1584              1.64573                     0.199574
6     12     0.32          75             0.1616              1.50052                     0.190566
6     12     0.32          75             0.1648              1.3553                     0.18111
6     12     0.32          75             0.168              1.23429                     0.172836
6     12     0.32          75             0.1712              1.3311                     0.179486
6     12     0.32          75             0.1744              1.04068                     0.158702
6     12     0.32          75             0.1776              1.2585                     0.174522
6     12     0.32          75             0.1808              1.45211                     0.187467
6     12     0.32          75             0.184              1.06488                     0.160537
6     12     0.32          75             0.1872              0.943872                     0.151141
6     12     0.32          75             0.1904              0.91967                     0.14919
6     12     0.32          75             0.1936              1.13749                     0.16592
6     12     0.32          75             0.1968              1.01648                     0.156846
6     12     0.32          75             0.2              1.04068                     0.158702
6     12     0.32          75             0.2032              1.11329                     0.164145
6     12     0.32          75             0.2064              1.23429                     0.172836
6     12     0.32          75             0.2096              1.01648                     0.156846
6     12     0.32          75             0.2128              1.3311                     0.179486
6     12     0.32          75             0.216              1.50052                     0.190566
6     12     0.32          75             0.2192              1.3069                     0.177847
6     12     0.32          75             0.2224              1.18589                     0.169413
6     12     0.32          75             0.2256              1.3069                     0.177847
6     12     0.32          75             0.2288              0.968074                     0.153066
6     12     0.32          75             0.232              1.3069                     0.177847
6     12     0.32          75             0.2352              1.64573                     0.199574
6     12     0.32          75             0.2384              1.3069                     0.177847
6     12     0.32          75             0.2416              1.06488                     0.160537
6     12     0.32          75             0.2448              1.40371                     0.184316
6     12     0.32          75             0.248              1.3311                     0.179486
6     12     0.32          75             0.2512              1.2585                     0.174522
6     12     0.32          75             0.2544              1.83934                     0.210987
6     12     0.32          75             0.2576              2.00875                     0.220489
6     12     0.32          75             0.2608              1.69413                     0.202487
6     12     0.32          75             0.264              1.47631                     0.189023
6     12     0.32          75             0.2672              1.86354                     0.21237
6     12     0.32          75             0.2704              1.76674                     0.206781
6     12     0.32          75             0.2736              1.47631                     0.189023
6     12     0.32          75             0.2768              1.3553                     0.18111
6     12     0.32          75             0.28              0.242019                     0.076533
6     12     0.32          75             0.2832              0                     0
6     12     0.32          75             0.2864              0                     0
6     12     0.32          75             0.2896              0                     0
6     12     0.32          75             0.2928              0                     0
6     12     0.32          75             0.296              0                     0
6     12     0.32          75             0.2992              0                     0
6     12     0.32          75             0.3024              0                     0
6     12     0.32          75             0.3056              0                     0
6     12     0.32          75             0.3088              0                     0
6     12     0.32          75             0.312              0                     0
6     12     0.32          75             0.3152              0                     0
*******************************************************************************************************
 Average angle 75.4601 +- 0.725712 deg 
 Average E' 0.211628 +- 0.00203526 GeV 
