*******************************************************************************************************
Z     A     E(GeV)     Theta(deg)     Energy Loss(GeV)     Sigma(nb/sr/GeV)     ERROR     Citation     
*******************************************************************************************************
6     12     0.12          174             0.0006              0.506926                     0.253463
6     12     0.12          174             0.0018              0.506926                     0.253463
6     12     0.12          174             0.003              0.380195                     0.219505
6     12     0.12          174             0.0042              0.633658                     0.28338
6     12     0.12          174             0.0054              0.506926                     0.253463
6     12     0.12          174             0.0066              0.380195                     0.219505
6     12     0.12          174             0.0078              0.506926                     0.253463
6     12     0.12          174             0.009              0.760389                     0.310428
6     12     0.12          174             0.0102              1.01385                     0.358451
6     12     0.12          174             0.0114              0.506926                     0.253463
6     12     0.12          174             0.0126              1.01385                     0.358451
6     12     0.12          174             0.0138              1.39405                     0.420321
6     12     0.12          174             0.015              1.52078                     0.439011
6     12     0.12          174             0.0162              1.01385                     0.358451
6     12     0.12          174             0.0174              0.633658                     0.28338
6     12     0.12          174             0.0186              1.26732                     0.40076
6     12     0.12          174             0.0198              1.39405                     0.420321
6     12     0.12          174             0.021              0.760389                     0.310428
6     12     0.12          174             0.0222              1.39405                     0.420321
6     12     0.12          174             0.0234              2.28117                     0.537676
6     12     0.12          174             0.0246              1.01385                     0.358451
6     12     0.12          174             0.0258              1.26732                     0.40076
6     12     0.12          174             0.027              0.887121                     0.3353
6     12     0.12          174             0.0282              1.77424                     0.474186
6     12     0.12          174             0.0294              1.26732                     0.40076
6     12     0.12          174             0.0306              1.01385                     0.358451
6     12     0.12          174             0.0318              0.887121                     0.3353
6     12     0.12          174             0.033              1.90097                     0.490829
6     12     0.12          174             0.0342              1.14058                     0.380195
6     12     0.12          174             0.0354              1.90097                     0.490829
6     12     0.12          174             0.0366              0.633658                     0.28338
6     12     0.12          174             0.0378              1.14058                     0.380195
6     12     0.12          174             0.039              1.77424                     0.474186
6     12     0.12          174             0.0402              1.64751                     0.456937
6     12     0.12          174             0.0414              1.01385                     0.358451
6     12     0.12          174             0.0426              0.633658                     0.28338
6     12     0.12          174             0.0438              1.26732                     0.40076
6     12     0.12          174             0.045              1.26732                     0.40076
6     12     0.12          174             0.0462              1.01385                     0.358451
6     12     0.12          174             0.0474              1.26732                     0.40076
6     12     0.12          174             0.0486              0.760389                     0.310428
6     12     0.12          174             0.0498              0.760389                     0.310428
6     12     0.12          174             0.051              1.14058                     0.380195
6     12     0.12          174             0.0522              1.26732                     0.40076
6     12     0.12          174             0.0534              0                     0
6     12     0.12          174             0.0546              0.760389                     0.310428
6     12     0.12          174             0.0558              0.633658                     0.28338
6     12     0.12          174             0.057              0.760389                     0.310428
6     12     0.12          174             0.0582              0.380195                     0.219505
6     12     0.12          174             0.0594              0.633658                     0.28338
6     12     0.12          174             0.0606              0.380195                     0.219505
6     12     0.12          174             0.0618              0.506926                     0.253463
6     12     0.12          174             0.063              0.253463                     0.179225
6     12     0.12          174             0.0642              1.01385                     0.358451
6     12     0.12          174             0.0654              0.380195                     0.219505
6     12     0.12          174             0.0666              0.506926                     0.253463
6     12     0.12          174             0.0678              0.126732                     0.126732
6     12     0.12          174             0.069              0.126732                     0.126732
6     12     0.12          174             0.0702              0.380195                     0.219505
6     12     0.12          174             0.0714              0.506926                     0.253463
6     12     0.12          174             0.0726              0.253463                     0.179225
6     12     0.12          174             0.0738              0.126732                     0.126732
6     12     0.12          174             0.075              0.506926                     0.253463
6     12     0.12          174             0.0762              0.253463                     0.179225
6     12     0.12          174             0.0774              0.253463                     0.179225
6     12     0.12          174             0.0786              0                     0
6     12     0.12          174             0.0798              0                     0
6     12     0.12          174             0.081              0                     0
6     12     0.12          174             0.0822              0                     0
6     12     0.12          174             0.0834              0                     0
6     12     0.12          174             0.0846              0                     0
6     12     0.12          174             0.0858              0                     0
6     12     0.12          174             0.087              0                     0
6     12     0.12          174             0.0882              0                     0
6     12     0.12          174             0.0894              0                     0
6     12     0.12          174             0.0906              0                     0
6     12     0.12          174             0.0918              0                     0
6     12     0.12          174             0.093              0                     0
6     12     0.12          174             0.0942              0                     0
6     12     0.12          174             0.0954              0                     0
6     12     0.12          174             0.0966              0                     0
6     12     0.12          174             0.0978              0                     0
6     12     0.12          174             0.099              0                     0
6     12     0.12          174             0.1002              0                     0
6     12     0.12          174             0.1014              0                     0
6     12     0.12          174             0.1026              0                     0
6     12     0.12          174             0.1038              0                     0
6     12     0.12          174             0.105              0                     0
6     12     0.12          174             0.1062              0                     0
6     12     0.12          174             0.1074              0                     0
6     12     0.12          174             0.1086              0                     0
6     12     0.12          174             0.1098              0                     0
6     12     0.12          174             0.111              0                     0
6     12     0.12          174             0.1122              0                     0
6     12     0.12          174             0.1134              0                     0
6     12     0.12          174             0.1146              0                     0
6     12     0.12          174             0.1158              0                     0
6     12     0.12          174             0.117              0                     0
6     12     0.12          174             0.1182              0                     0
*******************************************************************************************************
 Average angle 175.383 +- 8.36104 deg 
 Average E' 0.0856243 +- 0.00408198 GeV 
