*******************************************************************************************************
Z     A     E(GeV)     Theta(deg)     Energy Loss(GeV)     Sigma(nb/sr/GeV)     ERROR     Citation     
*******************************************************************************************************
6     12     0.68          57.6             0.0034              0                     0
6     12     0.68          57.6             0.0102              0                     0
6     12     0.68          57.6             0.017              0                     0
6     12     0.68          57.6             0.0238              0.0192729                     0.0192729
6     12     0.68          57.6             0.0306              0                     0
6     12     0.68          57.6             0.0374              0.0192729                     0.0192729
6     12     0.68          57.6             0.0442              0.0192729                     0.0192729
6     12     0.68          57.6             0.051              0.154183                     0.054512
6     12     0.68          57.6             0.0578              0.0385458                     0.027256
6     12     0.68          57.6             0.0646              0.173456                     0.0578187
6     12     0.68          57.6             0.0714              0.231275                     0.0667632
6     12     0.68          57.6             0.0782              0.250548                     0.0694894
6     12     0.68          57.6             0.085              0.26982                     0.0721126
6     12     0.68          57.6             0.0918              0.308366                     0.0770916
6     12     0.68          57.6             0.0986              0.539641                     0.101983
6     12     0.68          57.6             0.1054              0.751643                     0.120359
6     12     0.68          57.6             0.1122              0.86728                     0.129286
6     12     0.68          57.6             0.119              0.828734                     0.126381
6     12     0.68          57.6             0.1258              1.11783                     0.146778
6     12     0.68          57.6             0.1326              1.3491                     0.161249
6     12     0.68          57.6             0.1394              1.81165                     0.186858
6     12     0.68          57.6             0.1462              1.83092                     0.187849
6     12     0.68          57.6             0.153              2.08147                     0.20029
6     12     0.68          57.6             0.1598              2.0622                     0.19936
6     12     0.68          57.6             0.1666              2.08147                     0.20029
6     12     0.68          57.6             0.1734              2.52475                     0.220588
6     12     0.68          57.6             0.1802              2.52475                     0.220588
6     12     0.68          57.6             0.187              2.33202                     0.212002
6     12     0.68          57.6             0.1938              2.65966                     0.226405
6     12     0.68          57.6             0.2006              2.17784                     0.204874
6     12     0.68          57.6             0.2074              2.67893                     0.227224
6     12     0.68          57.6             0.2142              2.02365                     0.197488
6     12     0.68          57.6             0.221              2.42838                     0.216338
6     12     0.68          57.6             0.2278              2.31275                     0.211124
6     12     0.68          57.6             0.2346              1.83092                     0.187849
6     12     0.68          57.6             0.2414              2.00438                     0.196546
6     12     0.68          57.6             0.2482              1.73456                     0.182839
6     12     0.68          57.6             0.255              1.50329                     0.170214
6     12     0.68          57.6             0.2618              1.79238                     0.185861
6     12     0.68          57.6             0.2686              1.48401                     0.169119
6     12     0.68          57.6             0.2754              1.6382                     0.177687
6     12     0.68          57.6             0.2822              1.50329                     0.170214
6     12     0.68          57.6             0.289              1.23346                     0.154183
6     12     0.68          57.6             0.2958              1.15637                     0.149287
6     12     0.68          57.6             0.3026              1.29128                     0.157755
6     12     0.68          57.6             0.3094              1.1371                     0.148038
6     12     0.68          57.6             0.3162              1.11783                     0.146778
6     12     0.68          57.6             0.323              1.02146                     0.140309
6     12     0.68          57.6             0.3298              1.19492                     0.151755
6     12     0.68          57.6             0.3366              1.02146                     0.140309
6     12     0.68          57.6             0.3434              1.25274                     0.155383
6     12     0.68          57.6             0.3502              1.25274                     0.155383
6     12     0.68          57.6             0.357              1.58038                     0.174523
6     12     0.68          57.6             0.3638              1.52256                     0.171301
6     12     0.68          57.6             0.3706              1.54183                     0.172382
6     12     0.68          57.6             0.3774              1.54183                     0.172382
6     12     0.68          57.6             0.3842              1.81165                     0.186858
6     12     0.68          57.6             0.391              1.58038                     0.174523
6     12     0.68          57.6             0.3978              1.36838                     0.162396
6     12     0.68          57.6             0.4046              1.81165                     0.186858
6     12     0.68          57.6             0.4114              1.86947                     0.189816
6     12     0.68          57.6             0.4182              1.46474                     0.168017
6     12     0.68          57.6             0.425              1.86947                     0.189816
6     12     0.68          57.6             0.4318              1.83092                     0.187849
6     12     0.68          57.6             0.4386              2.00438                     0.196546
6     12     0.68          57.6             0.4454              1.77311                     0.184859
6     12     0.68          57.6             0.4522              2.21638                     0.206679
6     12     0.68          57.6             0.459              1.69601                     0.180796
6     12     0.68          57.6             0.4658              1.88874                     0.190792
6     12     0.68          57.6             0.4726              1.77311                     0.184859
6     12     0.68          57.6             0.4794              1.81165                     0.186858
6     12     0.68          57.6             0.4862              1.86947                     0.189816
6     12     0.68          57.6             0.493              1.8502                     0.188835
6     12     0.68          57.6             0.4998              1.79238                     0.185861
6     12     0.68          57.6             0.5066              1.54183                     0.172382
6     12     0.68          57.6             0.5134              1.61892                     0.176639
6     12     0.68          57.6             0.5202              1.50329                     0.170214
6     12     0.68          57.6             0.527              1.73456                     0.182839
6     12     0.68          57.6             0.5338              1.42619                     0.165792
6     12     0.68          57.6             0.5406              1.6382                     0.177687
6     12     0.68          57.6             0.5474              1.3491                     0.161249
6     12     0.68          57.6             0.5542              1.40692                     0.164668
6     12     0.68          57.6             0.561              1.29128                     0.157755
6     12     0.68          57.6             0.5678              1.36838                     0.162396
6     12     0.68          57.6             0.5746              1.31056                     0.158928
6     12     0.68          57.6             0.5814              1.23346                     0.154183
6     12     0.68          57.6             0.5882              1.5611                     0.173456
6     12     0.68          57.6             0.595              1.11783                     0.146778
6     12     0.68          57.6             0.6018              1.04074                     0.141626
6     12     0.68          57.6             0.6086              0.905826                     0.132128
6     12     0.68          57.6             0.6154              0.848007                     0.127842
6     12     0.68          57.6             0.6222              0.982917                     0.137636
6     12     0.68          57.6             0.629              0.905826                     0.132128
6     12     0.68          57.6             0.6358              0.886553                     0.130715
6     12     0.68          57.6             0.6426              0.925099                     0.133526
6     12     0.68          57.6             0.6494              0.250548                     0.0694894
6     12     0.68          57.6             0.6562              0                     0
6     12     0.68          57.6             0.663              0                     0
6     12     0.68          57.6             0.6698              0                     0
*******************************************************************************************************
 Average angle 57.85 +- 0.707226 deg 
 Average E' 0.326237 +- 0.0039883 GeV 
