*******************************************************************************************************
Z     A     E(GeV)     Theta(deg)     Energy Loss(GeV)     Sigma(nb/sr/GeV)     ERROR     Citation     
*******************************************************************************************************
6     12     0.12          140.4             0.0006              0.540336                     0.105969
6     12     0.12          140.4             0.0018              0.95598                     0.140952
6     12     0.12          140.4             0.003              0.893633                     0.136278
6     12     0.12          140.4             0.0042              1.18458                     0.156902
6     12     0.12          140.4             0.0054              1.53788                     0.178775
6     12     0.12          140.4             0.0066              1.1638                     0.15552
6     12     0.12          140.4             0.0078              1.91196                     0.199336
6     12     0.12          140.4             0.009              1.68336                     0.18704
6     12     0.12          140.4             0.0102              1.82883                     0.194954
6     12     0.12          140.4             0.0114              1.68336                     0.18704
6     12     0.12          140.4             0.0126              1.97431                     0.20256
6     12     0.12          140.4             0.0138              1.84961                     0.196059
6     12     0.12          140.4             0.015              2.11978                     0.20989
6     12     0.12          140.4             0.0162              2.11978                     0.20989
6     12     0.12          140.4             0.0174              2.28604                     0.217965
6     12     0.12          140.4             0.0186              2.30682                     0.218954
6     12     0.12          140.4             0.0198              2.16135                     0.211937
6     12     0.12          140.4             0.021              1.95352                     0.201491
6     12     0.12          140.4             0.0222              2.34839                     0.220918
6     12     0.12          140.4             0.0234              2.59777                     0.232352
6     12     0.12          140.4             0.0246              2.47308                     0.226707
6     12     0.12          140.4             0.0258              2.41073                     0.223831
6     12     0.12          140.4             0.027              2.51464                     0.228604
6     12     0.12          140.4             0.0282              2.6809                     0.23604
6     12     0.12          140.4             0.0294              2.16135                     0.211937
6     12     0.12          140.4             0.0306              2.18213                     0.212954
6     12     0.12          140.4             0.0318              2.24447                     0.215975
6     12     0.12          140.4             0.033              1.80805                     0.193843
6     12     0.12          140.4             0.0342              2.11978                     0.20989
6     12     0.12          140.4             0.0354              1.89118                     0.198249
6     12     0.12          140.4             0.0366              2.20291                     0.213966
6     12     0.12          140.4             0.0378              2.36917                     0.221893
6     12     0.12          140.4             0.039              1.95352                     0.201491
6     12     0.12          140.4             0.0402              2.26526                     0.216972
6     12     0.12          140.4             0.0414              1.72492                     0.189335
6     12     0.12          140.4             0.0426              1.45475                     0.173876
6     12     0.12          140.4             0.0438              1.97431                     0.20256
6     12     0.12          140.4             0.045              1.78727                     0.192726
6     12     0.12          140.4             0.0462              1.76648                     0.191602
6     12     0.12          140.4             0.0474              1.20537                     0.158272
6     12     0.12          140.4             0.0486              1.22615                     0.159631
6     12     0.12          140.4             0.0498              1.03911                     0.146952
6     12     0.12          140.4             0.051              1.47553                     0.175114
6     12     0.12          140.4             0.0522              1.18458                     0.156902
6     12     0.12          140.4             0.0534              1.35084                     0.167551
6     12     0.12          140.4             0.0546              1.41319                     0.171374
6     12     0.12          140.4             0.0558              1.01833                     0.145475
6     12     0.12          140.4             0.057              1.08067                     0.149862
6     12     0.12          140.4             0.0582              0.95598                     0.140952
6     12     0.12          140.4             0.0594              0.706594                     0.12118
6     12     0.12          140.4             0.0606              0.914416                     0.137853
6     12     0.12          140.4             0.0618              0.748158                     0.124693
6     12     0.12          140.4             0.063              0.852069                     0.133071
6     12     0.12          140.4             0.0642              0.789723                     0.12811
6     12     0.12          140.4             0.0654              0.623465                     0.113829
6     12     0.12          140.4             0.0666              0.685812                     0.119384
6     12     0.12          140.4             0.0678              0.706594                     0.12118
6     12     0.12          140.4             0.069              0.519554                     0.103911
6     12     0.12          140.4             0.0702              0.394861                     0.0905874
6     12     0.12          140.4             0.0714              0.332515                     0.0831287
6     12     0.12          140.4             0.0726              0.47799                     0.0996678
6     12     0.12          140.4             0.0738              0.0623465                     0.0359958
6     12     0.12          140.4             0.075              0                     0
6     12     0.12          140.4             0.0762              0                     0
6     12     0.12          140.4             0.0774              0                     0
6     12     0.12          140.4             0.0786              0                     0
6     12     0.12          140.4             0.0798              0                     0
6     12     0.12          140.4             0.081              0                     0
6     12     0.12          140.4             0.0822              0                     0
6     12     0.12          140.4             0.0834              0                     0
6     12     0.12          140.4             0.0846              0                     0
6     12     0.12          140.4             0.0858              0                     0
6     12     0.12          140.4             0.087              0                     0
6     12     0.12          140.4             0.0882              0                     0
6     12     0.12          140.4             0.0894              0                     0
6     12     0.12          140.4             0.0906              0                     0
6     12     0.12          140.4             0.0918              0                     0
6     12     0.12          140.4             0.093              0                     0
6     12     0.12          140.4             0.0942              0                     0
6     12     0.12          140.4             0.0954              0                     0
6     12     0.12          140.4             0.0966              0                     0
6     12     0.12          140.4             0.0978              0                     0
6     12     0.12          140.4             0.099              0                     0
6     12     0.12          140.4             0.1002              0                     0
6     12     0.12          140.4             0.1014              0                     0
6     12     0.12          140.4             0.1026              0                     0
6     12     0.12          140.4             0.1038              0                     0
6     12     0.12          140.4             0.105              0                     0
6     12     0.12          140.4             0.1062              0                     0
6     12     0.12          140.4             0.1074              0                     0
6     12     0.12          140.4             0.1086              0                     0
6     12     0.12          140.4             0.1098              0                     0
6     12     0.12          140.4             0.111              0                     0
6     12     0.12          140.4             0.1122              0                     0
6     12     0.12          140.4             0.1134              0                     0
6     12     0.12          140.4             0.1146              0                     0
6     12     0.12          140.4             0.1158              0                     0
6     12     0.12          140.4             0.117              0                     0
6     12     0.12          140.4             0.1182              0                     0
*******************************************************************************************************
 Average angle 141.8 +- 2.09896 deg 
 Average E' 0.0882217 +- 0.00130588 GeV 
