*******************************************************************************************************
Z     A     E(GeV)     Theta(deg)     Energy Loss(GeV)     Sigma(nb/sr/GeV)     ERROR     Citation     
*******************************************************************************************************
6     12     0.74          37.2             0.0037              0.0247632                     0.0247632
6     12     0.74          37.2             0.0111              0.371448                     0.0959074
6     12     0.74          37.2             0.0185              1.60961                     0.199647
6     12     0.74          37.2             0.0259              2.60013                     0.253747
6     12     0.74          37.2             0.0333              4.53166                     0.33499
6     12     0.74          37.2             0.0407              6.66129                     0.406146
6     12     0.74          37.2             0.0481              8.79093                     0.466574
6     12     0.74          37.2             0.0555              13.0007                     0.567396
6     12     0.74          37.2             0.0629              13.694                     0.58233
6     12     0.74          37.2             0.0703              17.359                     0.65564
6     12     0.74          37.2             0.0777              20.4791                     0.71213
6     12     0.74          37.2             0.0851              22.8069                     0.751512
6     12     0.74          37.2             0.0925              26.7442                     0.813801
6     12     0.74          37.2             0.0999              27.0166                     0.817935
6     12     0.74          37.2             0.1073              27.0909                     0.819059
6     12     0.74          37.2             0.1147              27.7348                     0.828734
6     12     0.74          37.2             0.1221              26.8185                     0.814931
6     12     0.74          37.2             0.1295              24.8375                     0.784254
6     12     0.74          37.2             0.1369              24.7137                     0.782297
6     12     0.74          37.2             0.1443              23.2031                     0.758012
6     12     0.74          37.2             0.1517              21.8411                     0.735429
6     12     0.74          37.2             0.1591              22.1878                     0.741243
6     12     0.74          37.2             0.1665              17.8543                     0.664927
6     12     0.74          37.2             0.1739              16.3437                     0.636178
6     12     0.74          37.2             0.1813              16.0961                     0.63134
6     12     0.74          37.2             0.1887              13.4959                     0.578102
6     12     0.74          37.2             0.1961              12.1587                     0.548715
6     12     0.74          37.2             0.2035              9.88051                     0.494644
6     12     0.74          37.2             0.2109              9.4843                     0.484625
6     12     0.74          37.2             0.2183              8.39472                     0.455938
6     12     0.74          37.2             0.2257              7.3299                     0.426042
6     12     0.74          37.2             0.2331              7.18132                     0.421702
6     12     0.74          37.2             0.2405              6.04222                     0.386813
6     12     0.74          37.2             0.2479              5.52219                     0.369793
6     12     0.74          37.2             0.2553              5.76982                     0.377994
6     12     0.74          37.2             0.2627              5.57171                     0.371448
6     12     0.74          37.2             0.2701              4.705                     0.341337
6     12     0.74          37.2             0.2775              4.87835                     0.347568
6     12     0.74          37.2             0.2849              4.45737                     0.332233
6     12     0.74          37.2             0.2923              4.705                     0.341337
6     12     0.74          37.2             0.2997              4.63071                     0.338631
6     12     0.74          37.2             0.3071              4.65548                     0.339536
6     12     0.74          37.2             0.3145              4.13545                     0.320011
6     12     0.74          37.2             0.3219              5.07645                     0.354555
6     12     0.74          37.2             0.3293              4.40785                     0.330382
6     12     0.74          37.2             0.3367              5.27456                     0.361407
6     12     0.74          37.2             0.3441              4.63071                     0.338631
6     12     0.74          37.2             0.3515              4.82882                     0.345799
6     12     0.74          37.2             0.3589              4.705                     0.341337
6     12     0.74          37.2             0.3663              4.43261                     0.331309
6     12     0.74          37.2             0.3737              5.76982                     0.377994
6     12     0.74          37.2             0.3811              5.67077                     0.374735
6     12     0.74          37.2             0.3885              6.01745                     0.38602
6     12     0.74          37.2             0.3959              6.16603                     0.390756
6     12     0.74          37.2             0.4033              6.24032                     0.393103
6     12     0.74          37.2             0.4107              6.14127                     0.389971
6     12     0.74          37.2             0.4181              5.59648                     0.372272
6     12     0.74          37.2             0.4255              6.01745                     0.38602
6     12     0.74          37.2             0.4329              6.31461                     0.395436
6     12     0.74          37.2             0.4403              5.4479                     0.367297
6     12     0.74          37.2             0.4477              6.14127                     0.389971
6     12     0.74          37.2             0.4551              5.29932                     0.362254
6     12     0.74          37.2             0.4625              4.82882                     0.345799
6     12     0.74          37.2             0.4699              5.02693                     0.352821
6     12     0.74          37.2             0.4773              5.00216                     0.351951
6     12     0.74          37.2             0.4847              4.75453                     0.343129
6     12     0.74          37.2             0.4921              4.58119                     0.336816
6     12     0.74          37.2             0.4995              5.10121                     0.355418
6     12     0.74          37.2             0.5069              4.01163                     0.315184
6     12     0.74          37.2             0.5143              3.59066                     0.298188
6     12     0.74          37.2             0.5217              3.96211                     0.313232
6     12     0.74          37.2             0.5291              3.51637                     0.295087
6     12     0.74          37.2             0.5365              3.66495                     0.301257
6     12     0.74          37.2             0.5439              2.89729                     0.267855
6     12     0.74          37.2             0.5513              2.823                     0.264398
6     12     0.74          37.2             0.5587              3.34303                     0.287722
6     12     0.74          37.2             0.5661              2.6249                     0.254953
6     12     0.74          37.2             0.5735              3.66495                     0.301257
6     12     0.74          37.2             0.5809              2.47632                     0.247632
6     12     0.74          37.2             0.5883              2.1544                     0.230976
6     12     0.74          37.2             0.5957              2.42679                     0.245143
6     12     0.74          37.2             0.6031              2.32774                     0.240088
6     12     0.74          37.2             0.6105              1.93153                     0.218702
6     12     0.74          37.2             0.6179              1.90676                     0.217296
6     12     0.74          37.2             0.6253              2.42679                     0.245143
6     12     0.74          37.2             0.6327              2.00582                     0.222869
6     12     0.74          37.2             0.6401              2.47632                     0.247632
6     12     0.74          37.2             0.6475              2.52584                     0.250096
6     12     0.74          37.2             0.6549              2.32774                     0.240088
6     12     0.74          37.2             0.6623              2.17916                     0.232299
6     12     0.74          37.2             0.6697              1.98105                     0.221489
6     12     0.74          37.2             0.6771              0.54479                     0.11615
6     12     0.74          37.2             0.6845              0                     0
6     12     0.74          37.2             0.6919              0                     0
6     12     0.74          37.2             0.6993              0                     0
6     12     0.74          37.2             0.7067              0                     0
6     12     0.74          37.2             0.7141              0                     0
6     12     0.74          37.2             0.7215              0                     0
6     12     0.74          37.2             0.7289              0                     0
*******************************************************************************************************
 Average angle 37.4211 +- 0.217256 deg 
 Average E' 0.510755 +- 0.0029653 GeV 
