*******************************************************************************************************
Z     A     E(GeV)     Theta(deg)     Energy Loss(GeV)     Sigma(nb/sr/GeV)     ERROR     Citation     
*******************************************************************************************************
6     12     0.74          105.2             0.0037              0                     0
6     12     0.74          105.2             0.0111              0                     0
6     12     0.74          105.2             0.0185              0                     0
6     12     0.74          105.2             0.0259              0                     0
6     12     0.74          105.2             0.0333              0                     0
6     12     0.74          105.2             0.0407              0                     0
6     12     0.74          105.2             0.0481              0                     0
6     12     0.74          105.2             0.0555              0                     0
6     12     0.74          105.2             0.0629              0                     0
6     12     0.74          105.2             0.0703              0                     0
6     12     0.74          105.2             0.0777              0                     0
6     12     0.74          105.2             0.0851              0                     0
6     12     0.74          105.2             0.0925              0                     0
6     12     0.74          105.2             0.0999              0                     0
6     12     0.74          105.2             0.1073              0                     0
6     12     0.74          105.2             0.1147              0                     0
6     12     0.74          105.2             0.1221              0                     0
6     12     0.74          105.2             0.1295              0                     0
6     12     0.74          105.2             0.1369              0                     0
6     12     0.74          105.2             0.1443              0                     0
6     12     0.74          105.2             0.1517              0                     0
6     12     0.74          105.2             0.1591              0                     0
6     12     0.74          105.2             0.1665              0                     0
6     12     0.74          105.2             0.1739              0                     0
6     12     0.74          105.2             0.1813              0                     0
6     12     0.74          105.2             0.1887              0                     0
6     12     0.74          105.2             0.1961              0                     0
6     12     0.74          105.2             0.2035              0                     0
6     12     0.74          105.2             0.2109              0                     0
6     12     0.74          105.2             0.2183              0.0155145                     0.0155145
6     12     0.74          105.2             0.2257              0                     0
6     12     0.74          105.2             0.2331              0                     0
6     12     0.74          105.2             0.2405              0                     0
6     12     0.74          105.2             0.2479              0.0155145                     0.0155145
6     12     0.74          105.2             0.2553              0.0155145                     0.0155145
6     12     0.74          105.2             0.2627              0.0310291                     0.0219409
6     12     0.74          105.2             0.2701              0.0155145                     0.0155145
6     12     0.74          105.2             0.2775              0.0310291                     0.0219409
6     12     0.74          105.2             0.2849              0.0620582                     0.0310291
6     12     0.74          105.2             0.2923              0.139631                     0.0465436
6     12     0.74          105.2             0.2997              0.0930873                     0.0380027
6     12     0.74          105.2             0.3071              0.108602                     0.0410476
6     12     0.74          105.2             0.3145              0.124116                     0.0438818
6     12     0.74          105.2             0.3219              0.155145                     0.0490613
6     12     0.74          105.2             0.3293              0.263747                     0.0639681
6     12     0.74          105.2             0.3367              0.186175                     0.053744
6     12     0.74          105.2             0.3441              0.17066                     0.0514559
6     12     0.74          105.2             0.3515              0.155145                     0.0490613
6     12     0.74          105.2             0.3589              0.248233                     0.0620582
6     12     0.74          105.2             0.3663              0.263747                     0.0639681
6     12     0.74          105.2             0.3737              0.217204                     0.0580501
6     12     0.74          105.2             0.3811              0.356835                     0.0744052
6     12     0.74          105.2             0.3885              0.418893                     0.080616
6     12     0.74          105.2             0.3959              0.403378                     0.079109
6     12     0.74          105.2             0.4033              0.387864                     0.0775727
6     12     0.74          105.2             0.4107              0.232718                     0.0600876
6     12     0.74          105.2             0.4181              0.372349                     0.0760055
6     12     0.74          105.2             0.4255              0.263747                     0.0639681
6     12     0.74          105.2             0.4329              0.155145                     0.0490613
6     12     0.74          105.2             0.4403              0.34132                     0.0727697
6     12     0.74          105.2             0.4477              0.248233                     0.0620582
6     12     0.74          105.2             0.4551              0.279262                     0.0658227
6     12     0.74          105.2             0.4625              0.372349                     0.0760055
6     12     0.74          105.2             0.4699              0.186175                     0.053744
6     12     0.74          105.2             0.4773              0.232718                     0.0600876
6     12     0.74          105.2             0.4847              0.217204                     0.0580501
6     12     0.74          105.2             0.4921              0.232718                     0.0600876
6     12     0.74          105.2             0.4995              0.217204                     0.0580501
6     12     0.74          105.2             0.5069              0.17066                     0.0514559
6     12     0.74          105.2             0.5143              0.248233                     0.0620582
6     12     0.74          105.2             0.5217              0.201689                     0.0559385
6     12     0.74          105.2             0.5291              0.34132                     0.0727697
6     12     0.74          105.2             0.5365              0.186175                     0.053744
6     12     0.74          105.2             0.5439              0.217204                     0.0580501
6     12     0.74          105.2             0.5513              0.217204                     0.0580501
6     12     0.74          105.2             0.5587              0.294776                     0.0676263
6     12     0.74          105.2             0.5661              0.34132                     0.0727697
6     12     0.74          105.2             0.5735              0.356835                     0.0744052
6     12     0.74          105.2             0.5809              0.217204                     0.0580501
6     12     0.74          105.2             0.5883              0.294776                     0.0676263
6     12     0.74          105.2             0.5957              0.325806                     0.0710966
6     12     0.74          105.2             0.6031              0.372349                     0.0760055
6     12     0.74          105.2             0.6105              0.155145                     0.0490613
6     12     0.74          105.2             0.6179              0.248233                     0.0620582
6     12     0.74          105.2             0.6253              0.186175                     0.053744
6     12     0.74          105.2             0.6327              0.310291                     0.0693832
6     12     0.74          105.2             0.6401              0.201689                     0.0559385
6     12     0.74          105.2             0.6475              0.17066                     0.0514559
6     12     0.74          105.2             0.6549              0.387864                     0.0775727
6     12     0.74          105.2             0.6623              0.279262                     0.0658227
6     12     0.74          105.2             0.6697              0.232718                     0.0600876
6     12     0.74          105.2             0.6771              0.263747                     0.0639681
6     12     0.74          105.2             0.6845              0.310291                     0.0693832
6     12     0.74          105.2             0.6919              0.325806                     0.0710966
6     12     0.74          105.2             0.6993              0.294776                     0.0676263
6     12     0.74          105.2             0.7067              0.263747                     0.0639681
6     12     0.74          105.2             0.7141              0.403378                     0.079109
6     12     0.74          105.2             0.7215              0.325806                     0.0710966
6     12     0.74          105.2             0.7289              0.186175                     0.053744
*******************************************************************************************************
 Average angle 105.427 +- 3.3289 deg 
 Average E' 0.220449 +- 0.00696077 GeV 
