*******************************************************************************************************
Z     A     E(GeV)     Theta(deg)     Energy Loss(GeV)     Sigma(nb/sr/GeV)     ERROR     Citation     
*******************************************************************************************************
6     12     0.62          127.2             0.0031              0                     0
6     12     0.62          127.2             0.0093              0                     0
6     12     0.62          127.2             0.0155              0                     0
6     12     0.62          127.2             0.0217              0                     0
6     12     0.62          127.2             0.0279              0                     0
6     12     0.62          127.2             0.0341              0                     0
6     12     0.62          127.2             0.0403              0                     0
6     12     0.62          127.2             0.0465              0                     0
6     12     0.62          127.2             0.0527              0                     0
6     12     0.62          127.2             0.0589              0                     0
6     12     0.62          127.2             0.0651              0                     0
6     12     0.62          127.2             0.0713              0                     0
6     12     0.62          127.2             0.0775              0                     0
6     12     0.62          127.2             0.0837              0                     0
6     12     0.62          127.2             0.0899              0                     0
6     12     0.62          127.2             0.0961              0                     0
6     12     0.62          127.2             0.1023              0                     0
6     12     0.62          127.2             0.1085              0                     0
6     12     0.62          127.2             0.1147              0                     0
6     12     0.62          127.2             0.1209              0                     0
6     12     0.62          127.2             0.1271              0                     0
6     12     0.62          127.2             0.1333              0                     0
6     12     0.62          127.2             0.1395              0                     0
6     12     0.62          127.2             0.1457              0                     0
6     12     0.62          127.2             0.1519              0                     0
6     12     0.62          127.2             0.1581              0                     0
6     12     0.62          127.2             0.1643              0                     0
6     12     0.62          127.2             0.1705              0                     0
6     12     0.62          127.2             0.1767              0                     0
6     12     0.62          127.2             0.1829              0                     0
6     12     0.62          127.2             0.1891              0                     0
6     12     0.62          127.2             0.1953              0                     0
6     12     0.62          127.2             0.2015              0                     0
6     12     0.62          127.2             0.2077              0                     0
6     12     0.62          127.2             0.2139              0                     0
6     12     0.62          127.2             0.2201              0                     0
6     12     0.62          127.2             0.2263              0                     0
6     12     0.62          127.2             0.2325              0                     0
6     12     0.62          127.2             0.2387              0.0456817                     0.0323019
6     12     0.62          127.2             0.2449              0.0228409                     0.0228409
6     12     0.62          127.2             0.2511              0.0456817                     0.0323019
6     12     0.62          127.2             0.2573              0.0228409                     0.0228409
6     12     0.62          127.2             0.2635              0.0456817                     0.0323019
6     12     0.62          127.2             0.2697              0.137045                     0.0559485
6     12     0.62          127.2             0.2759              0.0913635                     0.0456817
6     12     0.62          127.2             0.2821              0.137045                     0.0559485
6     12     0.62          127.2             0.2883              0.114204                     0.0510737
6     12     0.62          127.2             0.2945              0.0685226                     0.0395615
6     12     0.62          127.2             0.3007              0.0913635                     0.0456817
6     12     0.62          127.2             0.3069              0.182727                     0.0646037
6     12     0.62          127.2             0.3131              0.0685226                     0.0395615
6     12     0.62          127.2             0.3193              0.137045                     0.0559485
6     12     0.62          127.2             0.3255              0.0913635                     0.0456817
6     12     0.62          127.2             0.3317              0.0913635                     0.0456817
6     12     0.62          127.2             0.3379              0.0913635                     0.0456817
6     12     0.62          127.2             0.3441              0.25125                     0.0757546
6     12     0.62          127.2             0.3503              0.228409                     0.0722292
6     12     0.62          127.2             0.3565              0.0913635                     0.0456817
6     12     0.62          127.2             0.3627              0.137045                     0.0559485
6     12     0.62          127.2             0.3689              0.159886                     0.0604313
6     12     0.62          127.2             0.3751              0.0913635                     0.0456817
6     12     0.62          127.2             0.3813              0.114204                     0.0510737
6     12     0.62          127.2             0.3875              0.205568                     0.0685226
6     12     0.62          127.2             0.3937              0.205568                     0.0685226
6     12     0.62          127.2             0.3999              0.0685226                     0.0395615
6     12     0.62          127.2             0.4061              0.137045                     0.0559485
6     12     0.62          127.2             0.4123              0.182727                     0.0646037
6     12     0.62          127.2             0.4185              0.182727                     0.0646037
6     12     0.62          127.2             0.4247              0.0913635                     0.0456817
6     12     0.62          127.2             0.4309              0.182727                     0.0646037
6     12     0.62          127.2             0.4371              0.25125                     0.0757546
6     12     0.62          127.2             0.4433              0.25125                     0.0757546
6     12     0.62          127.2             0.4495              0.0913635                     0.0456817
6     12     0.62          127.2             0.4557              0.228409                     0.0722292
6     12     0.62          127.2             0.4619              0.27409                     0.0791231
6     12     0.62          127.2             0.4681              0.27409                     0.0791231
6     12     0.62          127.2             0.4743              0.365454                     0.0913635
6     12     0.62          127.2             0.4805              0.365454                     0.0913635
6     12     0.62          127.2             0.4867              0.433976                     0.099561
6     12     0.62          127.2             0.4929              0.342613                     0.0884623
6     12     0.62          127.2             0.4991              0.388295                     0.0941753
6     12     0.62          127.2             0.5053              0.319772                     0.0854627
6     12     0.62          127.2             0.5115              0.25125                     0.0757546
6     12     0.62          127.2             0.5177              0.365454                     0.0913635
6     12     0.62          127.2             0.5239              0.456817                     0.102147
6     12     0.62          127.2             0.5301              0.296931                     0.0823539
6     12     0.62          127.2             0.5363              0.388295                     0.0941753
6     12     0.62          127.2             0.5425              0.319772                     0.0854627
6     12     0.62          127.2             0.5487              0.479658                     0.10467
6     12     0.62          127.2             0.5549              0.411136                     0.0969056
6     12     0.62          127.2             0.5611              0.411136                     0.0969056
6     12     0.62          127.2             0.5673              0.319772                     0.0854627
6     12     0.62          127.2             0.5735              0.296931                     0.0823539
6     12     0.62          127.2             0.5797              0.159886                     0.0604313
6     12     0.62          127.2             0.5859              0.0913635                     0.0456817
6     12     0.62          127.2             0.5921              0.342613                     0.0884623
6     12     0.62          127.2             0.5983              0.205568                     0.0685226
6     12     0.62          127.2             0.6045              0.27409                     0.0791231
6     12     0.62          127.2             0.6107              0.137045                     0.0559485
*******************************************************************************************************
 Average angle 127.467 +- 5.42535 deg 
 Average E' 0.149186 +- 0.00634976 GeV 
