*******************************************************************************************************
Z     A     E(GeV)     Theta(deg)     Energy Loss(GeV)     Sigma(nb/sr/GeV)     ERROR     Citation     
*******************************************************************************************************
6     12     0.06          98.8             0.0003              0.852513                     0.119376
6     12     0.06          98.8             0.0009              0.869229                     0.12054
6     12     0.06          98.8             0.0015              0.969524                     0.127305
6     12     0.06          98.8             0.0021              0.936093                     0.125091
6     12     0.06          98.8             0.0027              1.06982                     0.133728
6     12     0.06          98.8             0.0033              1.53787                     0.160334
6     12     0.06          98.8             0.0039              1.42085                     0.154113
6     12     0.06          98.8             0.0045              1.30384                     0.147631
6     12     0.06          98.8             0.0051              1.72174                     0.169648
6     12     0.06          98.8             0.0057              1.77189                     0.172101
6     12     0.06          98.8             0.0063              1.50443                     0.158581
6     12     0.06          98.8             0.0069              1.5713                     0.162067
6     12     0.06          98.8             0.0075              1.53787                     0.160334
6     12     0.06          98.8             0.0081              1.63816                     0.165479
6     12     0.06          98.8             0.0087              1.52115                     0.15946
6     12     0.06          98.8             0.0093              1.53787                     0.160334
6     12     0.06          98.8             0.0099              1.72174                     0.169648
6     12     0.06          98.8             0.0105              1.5713                     0.162067
6     12     0.06          98.8             0.0111              1.62145                     0.164633
6     12     0.06          98.8             0.0117              1.471                     0.156809
6     12     0.06          98.8             0.0123              1.30384                     0.147631
6     12     0.06          98.8             0.0129              1.60473                     0.163782
6     12     0.06          98.8             0.0135              1.53787                     0.160334
6     12     0.06          98.8             0.0141              1.00296                     0.129481
6     12     0.06          98.8             0.0147              1.38742                     0.152289
6     12     0.06          98.8             0.0153              0.98624                     0.128398
6     12     0.06          98.8             0.0159              1.06982                     0.133728
6     12     0.06          98.8             0.0165              0.885945                     0.121694
6     12     0.06          98.8             0.0171              0.668638                     0.105721
6     12     0.06          98.8             0.0177              0.902661                     0.122837
6     12     0.06          98.8             0.0183              0.785649                     0.114599
6     12     0.06          98.8             0.0189              0.718785                     0.109614
6     12     0.06          98.8             0.0195              0.668638                     0.105721
6     12     0.06          98.8             0.0201              0.702069                     0.108332
6     12     0.06          98.8             0.0207              0.53491                     0.0945596
6     12     0.06          98.8             0.0213              0.45133                     0.0868586
6     12     0.06          98.8             0.0219              0.401183                     0.081891
6     12     0.06          98.8             0.0225              0.384467                     0.0801668
6     12     0.06          98.8             0.0231              0.518194                     0.0930704
6     12     0.06          98.8             0.0237              0.250739                     0.0647406
6     12     0.06          98.8             0.0243              0.384467                     0.0801668
6     12     0.06          98.8             0.0249              0.250739                     0.0647406
6     12     0.06          98.8             0.0255              0.267455                     0.0668638
6     12     0.06          98.8             0.0261              0.401183                     0.081891
6     12     0.06          98.8             0.0267              0.117012                     0.0442262
6     12     0.06          98.8             0.0273              0.167159                     0.0528604
6     12     0.06          98.8             0.0279              0.167159                     0.0528604
6     12     0.06          98.8             0.0285              0.117012                     0.0442262
6     12     0.06          98.8             0.0291              0.150443                     0.0501478
6     12     0.06          98.8             0.0297              0.0668638                     0.0334319
6     12     0.06          98.8             0.0303              0.250739                     0.0647406
6     12     0.06          98.8             0.0309              0.0835797                     0.037378
6     12     0.06          98.8             0.0315              0.100296                     0.0409455
6     12     0.06          98.8             0.0321              0.0501478                     0.0289529
6     12     0.06          98.8             0.0327              0.100296                     0.0409455
6     12     0.06          98.8             0.0333              0.0668638                     0.0334319
6     12     0.06          98.8             0.0339              0.167159                     0.0528604
6     12     0.06          98.8             0.0345              0.100296                     0.0409455
6     12     0.06          98.8             0.0351              0.0501478                     0.0289529
6     12     0.06          98.8             0.0357              0.0501478                     0.0289529
6     12     0.06          98.8             0.0363              0.100296                     0.0409455
6     12     0.06          98.8             0.0369              0.0334319                     0.0236399
6     12     0.06          98.8             0.0375              0.0167159                     0.0167159
6     12     0.06          98.8             0.0381              0.0501478                     0.0289529
6     12     0.06          98.8             0.0387              0.0334319                     0.0236399
6     12     0.06          98.8             0.0393              0.0835797                     0.037378
6     12     0.06          98.8             0.0399              0.0167159                     0.0167159
6     12     0.06          98.8             0.0405              0.0167159                     0.0167159
6     12     0.06          98.8             0.0411              0.0334319                     0.0236399
6     12     0.06          98.8             0.0417              0.0167159                     0.0167159
6     12     0.06          98.8             0.0423              0.0501478                     0.0289529
6     12     0.06          98.8             0.0429              0.0167159                     0.0167159
6     12     0.06          98.8             0.0435              0.0501478                     0.0289529
6     12     0.06          98.8             0.0441              0.0167159                     0.0167159
6     12     0.06          98.8             0.0447              0                     0
6     12     0.06          98.8             0.0453              0                     0
6     12     0.06          98.8             0.0459              0.0501478                     0.0289529
6     12     0.06          98.8             0.0465              0.0167159                     0.0167159
6     12     0.06          98.8             0.0471              0                     0
6     12     0.06          98.8             0.0477              0.0167159                     0.0167159
6     12     0.06          98.8             0.0483              0                     0
6     12     0.06          98.8             0.0489              0                     0
6     12     0.06          98.8             0.0495              0                     0
6     12     0.06          98.8             0.0501              0                     0
6     12     0.06          98.8             0.0507              0.0167159                     0.0167159
6     12     0.06          98.8             0.0513              0                     0
6     12     0.06          98.8             0.0519              0                     0
6     12     0.06          98.8             0.0525              0                     0
6     12     0.06          98.8             0.0531              0                     0
6     12     0.06          98.8             0.0537              0                     0
6     12     0.06          98.8             0.0543              0                     0
6     12     0.06          98.8             0.0549              0                     0
6     12     0.06          98.8             0.0555              0                     0
6     12     0.06          98.8             0.0561              0                     0
6     12     0.06          98.8             0.0567              0                     0
6     12     0.06          98.8             0.0573              0                     0
6     12     0.06          98.8             0.0579              0                     0
6     12     0.06          98.8             0.0585              0                     0
6     12     0.06          98.8             0.0591              0                     0
*******************************************************************************************************
 Average angle 99.2999 +- 1.84047 deg 
 Average E' 0.0481712 +- 0.000892825 GeV 
