*******************************************************************************************************
Z     A     E(GeV)     Theta(deg)     Energy Loss(GeV)     Sigma(nb/sr/GeV)     ERROR     Citation     
*******************************************************************************************************
6     12     0.1          153.6             0.0005              1.15249                     0.166347
6     12     0.1          153.6             0.0015              1.48863                     0.189056
6     12     0.1          153.6             0.0025              1.75274                     0.205143
6     12     0.1          153.6             0.0035              2.25695                     0.232787
6     12     0.1          153.6             0.0045              2.11289                     0.225235
6     12     0.1          153.6             0.0055              2.30497                     0.235251
6     12     0.1          153.6             0.0065              2.08888                     0.223952
6     12     0.1          153.6             0.0075              2.78518                     0.258597
6     12     0.1          153.6             0.0085              3.0733                     0.271644
6     12     0.1          153.6             0.0095              3.74558                     0.299887
6     12     0.1          153.6             0.0105              3.16934                     0.275856
6     12     0.1          153.6             0.0115              3.0733                     0.271644
6     12     0.1          153.6             0.0125              3.57751                     0.293081
6     12     0.1          153.6             0.0135              3.16934                     0.275856
6     12     0.1          153.6             0.0145              3.81761                     0.302757
6     12     0.1          153.6             0.0155              3.69756                     0.297958
6     12     0.1          153.6             0.0165              4.0097                     0.31028
6     12     0.1          153.6             0.0175              3.91366                     0.306541
6     12     0.1          153.6             0.0185              3.64954                     0.296017
6     12     0.1          153.6             0.0195              3.98569                     0.309349
6     12     0.1          153.6             0.0205              3.88964                     0.305599
6     12     0.1          153.6             0.0215              3.69756                     0.297958
6     12     0.1          153.6             0.0225              3.21736                     0.277938
6     12     0.1          153.6             0.0235              3.98569                     0.309349
6     12     0.1          153.6             0.0245              3.14533                     0.274809
6     12     0.1          153.6             0.0255              3.3134                     0.282055
6     12     0.1          153.6             0.0265              3.86563                     0.304655
6     12     0.1          153.6             0.0275              3.38543                     0.285105
6     12     0.1          153.6             0.0285              3.43345                     0.28712
6     12     0.1          153.6             0.0295              3.19335                     0.276899
6     12     0.1          153.6             0.0305              3.45746                     0.288122
6     12     0.1          153.6             0.0315              2.97726                     0.267366
6     12     0.1          153.6             0.0325              3.21736                     0.277938
6     12     0.1          153.6             0.0335              2.40102                     0.240102
6     12     0.1          153.6             0.0345              2.85721                     0.26192
6     12     0.1          153.6             0.0355              2.66513                     0.252963
6     12     0.1          153.6             0.0365              2.76117                     0.25748
6     12     0.1          153.6             0.0375              2.52107                     0.246031
6     12     0.1          153.6             0.0385              2.52107                     0.246031
6     12     0.1          153.6             0.0395              2.42503                     0.241299
6     12     0.1          153.6             0.0405              1.77675                     0.206543
6     12     0.1          153.6             0.0415              2.08888                     0.223952
6     12     0.1          153.6             0.0425              2.01685                     0.220057
6     12     0.1          153.6             0.0435              1.70472                     0.202313
6     12     0.1          153.6             0.0445              1.60868                     0.196532
6     12     0.1          153.6             0.0455              1.80076                     0.207934
6     12     0.1          153.6             0.0465              1.39259                     0.182856
6     12     0.1          153.6             0.0475              0.984416                     0.15374
6     12     0.1          153.6             0.0485              0                     0
6     12     0.1          153.6             0.0495              0                     0
6     12     0.1          153.6             0.0505              0                     0
6     12     0.1          153.6             0.0515              0                     0
6     12     0.1          153.6             0.0525              0                     0
6     12     0.1          153.6             0.0535              0                     0
6     12     0.1          153.6             0.0545              0                     0
6     12     0.1          153.6             0.0555              0                     0
6     12     0.1          153.6             0.0565              0                     0
6     12     0.1          153.6             0.0575              0                     0
6     12     0.1          153.6             0.0585              0                     0
6     12     0.1          153.6             0.0595              0                     0
6     12     0.1          153.6             0.0605              0                     0
6     12     0.1          153.6             0.0615              0                     0
6     12     0.1          153.6             0.0625              0                     0
6     12     0.1          153.6             0.0635              0                     0
6     12     0.1          153.6             0.0645              0                     0
6     12     0.1          153.6             0.0655              0                     0
6     12     0.1          153.6             0.0665              0                     0
6     12     0.1          153.6             0.0675              0                     0
6     12     0.1          153.6             0.0685              0                     0
6     12     0.1          153.6             0.0695              0                     0
6     12     0.1          153.6             0.0705              0                     0
6     12     0.1          153.6             0.0715              0                     0
6     12     0.1          153.6             0.0725              0                     0
6     12     0.1          153.6             0.0735              0                     0
6     12     0.1          153.6             0.0745              0                     0
6     12     0.1          153.6             0.0755              0                     0
6     12     0.1          153.6             0.0765              0                     0
6     12     0.1          153.6             0.0775              0                     0
6     12     0.1          153.6             0.0785              0                     0
6     12     0.1          153.6             0.0795              0                     0
6     12     0.1          153.6             0.0805              0                     0
6     12     0.1          153.6             0.0815              0                     0
6     12     0.1          153.6             0.0825              0                     0
6     12     0.1          153.6             0.0835              0                     0
6     12     0.1          153.6             0.0845              0                     0
6     12     0.1          153.6             0.0855              0                     0
6     12     0.1          153.6             0.0865              0                     0
6     12     0.1          153.6             0.0875              0                     0
6     12     0.1          153.6             0.0885              0                     0
6     12     0.1          153.6             0.0895              0                     0
6     12     0.1          153.6             0.0905              0                     0
6     12     0.1          153.6             0.0915              0                     0
6     12     0.1          153.6             0.0925              0                     0
6     12     0.1          153.6             0.0935              0                     0
6     12     0.1          153.6             0.0945              0                     0
6     12     0.1          153.6             0.0955              0                     0
6     12     0.1          153.6             0.0965              0                     0
6     12     0.1          153.6             0.0975              0                     0
6     12     0.1          153.6             0.0985              0                     0
*******************************************************************************************************
 Average angle 154.988 +- 2.06595 deg 
 Average E' 0.0770212 +- 0.00102668 GeV 
