*******************************************************************************************************
Z     A     E(GeV)     Theta(deg)     Energy Loss(GeV)     Sigma(nb/sr/GeV)     ERROR     Citation     
*******************************************************************************************************
6     12     0.48          96.8             0.0024              0                     0
6     12     0.48          96.8             0.0072              0                     0
6     12     0.48          96.8             0.012              0                     0
6     12     0.48          96.8             0.0168              0                     0
6     12     0.48          96.8             0.0216              0                     0
6     12     0.48          96.8             0.0264              0                     0
6     12     0.48          96.8             0.0312              0                     0
6     12     0.48          96.8             0.036              0                     0
6     12     0.48          96.8             0.0408              0                     0
6     12     0.48          96.8             0.0456              0                     0
6     12     0.48          96.8             0.0504              0.0196918                     0.0196918
6     12     0.48          96.8             0.0552              0.0196918                     0.0196918
6     12     0.48          96.8             0.06              0.0196918                     0.0196918
6     12     0.48          96.8             0.0648              0.0393836                     0.0278484
6     12     0.48          96.8             0.0696              0                     0
6     12     0.48          96.8             0.0744              0.0393836                     0.0278484
6     12     0.48          96.8             0.0792              0.0393836                     0.0278484
6     12     0.48          96.8             0.084              0.0984591                     0.0440322
6     12     0.48          96.8             0.0888              0.0393836                     0.0278484
6     12     0.48          96.8             0.0936              0                     0
6     12     0.48          96.8             0.0984              0.0984591                     0.0440322
6     12     0.48          96.8             0.1032              0.177226                     0.0590755
6     12     0.48          96.8             0.108              0.177226                     0.0590755
6     12     0.48          96.8             0.1128              0.21661                     0.0653104
6     12     0.48          96.8             0.1176              0.21661                     0.0653104
6     12     0.48          96.8             0.1224              0.334761                     0.0811914
6     12     0.48          96.8             0.1272              0.413528                     0.0902392
6     12     0.48          96.8             0.132              0.374145                     0.0858346
6     12     0.48          96.8             0.1368              0.590755                     0.107857
6     12     0.48          96.8             0.1416              0.255994                     0.0709999
6     12     0.48          96.8             0.1464              0.610446                     0.109639
6     12     0.48          96.8             0.1512              0.43322                     0.0923628
6     12     0.48          96.8             0.156              0.610446                     0.109639
6     12     0.48          96.8             0.1608              0.708905                     0.118151
6     12     0.48          96.8             0.1656              0.86644                     0.130621
6     12     0.48          96.8             0.1704              0.492295                     0.0984591
6     12     0.48          96.8             0.1752              0.905824                     0.133556
6     12     0.48          96.8             0.18              0.846748                     0.129128
6     12     0.48          96.8             0.1848              0.708905                     0.118151
6     12     0.48          96.8             0.1896              0.571063                     0.106044
6     12     0.48          96.8             0.1944              0.571063                     0.106044
6     12     0.48          96.8             0.1992              1.04367                     0.143359
6     12     0.48          96.8             0.204              0.708905                     0.118151
6     12     0.48          96.8             0.2088              1.00428                     0.140628
6     12     0.48          96.8             0.2136              0.86644                     0.130621
6     12     0.48          96.8             0.2184              0.630138                     0.111394
6     12     0.48          96.8             0.2232              0.787673                     0.124542
6     12     0.48          96.8             0.228              0.708905                     0.118151
6     12     0.48          96.8             0.2328              0.511987                     0.100409
6     12     0.48          96.8             0.2376              0.511987                     0.100409
6     12     0.48          96.8             0.2424              0.708905                     0.118151
6     12     0.48          96.8             0.2472              0.669522                     0.114822
6     12     0.48          96.8             0.252              0.43322                     0.0923628
6     12     0.48          96.8             0.2568              0.630138                     0.111394
6     12     0.48          96.8             0.2616              0.551371                     0.104199
6     12     0.48          96.8             0.2664              0.492295                     0.0984591
6     12     0.48          96.8             0.2712              0.708905                     0.118151
6     12     0.48          96.8             0.276              0.43322                     0.0923628
6     12     0.48          96.8             0.2808              0.413528                     0.0902392
6     12     0.48          96.8             0.2856              0.452912                     0.0944386
6     12     0.48          96.8             0.2904              0.43322                     0.0923628
6     12     0.48          96.8             0.2952              0.374145                     0.0858346
6     12     0.48          96.8             0.3              0.452912                     0.0944386
6     12     0.48          96.8             0.3048              0.571063                     0.106044
6     12     0.48          96.8             0.3096              0.413528                     0.0902392
6     12     0.48          96.8             0.3144              0.531679                     0.102322
6     12     0.48          96.8             0.3192              0.827056                     0.127618
6     12     0.48          96.8             0.324              0.413528                     0.0902392
6     12     0.48          96.8             0.3288              0.413528                     0.0902392
6     12     0.48          96.8             0.3336              0.511987                     0.100409
6     12     0.48          96.8             0.3384              0.630138                     0.111394
6     12     0.48          96.8             0.3432              0.374145                     0.0858346
6     12     0.48          96.8             0.348              0.531679                     0.102322
6     12     0.48          96.8             0.3528              0.571063                     0.106044
6     12     0.48          96.8             0.3576              0.551371                     0.104199
6     12     0.48          96.8             0.3624              0.86644                     0.130621
6     12     0.48          96.8             0.3672              0.787673                     0.124542
6     12     0.48          96.8             0.372              0.984591                     0.139242
6     12     0.48          96.8             0.3768              1.02397                     0.142
6     12     0.48          96.8             0.3816              1.08305                     0.146038
6     12     0.48          96.8             0.3864              1.06336                     0.144705
6     12     0.48          96.8             0.3912              0.807365                     0.126089
6     12     0.48          96.8             0.396              0.984591                     0.139242
6     12     0.48          96.8             0.4008              1.27997                     0.158761
6     12     0.48          96.8             0.4056              1.2012                     0.153798
6     12     0.48          96.8             0.4104              0.945207                     0.136429
6     12     0.48          96.8             0.4152              1.31935                     0.161184
6     12     0.48          96.8             0.42              1.37843                     0.164754
6     12     0.48          96.8             0.4248              1.39812                     0.165926
6     12     0.48          96.8             0.4296              1.12243                     0.14867
6     12     0.48          96.8             0.4344              1.26028                     0.157535
6     12     0.48          96.8             0.4392              1.08305                     0.146038
6     12     0.48          96.8             0.444              1.22089                     0.155054
6     12     0.48          96.8             0.4488              1.49658                     0.171669
6     12     0.48          96.8             0.4536              1.41781                     0.167091
6     12     0.48          96.8             0.4584              1.14213                     0.149968
6     12     0.48          96.8             0.4632              0.0787673                     0.0393836
6     12     0.48          96.8             0.468              0                     0
6     12     0.48          96.8             0.4728              0                     0
*******************************************************************************************************
 Average angle 97.1564 +- 1.85001 deg 
 Average E' 0.168352 +- 0.00320569 GeV 
