*******************************************************************************************************
Z     A     E(GeV)     Theta(deg)     Energy Loss(GeV)     Sigma(nb/sr/GeV)     ERROR     Citation     
*******************************************************************************************************
6     12     0.74          33.8             0.0037              0.0807401                     0.0466153
6     12     0.74          33.8             0.0111              1.88394                     0.225173
6     12     0.74          33.8             0.0185              5.0328                     0.368035
6     12     0.74          33.8             0.0259              6.88983                     0.430614
6     12     0.74          33.8             0.0333              12.0303                     0.569013
6     12     0.74          33.8             0.0407              17.4668                     0.685631
6     12     0.74          33.8             0.0481              22.2035                     0.773028
6     12     0.74          33.8             0.0555              27.344                     0.857857
6     12     0.74          33.8             0.0629              32.619                     0.936957
6     12     0.74          33.8             0.0703              37.7326                     1.00773
6     12     0.74          33.8             0.0777              39.1051                     1.02589
6     12     0.74          33.8             0.0851              39.5088                     1.03117
6     12     0.74          33.8             0.0925              41.6619                     1.0589
6     12     0.74          33.8             0.0999              42.6846                     1.07182
6     12     0.74          33.8             0.1073              41.635                     1.05855
6     12     0.74          33.8             0.1147              37.8671                     1.00952
6     12     0.74          33.8             0.1221              37.5442                     1.00521
6     12     0.74          33.8             0.1295              34.7452                     0.967011
6     12     0.74          33.8             0.1369              32.8882                     0.940814
6     12     0.74          33.8             0.1443              29.2818                     0.887734
6     12     0.74          33.8             0.1517              26.6173                     0.846382
6     12     0.74          33.8             0.1591              23.0109                     0.786958
6     12     0.74          33.8             0.1665              21.6922                     0.764075
6     12     0.74          33.8             0.1739              17.6821                     0.689844
6     12     0.74          33.8             0.1813              15.7174                     0.650391
6     12     0.74          33.8             0.1887              14.2372                     0.619008
6     12     0.74          33.8             0.1961              12.0303                     0.569013
6     12     0.74          33.8             0.2035              10.9807                     0.543624
6     12     0.74          33.8             0.2109              9.17746                     0.496987
6     12     0.74          33.8             0.2183              8.20858                     0.470022
6     12     0.74          33.8             0.2257              7.72414                     0.455942
6     12     0.74          33.8             0.2331              7.67031                     0.45435
6     12     0.74          33.8             0.2405              6.86291                     0.429772
6     12     0.74          33.8             0.2479              6.19008                     0.408162
6     12     0.74          33.8             0.2553              6.21699                     0.409048
6     12     0.74          33.8             0.2627              5.38268                     0.380613
6     12     0.74          33.8             0.2701              6.27082                     0.410815
6     12     0.74          33.8             0.2775              6.19008                     0.408162
6     12     0.74          33.8             0.2849              5.30194                     0.377747
6     12     0.74          33.8             0.2923              5.89403                     0.398282
6     12     0.74          33.8             0.2997              5.78638                     0.394628
6     12     0.74          33.8             0.3071              6.00168                     0.401902
6     12     0.74          33.8             0.3145              5.75946                     0.393709
6     12     0.74          33.8             0.3219              5.75946                     0.393709
6     12     0.74          33.8             0.3293              5.89403                     0.398282
6     12     0.74          33.8             0.3367              6.27082                     0.410815
6     12     0.74          33.8             0.3441              6.16316                     0.407273
6     12     0.74          33.8             0.3515              6.56686                     0.4204
6     12     0.74          33.8             0.3589              6.62069                     0.42212
6     12     0.74          33.8             0.3663              6.86291                     0.429772
6     12     0.74          33.8             0.3737              7.40118                     0.446308
6     12     0.74          33.8             0.3811              8.26241                     0.471561
6     12     0.74          33.8             0.3885              8.12784                     0.467705
6     12     0.74          33.8             0.3959              7.67031                     0.45435
6     12     0.74          33.8             0.4033              7.26661                     0.442232
6     12     0.74          33.8             0.4107              8.4508                     0.476906
6     12     0.74          33.8             0.4181              8.37006                     0.474623
6     12     0.74          33.8             0.4255              7.83179                     0.459108
6     12     0.74          33.8             0.4329              7.29353                     0.44305
6     12     0.74          33.8             0.4403              7.2397                     0.441412
6     12     0.74          33.8             0.4477              6.16316                     0.407273
6     12     0.74          33.8             0.4551              6.2439                     0.409932
6     12     0.74          33.8             0.4625              6.99748                     0.433965
6     12     0.74          33.8             0.4699              5.89403                     0.398282
6     12     0.74          33.8             0.4773              5.32885                     0.378705
6     12     0.74          33.8             0.4847              6.27082                     0.410815
6     12     0.74          33.8             0.4921              6.16316                     0.407273
6     12     0.74          33.8             0.4995              5.14046                     0.37195
6     12     0.74          33.8             0.5069              4.57527                     0.350908
6     12     0.74          33.8             0.5143              5.14046                     0.37195
6     12     0.74          33.8             0.5217              4.01009                     0.32852
6     12     0.74          33.8             0.5291              4.41379                     0.344659
6     12     0.74          33.8             0.5365              4.2254                     0.337224
6     12     0.74          33.8             0.5439              5.16737                     0.372923
6     12     0.74          33.8             0.5513              3.17578                     0.292354
6     12     0.74          33.8             0.5587              3.76787                     0.318443
6     12     0.74          33.8             0.5661              3.44491                     0.30449
6     12     0.74          33.8             0.5735              3.06813                     0.287356
6     12     0.74          33.8             0.5809              3.20269                     0.29359
6     12     0.74          33.8             0.5883              2.87973                     0.278394
6     12     0.74          33.8             0.5957              3.0143                     0.284824
6     12     0.74          33.8             0.6031              2.4222                     0.255323
6     12     0.74          33.8             0.6105              2.34146                     0.251031
6     12     0.74          33.8             0.6179              2.87973                     0.278394
6     12     0.74          33.8             0.6253              2.39529                     0.2539
6     12     0.74          33.8             0.6327              2.74516                     0.271812
6     12     0.74          33.8             0.6401              2.15307                     0.240721
6     12     0.74          33.8             0.6475              2.44912                     0.256737
6     12     0.74          33.8             0.6549              2.17998                     0.24222
6     12     0.74          33.8             0.6623              1.56098                     0.204966
6     12     0.74          33.8             0.6697              0.0538268                     0.0380613
6     12     0.74          33.8             0.6771              0                     0
6     12     0.74          33.8             0.6845              0                     0
6     12     0.74          33.8             0.6919              0                     0
6     12     0.74          33.8             0.6993              0                     0
6     12     0.74          33.8             0.7067              0                     0
6     12     0.74          33.8             0.7141              0                     0
6     12     0.74          33.8             0.7215              0                     0
6     12     0.74          33.8             0.7289              0                     0
*******************************************************************************************************
 Average angle 34.0229 +- 0.174566 deg 
 Average E' 0.534316 +- 0.00274149 GeV 
