*******************************************************************************************************
Z     A     E(GeV)     Theta(deg)     Energy Loss(GeV)     Sigma(nb/sr/GeV)     ERROR     Citation     
*******************************************************************************************************
6     12     0.56          76.32             0.0028              0                     0
6     12     0.56          76.32             0.0084              0                     0
6     12     0.56          76.32             0.014              0                     0
6     12     0.56          76.32             0.0196              0                     0
6     12     0.56          76.32             0.0252              0                     0
6     12     0.56          76.32             0.0308              0                     0
6     12     0.56          76.32             0.0364              0                     0
6     12     0.56          76.32             0.042              0.0182588                     0.0182588
6     12     0.56          76.32             0.0476              0                     0
6     12     0.56          76.32             0.0532              0                     0
6     12     0.56          76.32             0.0588              0                     0
6     12     0.56          76.32             0.0644              0                     0
6     12     0.56          76.32             0.07              0.0547764                     0.0316252
6     12     0.56          76.32             0.0756              0.0547764                     0.0316252
6     12     0.56          76.32             0.0812              0.0912941                     0.0408279
6     12     0.56          76.32             0.0868              0.0912941                     0.0408279
6     12     0.56          76.32             0.0924              0.164329                     0.0547764
6     12     0.56          76.32             0.098              0.182588                     0.0577394
6     12     0.56          76.32             0.1036              0.164329                     0.0547764
6     12     0.56          76.32             0.1092              0.237365                     0.0658331
6     12     0.56          76.32             0.1148              0.3104                     0.075283
6     12     0.56          76.32             0.1204              0.438211                     0.0894495
6     12     0.56          76.32             0.126              0.584282                     0.103287
6     12     0.56          76.32             0.1316              0.474729                     0.093102
6     12     0.56          76.32             0.1372              0.748611                     0.116913
6     12     0.56          76.32             0.1428              0.566023                     0.101661
6     12     0.56          76.32             0.1484              0.876423                     0.126501
6     12     0.56          76.32             0.154              0.912941                     0.129109
6     12     0.56          76.32             0.1596              0.912941                     0.129109
6     12     0.56          76.32             0.1652              1.04075                     0.137851
6     12     0.56          76.32             0.1708              0.985976                     0.134174
6     12     0.56          76.32             0.1764              1.16856                     0.14607
6     12     0.56          76.32             0.182              1.31463                     0.154931
6     12     0.56          76.32             0.1876              1.29638                     0.153851
6     12     0.56          76.32             0.1932              1.07727                     0.140249
6     12     0.56          76.32             0.1988              1.20508                     0.148335
6     12     0.56          76.32             0.2044              1.38767                     0.159177
6     12     0.56          76.32             0.21              1.02249                     0.136636
6     12     0.56          76.32             0.2156              1.18682                     0.147207
6     12     0.56          76.32             0.2212              1.25986                     0.151669
6     12     0.56          76.32             0.2268              0.985976                     0.134174
6     12     0.56          76.32             0.2324              0.949458                     0.131666
6     12     0.56          76.32             0.238              0.912941                     0.129109
6     12     0.56          76.32             0.2436              0.748611                     0.116913
6     12     0.56          76.32             0.2492              1.00423                     0.135411
6     12     0.56          76.32             0.2548              1.05901                     0.139055
6     12     0.56          76.32             0.2604              1.05901                     0.139055
6     12     0.56          76.32             0.266              0.931199                     0.130394
6     12     0.56          76.32             0.2716              0.730352                     0.115479
6     12     0.56          76.32             0.2772              0.693835                     0.112555
6     12     0.56          76.32             0.2828              0.584282                     0.103287
6     12     0.56          76.32             0.2884              0.748611                     0.116913
6     12     0.56          76.32             0.294              0.675576                     0.111064
6     12     0.56          76.32             0.2996              0.675576                     0.111064
6     12     0.56          76.32             0.3052              0.6208                     0.106466
6     12     0.56          76.32             0.3108              0.602541                     0.104889
6     12     0.56          76.32             0.3164              0.639058                     0.108021
6     12     0.56          76.32             0.322              0.876423                     0.126501
6     12     0.56          76.32             0.3276              0.748611                     0.116913
6     12     0.56          76.32             0.3332              0.675576                     0.111064
6     12     0.56          76.32             0.3388              0.693835                     0.112555
6     12     0.56          76.32             0.3444              0.803388                     0.121115
6     12     0.56          76.32             0.35              0.858164                     0.125176
6     12     0.56          76.32             0.3556              0.821647                     0.122484
6     12     0.56          76.32             0.3612              1.05901                     0.139055
6     12     0.56          76.32             0.3668              0.858164                     0.125176
6     12     0.56          76.32             0.3724              1.16856                     0.14607
6     12     0.56          76.32             0.378              0.858164                     0.125176
6     12     0.56          76.32             0.3836              1.00423                     0.135411
6     12     0.56          76.32             0.3892              1.02249                     0.136636
6     12     0.56          76.32             0.3948              1.04075                     0.137851
6     12     0.56          76.32             0.4004              1.57026                     0.169325
6     12     0.56          76.32             0.406              1.04075                     0.137851
6     12     0.56          76.32             0.4116              1.40593                     0.16022
6     12     0.56          76.32             0.4172              1.25986                     0.151669
6     12     0.56          76.32             0.4228              1.4607                     0.163312
6     12     0.56          76.32             0.4284              1.60678                     0.171283
6     12     0.56          76.32             0.434              1.25986                     0.151669
6     12     0.56          76.32             0.4396              1.44245                     0.162288
6     12     0.56          76.32             0.4452              1.02249                     0.136636
6     12     0.56          76.32             0.4508              1.29638                     0.153851
6     12     0.56          76.32             0.4564              1.29638                     0.153851
6     12     0.56          76.32             0.462              0.967717                     0.132926
6     12     0.56          76.32             0.4676              1.22334                     0.149455
6     12     0.56          76.32             0.4732              1.05901                     0.139055
6     12     0.56          76.32             0.4788              1.31463                     0.154931
6     12     0.56          76.32             0.4844              1.2416                     0.150566
6     12     0.56          76.32             0.49              1.13205                     0.14377
6     12     0.56          76.32             0.4956              1.04075                     0.137851
6     12     0.56          76.32             0.5012              1.04075                     0.137851
6     12     0.56          76.32             0.5068              1.11379                     0.142606
6     12     0.56          76.32             0.5124              0.730352                     0.115479
6     12     0.56          76.32             0.518              0.858164                     0.125176
6     12     0.56          76.32             0.5236              0.566023                     0.101661
6     12     0.56          76.32             0.5292              0.748611                     0.116913
6     12     0.56          76.32             0.5348              0.438211                     0.0894495
6     12     0.56          76.32             0.5404              0                     0
6     12     0.56          76.32             0.546              0                     0
6     12     0.56          76.32             0.5516              0                     0
*******************************************************************************************************
 Average angle 76.6867 +- 1.20398 deg 
 Average E' 0.229117 +- 0.00359712 GeV 
