*******************************************************************************************************
Z     A     E(GeV)     Theta(deg)     Energy Loss(GeV)     Sigma(nb/sr/GeV)     ERROR     Citation     
*******************************************************************************************************
6     12     0.06          142.3             0.0003              0.162078                     0.066168
6     12     0.06          142.3             0.0009              0.27013                     0.0854225
6     12     0.06          142.3             0.0015              0.162078                     0.066168
6     12     0.06          142.3             0.0021              0.135065                     0.0604028
6     12     0.06          142.3             0.0027              0.297143                     0.0895919
6     12     0.06          142.3             0.0033              0.27013                     0.0854225
6     12     0.06          142.3             0.0039              0.027013                     0.027013
6     12     0.06          142.3             0.0045              0.0810389                     0.0467878
6     12     0.06          142.3             0.0051              0.108052                     0.054026
6     12     0.06          142.3             0.0057              0.162078                     0.066168
6     12     0.06          142.3             0.0063              0.27013                     0.0854225
6     12     0.06          142.3             0.0069              0.243117                     0.0810389
6     12     0.06          142.3             0.0075              0.351169                     0.0973967
6     12     0.06          142.3             0.0081              0.216104                     0.0764042
6     12     0.06          142.3             0.0087              0.216104                     0.0764042
6     12     0.06          142.3             0.0093              0.162078                     0.066168
6     12     0.06          142.3             0.0099              0.351169                     0.0973967
6     12     0.06          142.3             0.0105              0.243117                     0.0810389
6     12     0.06          142.3             0.0111              0.135065                     0.0604028
6     12     0.06          142.3             0.0117              0.189091                     0.0714696
6     12     0.06          142.3             0.0123              0.189091                     0.0714696
6     12     0.06          142.3             0.0129              0.27013                     0.0854225
6     12     0.06          142.3             0.0135              0.27013                     0.0854225
6     12     0.06          142.3             0.0141              0.162078                     0.066168
6     12     0.06          142.3             0.0147              0.324156                     0.0935757
6     12     0.06          142.3             0.0153              0.324156                     0.0935757
6     12     0.06          142.3             0.0159              0.297143                     0.0895919
6     12     0.06          142.3             0.0165              0.162078                     0.066168
6     12     0.06          142.3             0.0171              0.162078                     0.066168
6     12     0.06          142.3             0.0177              0.243117                     0.0810389
6     12     0.06          142.3             0.0183              0.054026                     0.0382021
6     12     0.06          142.3             0.0189              0.189091                     0.0714696
6     12     0.06          142.3             0.0195              0.0810389                     0.0467878
6     12     0.06          142.3             0.0201              0.324156                     0.0935757
6     12     0.06          142.3             0.0207              0.243117                     0.0810389
6     12     0.06          142.3             0.0213              0.135065                     0.0604028
6     12     0.06          142.3             0.0219              0.162078                     0.066168
6     12     0.06          142.3             0.0225              0.216104                     0.0764042
6     12     0.06          142.3             0.0231              0.0810389                     0.0467878
6     12     0.06          142.3             0.0237              0.054026                     0.0382021
6     12     0.06          142.3             0.0243              0.135065                     0.0604028
6     12     0.06          142.3             0.0249              0.0810389                     0.0467878
6     12     0.06          142.3             0.0255              0.108052                     0.054026
6     12     0.06          142.3             0.0261              0.054026                     0.0382021
6     12     0.06          142.3             0.0267              0.0810389                     0.0467878
6     12     0.06          142.3             0.0273              0.054026                     0.0382021
6     12     0.06          142.3             0.0279              0.027013                     0.027013
6     12     0.06          142.3             0.0285              0.027013                     0.027013
6     12     0.06          142.3             0.0291              0.027013                     0.027013
6     12     0.06          142.3             0.0297              0                     0
6     12     0.06          142.3             0.0303              0.0810389                     0.0467878
6     12     0.06          142.3             0.0309              0                     0
6     12     0.06          142.3             0.0315              0.054026                     0.0382021
6     12     0.06          142.3             0.0321              0.027013                     0.027013
6     12     0.06          142.3             0.0327              0.0810389                     0.0467878
6     12     0.06          142.3             0.0333              0.027013                     0.027013
6     12     0.06          142.3             0.0339              0.054026                     0.0382021
6     12     0.06          142.3             0.0345              0.027013                     0.027013
6     12     0.06          142.3             0.0351              0                     0
6     12     0.06          142.3             0.0357              0.027013                     0.027013
6     12     0.06          142.3             0.0363              0                     0
6     12     0.06          142.3             0.0369              0.0810389                     0.0467878
6     12     0.06          142.3             0.0375              0                     0
6     12     0.06          142.3             0.0381              0                     0
6     12     0.06          142.3             0.0387              0.054026                     0.0382021
6     12     0.06          142.3             0.0393              0.027013                     0.027013
6     12     0.06          142.3             0.0399              0.027013                     0.027013
6     12     0.06          142.3             0.0405              0.027013                     0.027013
6     12     0.06          142.3             0.0411              0                     0
6     12     0.06          142.3             0.0417              0                     0
6     12     0.06          142.3             0.0423              0                     0
6     12     0.06          142.3             0.0429              0                     0
6     12     0.06          142.3             0.0435              0                     0
6     12     0.06          142.3             0.0441              0                     0
6     12     0.06          142.3             0.0447              0.027013                     0.027013
6     12     0.06          142.3             0.0453              0                     0
6     12     0.06          142.3             0.0459              0                     0
6     12     0.06          142.3             0.0465              0                     0
6     12     0.06          142.3             0.0471              0                     0
6     12     0.06          142.3             0.0477              0.027013                     0.027013
6     12     0.06          142.3             0.0483              0                     0
6     12     0.06          142.3             0.0489              0                     0
6     12     0.06          142.3             0.0495              0                     0
6     12     0.06          142.3             0.0501              0                     0
6     12     0.06          142.3             0.0507              0                     0
6     12     0.06          142.3             0.0513              0                     0
6     12     0.06          142.3             0.0519              0                     0
6     12     0.06          142.3             0.0525              0                     0
6     12     0.06          142.3             0.0531              0                     0
6     12     0.06          142.3             0.0537              0                     0
6     12     0.06          142.3             0.0543              0                     0
6     12     0.06          142.3             0.0549              0                     0
6     12     0.06          142.3             0.0555              0                     0
6     12     0.06          142.3             0.0561              0                     0
6     12     0.06          142.3             0.0567              0                     0
6     12     0.06          142.3             0.0573              0                     0
6     12     0.06          142.3             0.0579              0                     0
6     12     0.06          142.3             0.0585              0                     0
6     12     0.06          142.3             0.0591              0                     0
*******************************************************************************************************
 Average angle 142.804 +- 7.72197 deg 
 Average E' 0.0457191 +- 0.0024722 GeV 
