*******************************************************************************************************
Z     A     E(GeV)     Theta(deg)     Energy Loss(GeV)     Sigma(nb/sr/GeV)     ERROR     Citation     
*******************************************************************************************************
6     12     0.74          16.8             0.0037              336.543                     4.17527
6     12     0.74          16.8             0.0111              581.401                     5.48785
6     12     0.74          16.8             0.0185              716.547                     6.09237
6     12     0.74          16.8             0.0259              755.967                     6.25771
6     12     0.74          16.8             0.0333              753.895                     6.24913
6     12     0.74          16.8             0.0407              696.449                     6.00632
6     12     0.74          16.8             0.0481              634.496                     5.73296
6     12     0.74          16.8             0.0555              564.359                     5.40682
6     12     0.74          16.8             0.0629              467.131                     4.91907
6     12     0.74          16.8             0.0703              371.819                     4.38864
6     12     0.74          16.8             0.0777              297.227                     3.92382
6     12     0.74          16.8             0.0851              234.187                     3.48294
6     12     0.74          16.8             0.0925              176.793                     3.02619
6     12     0.74          16.8             0.0999              135.56                     2.6499
6     12     0.74          16.8             0.1073              97.2283                     2.24419
6     12     0.74          16.8             0.1147              82.5171                     2.06746
6     12     0.74          16.8             0.1221              59.3108                     1.75279
6     12     0.74          16.8             0.1295              48.3292                     1.58223
6     12     0.74          16.8             0.1369              42.7867                     1.48874
6     12     0.74          16.8             0.1443              37.3995                     1.39186
6     12     0.74          16.8             0.1517              30.4065                     1.25501
6     12     0.74          16.8             0.1591              29.2151                     1.23018
6     12     0.74          16.8             0.1665              29.4223                     1.23453
6     12     0.74          16.8             0.1739              29.6813                     1.23995
6     12     0.74          16.8             0.1813              28.5935                     1.21702
6     12     0.74          16.8             0.1887              32.7375                     1.30223
6     12     0.74          16.8             0.1961              31.4425                     1.27621
6     12     0.74          16.8             0.2035              34.3951                     1.33479
6     12     0.74          16.8             0.2109              33.2555                     1.31249
6     12     0.74          16.8             0.2183              34.9649                     1.3458
6     12     0.74          16.8             0.2257              38.4873                     1.41196
6     12     0.74          16.8             0.2331              38.0729                     1.40434
6     12     0.74          16.8             0.2405              36.7779                     1.38025
6     12     0.74          16.8             0.2479              37.2441                     1.38897
6     12     0.74          16.8             0.2553              34.9649                     1.3458
6     12     0.74          16.8             0.2627              37.7103                     1.39764
6     12     0.74          16.8             0.2701              34.8613                     1.3438
6     12     0.74          16.8             0.2775              35.5347                     1.35672
6     12     0.74          16.8             0.2849              32.1159                     1.28981
6     12     0.74          16.8             0.2923              37.2959                     1.38994
6     12     0.74          16.8             0.2997              33.9289                     1.32571
6     12     0.74          16.8             0.3071              35.4829                     1.35573
6     12     0.74          16.8             0.3145              35.2239                     1.35077
6     12     0.74          16.8             0.3219              37.4513                     1.39283
6     12     0.74          16.8             0.3293              37.5549                     1.39475
6     12     0.74          16.8             0.3367              40.5593                     1.44947
6     12     0.74          16.8             0.3441              41.3881                     1.4642
6     12     0.74          16.8             0.3515              41.9579                     1.47425
6     12     0.74          16.8             0.3589              36.8815                     1.38219
6     12     0.74          16.8             0.3663              39.7305                     1.43458
6     12     0.74          16.8             0.3737              36.2081                     1.36952
6     12     0.74          16.8             0.3811              33.9807                     1.32672
6     12     0.74          16.8             0.3885              32.1677                     1.29084
6     12     0.74          16.8             0.3959              28.3345                     1.2115
6     12     0.74          16.8             0.4033              24.8639                     1.13488
6     12     0.74          16.8             0.4107              22.1703                     1.07164
6     12     0.74          16.8             0.4181              20.4091                     1.0282
6     12     0.74          16.8             0.4255              16.3687                     0.920814
6     12     0.74          16.8             0.4329              14.6075                     0.869867
6     12     0.74          16.8             0.4403              12.432                     0.802479
6     12     0.74          16.8             0.4477              10.7744                     0.747068
6     12     0.74          16.8             0.4551              7.61457                     0.628039
6     12     0.74          16.8             0.4625              5.02458                     0.510169
6     12     0.74          16.8             0.4699              3.88499                     0.4486
6     12     0.74          16.8             0.4773              1.86479                     0.310799
6     12     0.74          16.8             0.4847              0.414399                     0.146512
6     12     0.74          16.8             0.4921              0                     0
6     12     0.74          16.8             0.4995              0                     0
6     12     0.74          16.8             0.5069              0                     0
6     12     0.74          16.8             0.5143              0                     0
6     12     0.74          16.8             0.5217              0                     0
6     12     0.74          16.8             0.5291              0                     0
6     12     0.74          16.8             0.5365              0                     0
6     12     0.74          16.8             0.5439              0                     0
6     12     0.74          16.8             0.5513              0                     0
6     12     0.74          16.8             0.5587              0                     0
6     12     0.74          16.8             0.5661              0                     0
6     12     0.74          16.8             0.5735              0                     0
6     12     0.74          16.8             0.5809              0                     0
6     12     0.74          16.8             0.5883              0                     0
6     12     0.74          16.8             0.5957              0                     0
6     12     0.74          16.8             0.6031              0                     0
6     12     0.74          16.8             0.6105              0                     0
6     12     0.74          16.8             0.6179              0                     0
6     12     0.74          16.8             0.6253              0                     0
6     12     0.74          16.8             0.6327              0                     0
6     12     0.74          16.8             0.6401              0                     0
6     12     0.74          16.8             0.6475              0                     0
6     12     0.74          16.8             0.6549              0                     0
6     12     0.74          16.8             0.6623              0                     0
6     12     0.74          16.8             0.6697              0                     0
6     12     0.74          16.8             0.6771              0                     0
6     12     0.74          16.8             0.6845              0                     0
6     12     0.74          16.8             0.6919              0                     0
6     12     0.74          16.8             0.6993              0                     0
6     12     0.74          16.8             0.7067              0                     0
6     12     0.74          16.8             0.7141              0                     0
6     12     0.74          16.8             0.7215              0                     0
6     12     0.74          16.8             0.7289              0                     0
*******************************************************************************************************
 Average angle 17.0096 +- 0.0421933 deg 
 Average E' 0.654678 +- 0.00162397 GeV 
