*******************************************************************************************************
Z     A     E(GeV)     Theta(deg)     Energy Loss(GeV)     Sigma(nb/sr/GeV)     ERROR     Citation     
*******************************************************************************************************
6     12     0.68          30.4             0.0034              1.76865                     0.238484
6     12     0.68          30.4             0.0102              7.52479                     0.491911
6     12     0.68          30.4             0.017              15.4033                     0.703795
6     12     0.68          30.4             0.0238              24.9218                     0.895219
6     12     0.68          30.4             0.0306              32.8325                     1.02752
6     12     0.68          30.4             0.0374              42.5762                     1.1701
6     12     0.68          30.4             0.0442              49.5221                     1.26194
6     12     0.68          30.4             0.051              54.41                     1.32275
6     12     0.68          30.4             0.0578              62.4172                     1.41674
6     12     0.68          30.4             0.0646              61.774                     1.40943
6     12     0.68          30.4             0.0714              62.6744                     1.41966
6     12     0.68          30.4             0.0782              61.8705                     1.41053
6     12     0.68          30.4             0.085              59.6195                     1.38463
6     12     0.68          30.4             0.0918              56.1465                     1.34369
6     12     0.68          30.4             0.0986              54.4422                     1.32314
6     12     0.68          30.4             0.1054              47.9786                     1.24212
6     12     0.68          30.4             0.1122              40.5824                     1.14237
6     12     0.68          30.4             0.119              36.6592                     1.08575
6     12     0.68          30.4             0.1258              34.1831                     1.04844
6     12     0.68          30.4             0.1326              28.845                     0.963107
6     12     0.68          30.4             0.1394              25.1148                     0.898678
6     12     0.68          30.4             0.1462              20.8379                     0.818589
6     12     0.68          30.4             0.153              18.7155                     0.775783
6     12     0.68          30.4             0.1598              15.2747                     0.70085
6     12     0.68          30.4             0.1666              13.8276                     0.666826
6     12     0.68          30.4             0.1734              11.0621                     0.596428
6     12     0.68          30.4             0.1802              10.3868                     0.577936
6     12     0.68          30.4             0.187              9.00402                     0.538093
6     12     0.68          30.4             0.1938              8.48951                     0.522493
6     12     0.68          30.4             0.2006              7.71773                     0.498178
6     12     0.68          30.4             0.2074              8.20009                     0.51351
6     12     0.68          30.4             0.2142              7.87852                     0.50334
6     12     0.68          30.4             0.221              7.46047                     0.489804
6     12     0.68          30.4             0.2278              7.1389                     0.479132
6     12     0.68          30.4             0.2346              8.0393                     0.50845
6     12     0.68          30.4             0.2414              7.49263                     0.490859
6     12     0.68          30.4             0.2482              8.00715                     0.507432
6     12     0.68          30.4             0.255              7.364                     0.486627
6     12     0.68          30.4             0.2618              7.23537                     0.482358
6     12     0.68          30.4             0.2686              7.55695                     0.492961
6     12     0.68          30.4             0.2754              7.39616                     0.487688
6     12     0.68          30.4             0.2822              9.00402                     0.538093
6     12     0.68          30.4             0.289              8.29656                     0.516521
6     12     0.68          30.4             0.2958              7.46047                     0.489804
6     12     0.68          30.4             0.3026              8.39303                     0.519516
6     12     0.68          30.4             0.3094              8.39303                     0.519516
6     12     0.68          30.4             0.3162              9.38991                     0.549503
6     12     0.68          30.4             0.323              9.16481                     0.542876
6     12     0.68          30.4             0.3298              9.90442                     0.564357
6     12     0.68          30.4             0.3366              9.29344                     0.546673
6     12     0.68          30.4             0.3434              9.03618                     0.539053
6     12     0.68          30.4             0.3502              10.2582                     0.574346
6     12     0.68          30.4             0.357              11.0942                     0.597294
6     12     0.68          30.4             0.3638              11.0621                     0.596428
6     12     0.68          30.4             0.3706              11.0621                     0.596428
6     12     0.68          30.4             0.3774              11.1907                     0.599885
6     12     0.68          30.4             0.3842              11.8017                     0.616044
6     12     0.68          30.4             0.391              10.6762                     0.585932
6     12     0.68          30.4             0.3978              10.7405                     0.587695
6     12     0.68          30.4             0.4046              10.9978                     0.594691
6     12     0.68          30.4             0.4114              9.48638                     0.552318
6     12     0.68          30.4             0.4182              9.64717                     0.556979
6     12     0.68          30.4             0.425              9.71148                     0.558833
6     12     0.68          30.4             0.4318              9.77579                     0.56068
6     12     0.68          30.4             0.4386              9.64717                     0.556979
6     12     0.68          30.4             0.4454              8.77892                     0.531324
6     12     0.68          30.4             0.4522              8.48951                     0.522493
6     12     0.68          30.4             0.459              7.94283                     0.50539
6     12     0.68          30.4             0.4658              7.62126                     0.495054
6     12     0.68          30.4             0.4726              7.91068                     0.504366
6     12     0.68          30.4             0.4794              7.07459                     0.476969
6     12     0.68          30.4             0.4862              6.78517                     0.467111
6     12     0.68          30.4             0.493              7.01027                     0.474796
6     12     0.68          30.4             0.4998              5.20947                     0.409295
6     12     0.68          30.4             0.5066              5.82046                     0.432631
6     12     0.68          30.4             0.5134              5.27378                     0.411813
6     12     0.68          30.4             0.5202              4.14828                     0.365236
6     12     0.68          30.4             0.527              4.59848                     0.384544
6     12     0.68          30.4             0.5338              4.79143                     0.392529
6     12     0.68          30.4             0.5406              4.27691                     0.370855
6     12     0.68          30.4             0.5474              4.08397                     0.362393
6     12     0.68          30.4             0.5542              4.24475                     0.369458
6     12     0.68          30.4             0.561              3.44082                     0.332637
6     12     0.68          30.4             0.5678              3.40867                     0.331079
6     12     0.68          30.4             0.5746              2.12238                     0.261246
6     12     0.68          30.4             0.5814              0.707459                     0.150831
6     12     0.68          30.4             0.5882              0                     0
6     12     0.68          30.4             0.595              0                     0
6     12     0.68          30.4             0.6018              0                     0
6     12     0.68          30.4             0.6086              0                     0
6     12     0.68          30.4             0.6154              0                     0
6     12     0.68          30.4             0.6222              0                     0
6     12     0.68          30.4             0.629              0                     0
6     12     0.68          30.4             0.6358              0                     0
6     12     0.68          30.4             0.6426              0                     0
6     12     0.68          30.4             0.6494              0                     0
6     12     0.68          30.4             0.6562              0                     0
6     12     0.68          30.4             0.663              0                     0
6     12     0.68          30.4             0.6698              0                     0
*******************************************************************************************************
 Average angle 30.6168 +- 0.146236 deg 
 Average E' 0.503863 +- 0.00240662 GeV 
