*******************************************************************************************************
Z     A     E(GeV)     Theta(deg)     Energy Loss(GeV)     Sigma(nb/sr/GeV)     ERROR     Citation     
*******************************************************************************************************
6     12     0.06          136.5             0.0003              0.215982                     0.0719941
6     12     0.06          136.5             0.0009              0.11999                     0.0536613
6     12     0.06          136.5             0.0015              0.191984                     0.0678767
6     12     0.06          136.5             0.0021              0.167986                     0.0634929
6     12     0.06          136.5             0.0027              0.143988                     0.058783
6     12     0.06          136.5             0.0033              0.407967                     0.0989465
6     12     0.06          136.5             0.0039              0.263979                     0.0795925
6     12     0.06          136.5             0.0045              0.287977                     0.0831317
6     12     0.06          136.5             0.0051              0.311975                     0.0865262
6     12     0.06          136.5             0.0057              0.191984                     0.0678767
6     12     0.06          136.5             0.0063              0.263979                     0.0795925
6     12     0.06          136.5             0.0069              0.287977                     0.0831317
6     12     0.06          136.5             0.0075              0.191984                     0.0678767
6     12     0.06          136.5             0.0081              0.23998                     0.0758885
6     12     0.06          136.5             0.0087              0.215982                     0.0719941
6     12     0.06          136.5             0.0093              0.287977                     0.0831317
6     12     0.06          136.5             0.0099              0.23998                     0.0758885
6     12     0.06          136.5             0.0105              0.215982                     0.0719941
6     12     0.06          136.5             0.0111              0.287977                     0.0831317
6     12     0.06          136.5             0.0117              0.215982                     0.0719941
6     12     0.06          136.5             0.0123              0.383969                     0.0959922
6     12     0.06          136.5             0.0129              0.335973                     0.0897925
6     12     0.06          136.5             0.0135              0.311975                     0.0865262
6     12     0.06          136.5             0.0141              0.359971                     0.092944
6     12     0.06          136.5             0.0147              0.359971                     0.092944
6     12     0.06          136.5             0.0153              0.0959922                     0.0479961
6     12     0.06          136.5             0.0159              0.215982                     0.0719941
6     12     0.06          136.5             0.0165              0.11999                     0.0536613
6     12     0.06          136.5             0.0171              0.287977                     0.0831317
6     12     0.06          136.5             0.0177              0.263979                     0.0795925
6     12     0.06          136.5             0.0183              0.311975                     0.0865262
6     12     0.06          136.5             0.0189              0.215982                     0.0719941
6     12     0.06          136.5             0.0195              0.191984                     0.0678767
6     12     0.06          136.5             0.0201              0.0959922                     0.0479961
6     12     0.06          136.5             0.0207              0.215982                     0.0719941
6     12     0.06          136.5             0.0213              0.23998                     0.0758885
6     12     0.06          136.5             0.0219              0.167986                     0.0634929
6     12     0.06          136.5             0.0225              0.0959922                     0.0479961
6     12     0.06          136.5             0.0231              0.0479961                     0.0339384
6     12     0.06          136.5             0.0237              0.0719941                     0.0415658
6     12     0.06          136.5             0.0243              0.0959922                     0.0479961
6     12     0.06          136.5             0.0249              0.0959922                     0.0479961
6     12     0.06          136.5             0.0255              0.0479961                     0.0339384
6     12     0.06          136.5             0.0261              0.167986                     0.0634929
6     12     0.06          136.5             0.0267              0.0719941                     0.0415658
6     12     0.06          136.5             0.0273              0.023998                     0.023998
6     12     0.06          136.5             0.0279              0.0719941                     0.0415658
6     12     0.06          136.5             0.0285              0.0479961                     0.0339384
6     12     0.06          136.5             0.0291              0.0479961                     0.0339384
6     12     0.06          136.5             0.0297              0.0479961                     0.0339384
6     12     0.06          136.5             0.0303              0.11999                     0.0536613
6     12     0.06          136.5             0.0309              0.0479961                     0.0339384
6     12     0.06          136.5             0.0315              0.0479961                     0.0339384
6     12     0.06          136.5             0.0321              0.023998                     0.023998
6     12     0.06          136.5             0.0327              0                     0
6     12     0.06          136.5             0.0333              0                     0
6     12     0.06          136.5             0.0339              0.0479961                     0.0339384
6     12     0.06          136.5             0.0345              0                     0
6     12     0.06          136.5             0.0351              0.023998                     0.023998
6     12     0.06          136.5             0.0357              0                     0
6     12     0.06          136.5             0.0363              0.023998                     0.023998
6     12     0.06          136.5             0.0369              0.0719941                     0.0415658
6     12     0.06          136.5             0.0375              0.0479961                     0.0339384
6     12     0.06          136.5             0.0381              0.0479961                     0.0339384
6     12     0.06          136.5             0.0387              0                     0
6     12     0.06          136.5             0.0393              0                     0
6     12     0.06          136.5             0.0399              0                     0
6     12     0.06          136.5             0.0405              0                     0
6     12     0.06          136.5             0.0411              0.023998                     0.023998
6     12     0.06          136.5             0.0417              0                     0
6     12     0.06          136.5             0.0423              0                     0
6     12     0.06          136.5             0.0429              0                     0
6     12     0.06          136.5             0.0435              0                     0
6     12     0.06          136.5             0.0441              0.023998                     0.023998
6     12     0.06          136.5             0.0447              0                     0
6     12     0.06          136.5             0.0453              0                     0
6     12     0.06          136.5             0.0459              0                     0
6     12     0.06          136.5             0.0465              0                     0
6     12     0.06          136.5             0.0471              0                     0
6     12     0.06          136.5             0.0477              0                     0
6     12     0.06          136.5             0.0483              0                     0
6     12     0.06          136.5             0.0489              0                     0
6     12     0.06          136.5             0.0495              0                     0
6     12     0.06          136.5             0.0501              0                     0
6     12     0.06          136.5             0.0507              0                     0
6     12     0.06          136.5             0.0513              0                     0
6     12     0.06          136.5             0.0519              0                     0
6     12     0.06          136.5             0.0525              0                     0
6     12     0.06          136.5             0.0531              0                     0
6     12     0.06          136.5             0.0537              0                     0
6     12     0.06          136.5             0.0543              0                     0
6     12     0.06          136.5             0.0549              0                     0
6     12     0.06          136.5             0.0555              0                     0
6     12     0.06          136.5             0.0561              0                     0
6     12     0.06          136.5             0.0567              0                     0
6     12     0.06          136.5             0.0573              0                     0
6     12     0.06          136.5             0.0579              0                     0
6     12     0.06          136.5             0.0585              0                     0
6     12     0.06          136.5             0.0591              0                     0
*******************************************************************************************************
 Average angle 136.96 +- 6.57428 deg 
 Average E' 0.0464252 +- 0.00222848 GeV 
