*******************************************************************************************************
Z     A     E(GeV)     Theta(deg)     Energy Loss(GeV)     Sigma(nb/sr/GeV)     ERROR     Citation     
*******************************************************************************************************
6     12     0.2          90.4             0.001              0.758882                     0.136299
6     12     0.2          90.4             0.003              1.61568                     0.198877
6     12     0.2          90.4             0.005              2.66833                     0.255579
6     12     0.2          90.4             0.007              3.28033                     0.283377
6     12     0.2          90.4             0.009              4.25953                     0.322914
6     12     0.2          90.4             0.011              4.84705                     0.344465
6     12     0.2          90.4             0.013              5.70385                     0.373672
6     12     0.2          90.4             0.015              5.11633                     0.353904
6     12     0.2          90.4             0.017              6.38929                     0.395487
6     12     0.2          90.4             0.019              7.27058                     0.421882
6     12     0.2          90.4             0.021              7.90706                     0.43996
6     12     0.2          90.4             0.023              7.3685                     0.424713
6     12     0.2          90.4             0.025              9.00866                     0.469609
6     12     0.2          90.4             0.027              9.84098                     0.490824
6     12     0.2          90.4             0.029              8.91074                     0.46705
6     12     0.2          90.4             0.031              10.8447                     0.515246
6     12     0.2          90.4             0.033              10.0858                     0.496891
6     12     0.2          90.4             0.035              10.4775                     0.506447
6     12     0.2          90.4             0.037              10.1592                     0.498697
6     12     0.2          90.4             0.039              11.016                     0.5193
6     12     0.2          90.4             0.041              10.7957                     0.514081
6     12     0.2          90.4             0.043              11.1384                     0.522177
6     12     0.2          90.4             0.045              11.3343                     0.526748
6     12     0.2          90.4             0.047              9.96338                     0.493867
6     12     0.2          90.4             0.049              10.1837                     0.499297
6     12     0.2          90.4             0.051              10.1347                     0.498095
6     12     0.2          90.4             0.053              9.3269                     0.477832
6     12     0.2          90.4             0.055              10.3306                     0.502885
6     12     0.2          90.4             0.057              9.13106                     0.472788
6     12     0.2          90.4             0.059              8.51906                     0.45667
6     12     0.2          90.4             0.061              8.91074                     0.46705
6     12     0.2          90.4             0.063              8.86178                     0.465765
6     12     0.2          90.4             0.065              7.88258                     0.439279
6     12     0.2          90.4             0.067              7.66226                     0.433096
6     12     0.2          90.4             0.069              7.2461                     0.421171
6     12     0.2          90.4             0.071              7.02578                     0.414718
6     12     0.2          90.4             0.073              6.36481                     0.394729
6     12     0.2          90.4             0.075              5.55697                     0.368829
6     12     0.2          90.4             0.077              5.70385                     0.373672
6     12     0.2          90.4             0.079              5.63041                     0.371258
6     12     0.2          90.4             0.081              4.47985                     0.33116
6     12     0.2          90.4             0.083              4.99393                     0.349645
6     12     0.2          90.4             0.085              3.81889                     0.305756
6     12     0.2          90.4             0.087              4.01473                     0.313498
6     12     0.2          90.4             0.089              2.83969                     0.263658
6     12     0.2          90.4             0.091              3.15793                     0.27804
6     12     0.2          90.4             0.093              2.42353                     0.243573
6     12     0.2          90.4             0.095              2.47249                     0.246022
6     12     0.2          90.4             0.097              2.10528                     0.227019
6     12     0.2          90.4             0.099              2.42353                     0.243573
6     12     0.2          90.4             0.101              1.73808                     0.206273
6     12     0.2          90.4             0.103              1.98288                     0.220321
6     12     0.2          90.4             0.105              1.54224                     0.194304
6     12     0.2          90.4             0.107              1.90944                     0.216202
6     12     0.2          90.4             0.109              1.49328                     0.191195
6     12     0.2          90.4             0.111              1.5912                     0.197365
6     12     0.2          90.4             0.113              1.12608                     0.166032
6     12     0.2          90.4             0.115              1.19952                     0.17136
6     12     0.2          90.4             0.117              1.12608                     0.166032
6     12     0.2          90.4             0.119              0.856802                     0.144826
6     12     0.2          90.4             0.121              1.1016                     0.164217
6     12     0.2          90.4             0.123              1.15056                     0.167827
6     12     0.2          90.4             0.125              0.905762                     0.148906
6     12     0.2          90.4             0.127              0.734402                     0.134083
6     12     0.2          90.4             0.129              1.07712                     0.162382
6     12     0.2          90.4             0.131              0.416161                     0.100934
6     12     0.2          90.4             0.133              0.881282                     0.14688
6     12     0.2          90.4             0.135              0.954722                     0.152878
6     12     0.2          90.4             0.137              0.685442                     0.129536
6     12     0.2          90.4             0.139              0.807842                     0.140627
6     12     0.2          90.4             0.141              0.612001                     0.1224
6     12     0.2          90.4             0.143              0.783362                     0.13848
6     12     0.2          90.4             0.145              0.930242                     0.150905
6     12     0.2          90.4             0.147              0.856802                     0.144826
6     12     0.2          90.4             0.149              0.563041                     0.117402
6     12     0.2          90.4             0.151              0.391681                     0.0979202
6     12     0.2          90.4             0.153              0                     0
6     12     0.2          90.4             0.155              0                     0
6     12     0.2          90.4             0.157              0                     0
6     12     0.2          90.4             0.159              0                     0
6     12     0.2          90.4             0.161              0                     0
6     12     0.2          90.4             0.163              0                     0
6     12     0.2          90.4             0.165              0                     0
6     12     0.2          90.4             0.167              0                     0
6     12     0.2          90.4             0.169              0                     0
6     12     0.2          90.4             0.171              0                     0
6     12     0.2          90.4             0.173              0                     0
6     12     0.2          90.4             0.175              0                     0
6     12     0.2          90.4             0.177              0                     0
6     12     0.2          90.4             0.179              0                     0
6     12     0.2          90.4             0.181              0                     0
6     12     0.2          90.4             0.183              0                     0
6     12     0.2          90.4             0.185              0                     0
6     12     0.2          90.4             0.187              0                     0
6     12     0.2          90.4             0.189              0                     0
6     12     0.2          90.4             0.191              0                     0
6     12     0.2          90.4             0.193              0                     0
6     12     0.2          90.4             0.195              0                     0
6     12     0.2          90.4             0.197              0                     0
*******************************************************************************************************
 Average angle 90.9859 +- 0.740702 deg 
 Average E' 0.147047 +- 0.00119709 GeV 
