*******************************************************************************************************
Z     A     E(GeV)     Theta(deg)     Energy Loss(GeV)     Sigma(nb/sr/GeV)     ERROR     Citation     
*******************************************************************************************************
6     12     0.68          95             0.0034              0                     0
6     12     0.68          95             0.0102              0                     0
6     12     0.68          95             0.017              0                     0
6     12     0.68          95             0.0238              0                     0
6     12     0.68          95             0.0306              0                     0
6     12     0.68          95             0.0374              0                     0
6     12     0.68          95             0.0442              0                     0
6     12     0.68          95             0.051              0                     0
6     12     0.68          95             0.0578              0                     0
6     12     0.68          95             0.0646              0                     0
6     12     0.68          95             0.0714              0                     0
6     12     0.68          95             0.0782              0                     0
6     12     0.68          95             0.085              0                     0
6     12     0.68          95             0.0918              0                     0
6     12     0.68          95             0.0986              0                     0
6     12     0.68          95             0.1054              0                     0
6     12     0.68          95             0.1122              0                     0
6     12     0.68          95             0.119              0                     0
6     12     0.68          95             0.1258              0                     0
6     12     0.68          95             0.1326              0.0163348                     0.0163348
6     12     0.68          95             0.1394              0                     0
6     12     0.68          95             0.1462              0                     0
6     12     0.68          95             0.153              0                     0
6     12     0.68          95             0.1598              0                     0
6     12     0.68          95             0.1666              0                     0
6     12     0.68          95             0.1734              0                     0
6     12     0.68          95             0.1802              0.0163348                     0.0163348
6     12     0.68          95             0.187              0.0163348                     0.0163348
6     12     0.68          95             0.1938              0                     0
6     12     0.68          95             0.2006              0                     0
6     12     0.68          95             0.2074              0.0490044                     0.0282927
6     12     0.68          95             0.2142              0                     0
6     12     0.68          95             0.221              0.0490044                     0.0282927
6     12     0.68          95             0.2278              0.0490044                     0.0282927
6     12     0.68          95             0.2346              0.0490044                     0.0282927
6     12     0.68          95             0.2414              0.0490044                     0.0282927
6     12     0.68          95             0.2482              0.0980088                     0.0400119
6     12     0.68          95             0.255              0.114344                     0.0432178
6     12     0.68          95             0.2618              0.130678                     0.0462018
6     12     0.68          95             0.2686              0.147013                     0.0490044
6     12     0.68          95             0.2754              0.163348                     0.0516552
6     12     0.68          95             0.2822              0.261357                     0.0653392
6     12     0.68          95             0.289              0.130678                     0.0462018
6     12     0.68          95             0.2958              0.245022                     0.0632644
6     12     0.68          95             0.3026              0.228687                     0.0611192
6     12     0.68          95             0.3094              0.277692                     0.0673501
6     12     0.68          95             0.3162              0.179683                     0.0541764
6     12     0.68          95             0.323              0.310361                     0.0712017
6     12     0.68          95             0.3298              0.245022                     0.0632644
6     12     0.68          95             0.3366              0.359366                     0.076617
6     12     0.68          95             0.3434              0.277692                     0.0673501
6     12     0.68          95             0.3502              0.245022                     0.0632644
6     12     0.68          95             0.357              0.130678                     0.0462018
6     12     0.68          95             0.3638              0.228687                     0.0611192
6     12     0.68          95             0.3706              0.196018                     0.0565854
6     12     0.68          95             0.3774              0.294026                     0.0693027
6     12     0.68          95             0.3842              0.261357                     0.0653392
6     12     0.68          95             0.391              0.326696                     0.0730514
6     12     0.68          95             0.3978              0.196018                     0.0565854
6     12     0.68          95             0.4046              0.228687                     0.0611192
6     12     0.68          95             0.4114              0.196018                     0.0565854
6     12     0.68          95             0.4182              0.228687                     0.0611192
6     12     0.68          95             0.425              0.228687                     0.0611192
6     12     0.68          95             0.4318              0.147013                     0.0490044
6     12     0.68          95             0.4386              0.261357                     0.0653392
6     12     0.68          95             0.4454              0.359366                     0.076617
6     12     0.68          95             0.4522              0.44104                     0.0848781
6     12     0.68          95             0.459              0.310361                     0.0712017
6     12     0.68          95             0.4658              0.588053                     0.0980088
6     12     0.68          95             0.4726              0.424705                     0.0832915
6     12     0.68          95             0.4794              0.3757                     0.0783389
6     12     0.68          95             0.4862              0.424705                     0.0832915
6     12     0.68          95             0.493              0.620722                     0.100694
6     12     0.68          95             0.4998              0.522714                     0.0924036
6     12     0.68          95             0.5066              0.571718                     0.096638
6     12     0.68          95             0.5134              0.571718                     0.096638
6     12     0.68          95             0.5202              0.506379                     0.0909483
6     12     0.68          95             0.527              0.490044                     0.0894694
6     12     0.68          95             0.5338              0.539048                     0.0938363
6     12     0.68          95             0.5406              0.653392                     0.10331
6     12     0.68          95             0.5474              0.588053                     0.0980088
6     12     0.68          95             0.5542              0.44104                     0.0848781
6     12     0.68          95             0.561              0.522714                     0.0924036
6     12     0.68          95             0.5678              0.310361                     0.0712017
6     12     0.68          95             0.5746              0.44104                     0.0848781
6     12     0.68          95             0.5814              0.669727                     0.104594
6     12     0.68          95             0.5882              0.473709                     0.0879656
6     12     0.68          95             0.595              0.277692                     0.0673501
6     12     0.68          95             0.6018              0.40837                     0.081674
6     12     0.68          95             0.6086              0.359366                     0.076617
6     12     0.68          95             0.6154              0.424705                     0.0832915
6     12     0.68          95             0.6222              0.44104                     0.0848781
6     12     0.68          95             0.629              0.294026                     0.0693027
6     12     0.68          95             0.6358              0.359366                     0.076617
6     12     0.68          95             0.6426              0.326696                     0.0730514
6     12     0.68          95             0.6494              0.310361                     0.0712017
6     12     0.68          95             0.6562              0.424705                     0.0832915
6     12     0.68          95             0.663              0.310361                     0.0712017
6     12     0.68          95             0.6698              0                     0
*******************************************************************************************************
 Average angle 95.2604 +- 2.63094 deg 
 Average E' 0.194943 +- 0.00538402 GeV 
