*******************************************************************************************************
Z     A     E(GeV)     Theta(deg)     Energy Loss(GeV)     Sigma(nb/sr/GeV)     ERROR     Citation     
*******************************************************************************************************
6     12     0.2          73.6             0.001              5.56285                     0.376764
6     12     0.2          73.6             0.003              7.37461                     0.4338
6     12     0.2          73.6             0.005              9.64568                     0.49612
6     12     0.2          73.6             0.007              13.1416                     0.579088
6     12     0.2          73.6             0.009              15.3106                     0.625053
6     12     0.2          73.6             0.011              17.0458                     0.659522
6     12     0.2          73.6             0.013              19.0872                     0.697898
6     12     0.2          73.6             0.015              19.4955                     0.705323
6     12     0.2          73.6             0.017              21.1031                     0.733827
6     12     0.2          73.6             0.019              24.4204                     0.7894
6     12     0.2          73.6             0.021              23.8335                     0.779856
6     12     0.2          73.6             0.023              24.8032                     0.795562
6     12     0.2          73.6             0.025              25.6197                     0.808552
6     12     0.2          73.6             0.027              24.0121                     0.782773
6     12     0.2          73.6             0.029              24.6501                     0.793103
6     12     0.2          73.6             0.031              25.0073                     0.79883
6     12     0.2          73.6             0.033              24.0632                     0.783604
6     12     0.2          73.6             0.035              25.6708                     0.809357
6     12     0.2          73.6             0.037              24.6756                     0.793513
6     12     0.2          73.6             0.039              25.4666                     0.806132
6     12     0.2          73.6             0.041              25.1094                     0.800458
6     12     0.2          73.6             0.043              24.9052                     0.797198
6     12     0.2          73.6             0.045              23.5273                     0.77483
6     12     0.2          73.6             0.047              21.69                     0.743962
6     12     0.2          73.6             0.049              20.1079                     0.716315
6     12     0.2          73.6             0.051              20.4907                     0.723101
6     12     0.2          73.6             0.053              18.4748                     0.68661
6     12     0.2          73.6             0.055              17.4031                     0.666397
6     12     0.2          73.6             0.057              17.1989                     0.662477
6     12     0.2          73.6             0.059              15.7954                     0.634872
6     12     0.2          73.6             0.061              15.4382                     0.627652
6     12     0.2          73.6             0.063              14.2899                     0.603858
6     12     0.2          73.6             0.065              14.5706                     0.60976
6     12     0.2          73.6             0.067              12.3761                     0.561968
6     12     0.2          73.6             0.069              11.3554                     0.538296
6     12     0.2          73.6             0.071              9.59464                     0.494806
6     12     0.2          73.6             0.073              10.0284                     0.505868
6     12     0.2          73.6             0.075              8.98222                     0.478754
6     12     0.2          73.6             0.077              8.26773                     0.459318
6     12     0.2          73.6             0.079              7.60427                     0.440503
6     12     0.2          73.6             0.081              5.76699                     0.383615
6     12     0.2          73.6             0.083              5.51182                     0.375032
6     12     0.2          73.6             0.085              4.97595                     0.356335
6     12     0.2          73.6             0.087              4.89939                     0.353583
6     12     0.2          73.6             0.089              4.6187                     0.343305
6     12     0.2          73.6             0.091              3.44489                     0.296489
6     12     0.2          73.6             0.093              3.62351                     0.304078
6     12     0.2          73.6             0.095              2.57728                     0.256449
6     12     0.2          73.6             0.097              2.65384                     0.26023
6     12     0.2          73.6             0.099              2.34763                     0.244757
6     12     0.2          73.6             0.101              2.50073                     0.252612
6     12     0.2          73.6             0.103              1.78624                     0.213496
6     12     0.2          73.6             0.105              1.93934                     0.222458
6     12     0.2          73.6             0.107              2.11797                     0.232477
6     12     0.2          73.6             0.109              1.65865                     0.20573
6     12     0.2          73.6             0.111              1.86279                     0.218023
6     12     0.2          73.6             0.113              1.60761                     0.20254
6     12     0.2          73.6             0.115              1.42899                     0.190957
6     12     0.2          73.6             0.117              1.3014                     0.182233
6     12     0.2          73.6             0.119              1.12278                     0.169265
6     12     0.2          73.6             0.121              1.32692                     0.184011
6     12     0.2          73.6             0.123              1.37795                     0.187516
6     12     0.2          73.6             0.125              1.37795                     0.187516
6     12     0.2          73.6             0.127              1.19933                     0.17494
6     12     0.2          73.6             0.129              1.27588                     0.180437
6     12     0.2          73.6             0.131              0.663459                     0.130115
6     12     0.2          73.6             0.133              0.153106                     0.0625053
6     12     0.2          73.6             0.135              0                     0
6     12     0.2          73.6             0.137              0                     0
6     12     0.2          73.6             0.139              0                     0
6     12     0.2          73.6             0.141              0                     0
6     12     0.2          73.6             0.143              0                     0
6     12     0.2          73.6             0.145              0                     0
6     12     0.2          73.6             0.147              0                     0
6     12     0.2          73.6             0.149              0                     0
6     12     0.2          73.6             0.151              0                     0
6     12     0.2          73.6             0.153              0                     0
6     12     0.2          73.6             0.155              0                     0
6     12     0.2          73.6             0.157              0                     0
6     12     0.2          73.6             0.159              0                     0
6     12     0.2          73.6             0.161              0                     0
6     12     0.2          73.6             0.163              0                     0
6     12     0.2          73.6             0.165              0                     0
6     12     0.2          73.6             0.167              0                     0
6     12     0.2          73.6             0.169              0                     0
6     12     0.2          73.6             0.171              0                     0
6     12     0.2          73.6             0.173              0                     0
6     12     0.2          73.6             0.175              0                     0
6     12     0.2          73.6             0.177              0                     0
6     12     0.2          73.6             0.179              0                     0
6     12     0.2          73.6             0.181              0                     0
6     12     0.2          73.6             0.183              0                     0
6     12     0.2          73.6             0.185              0                     0
6     12     0.2          73.6             0.187              0                     0
6     12     0.2          73.6             0.189              0                     0
6     12     0.2          73.6             0.191              0                     0
6     12     0.2          73.6             0.193              0                     0
6     12     0.2          73.6             0.195              0                     0
6     12     0.2          73.6             0.197              0                     0
*******************************************************************************************************
 Average angle 74.1703 +- 0.423602 deg 
 Average E' 0.157216 +- 0.000897894 GeV 
