*******************************************************************************************************
Z     A     E(GeV)     Theta(deg)     Energy Loss(GeV)     Sigma(nb/sr/GeV)     ERROR     Citation     
*******************************************************************************************************
6     12     0.06          107.5             0.0003              0.346417                     0.0774611
6     12     0.06          107.5             0.0009              0.519625                     0.0948701
6     12     0.06          107.5             0.0015              0.640871                     0.105358
6     12     0.06          107.5             0.0021              0.744796                     0.11358
6     12     0.06          107.5             0.0027              0.744796                     0.11358
6     12     0.06          107.5             0.0033              0.710154                     0.110907
6     12     0.06          107.5             0.0039              0.779437                     0.116192
6     12     0.06          107.5             0.0045              1.10853                     0.138567
6     12     0.06          107.5             0.0051              0.866041                     0.122477
6     12     0.06          107.5             0.0057              1.19514                     0.143878
6     12     0.06          107.5             0.0063              1.17782                     0.142831
6     12     0.06          107.5             0.0069              1.19514                     0.143878
6     12     0.06          107.5             0.0075              1.00461                     0.131911
6     12     0.06          107.5             0.0081              1.05657                     0.13528
6     12     0.06          107.5             0.0087              0.900683                     0.124902
6     12     0.06          107.5             0.0093              1.14317                     0.140715
6     12     0.06          107.5             0.0099              1.00461                     0.131911
6     12     0.06          107.5             0.0105              1.2471                     0.146972
6     12     0.06          107.5             0.0111              0.935325                     0.127282
6     12     0.06          107.5             0.0117              1.17782                     0.142831
6     12     0.06          107.5             0.0123              1.22978                     0.145948
6     12     0.06          107.5             0.0129              0.935325                     0.127282
6     12     0.06          107.5             0.0135              0.952645                     0.128455
6     12     0.06          107.5             0.0141              0.952645                     0.128455
6     12     0.06          107.5             0.0147              1.00461                     0.131911
6     12     0.06          107.5             0.0153              0.640871                     0.105358
6     12     0.06          107.5             0.0159              0.935325                     0.127282
6     12     0.06          107.5             0.0165              0.779437                     0.116192
6     12     0.06          107.5             0.0171              0.536946                     0.0964383
6     12     0.06          107.5             0.0177              0.744796                     0.11358
6     12     0.06          107.5             0.0183              0.588908                     0.100997
6     12     0.06          107.5             0.0189              0.502304                     0.0932755
6     12     0.06          107.5             0.0195              0.536946                     0.0964383
6     12     0.06          107.5             0.0201              0.398379                     0.0830678
6     12     0.06          107.5             0.0207              0.450341                     0.0883192
6     12     0.06          107.5             0.0213              0.450341                     0.0883192
6     12     0.06          107.5             0.0219              0.363737                     0.079374
6     12     0.06          107.5             0.0225              0.225171                     0.0624511
6     12     0.06          107.5             0.0231              0.363737                     0.079374
6     12     0.06          107.5             0.0237              0.329096                     0.0754997
6     12     0.06          107.5             0.0243              0.294454                     0.0714156
6     12     0.06          107.5             0.0249              0.190529                     0.0574467
6     12     0.06          107.5             0.0255              0.103925                     0.0424272
6     12     0.06          107.5             0.0261              0.381058                     0.0812419
6     12     0.06          107.5             0.0267              0.20785                     0.0600011
6     12     0.06          107.5             0.0273              0.138567                     0.0489907
6     12     0.06          107.5             0.0279              0.20785                     0.0600011
6     12     0.06          107.5             0.0285              0.0519625                     0.0300006
6     12     0.06          107.5             0.0291              0.121246                     0.0458266
6     12     0.06          107.5             0.0297              0.121246                     0.0458266
6     12     0.06          107.5             0.0303              0.0346417                     0.0244953
6     12     0.06          107.5             0.0309              0.103925                     0.0424272
6     12     0.06          107.5             0.0315              0.0866041                     0.0387305
6     12     0.06          107.5             0.0321              0.0866041                     0.0387305
6     12     0.06          107.5             0.0327              0.0519625                     0.0300006
6     12     0.06          107.5             0.0333              0.103925                     0.0424272
6     12     0.06          107.5             0.0339              0.103925                     0.0424272
6     12     0.06          107.5             0.0345              0.138567                     0.0489907
6     12     0.06          107.5             0.0351              0.0173208                     0.0173208
6     12     0.06          107.5             0.0357              0.0692833                     0.0346417
6     12     0.06          107.5             0.0363              0.0173208                     0.0173208
6     12     0.06          107.5             0.0369              0.0866041                     0.0387305
6     12     0.06          107.5             0.0375              0.0346417                     0.0244953
6     12     0.06          107.5             0.0381              0.0519625                     0.0300006
6     12     0.06          107.5             0.0387              0.0866041                     0.0387305
6     12     0.06          107.5             0.0393              0                     0
6     12     0.06          107.5             0.0399              0.0519625                     0.0300006
6     12     0.06          107.5             0.0405              0.0173208                     0.0173208
6     12     0.06          107.5             0.0411              0.0346417                     0.0244953
6     12     0.06          107.5             0.0417              0.0519625                     0.0300006
6     12     0.06          107.5             0.0423              0.0173208                     0.0173208
6     12     0.06          107.5             0.0429              0.0173208                     0.0173208
6     12     0.06          107.5             0.0435              0.0692833                     0.0346417
6     12     0.06          107.5             0.0441              0                     0
6     12     0.06          107.5             0.0447              0.0173208                     0.0173208
6     12     0.06          107.5             0.0453              0                     0
6     12     0.06          107.5             0.0459              0                     0
6     12     0.06          107.5             0.0465              0                     0
6     12     0.06          107.5             0.0471              0                     0
6     12     0.06          107.5             0.0477              0.0173208                     0.0173208
6     12     0.06          107.5             0.0483              0                     0
6     12     0.06          107.5             0.0489              0.0173208                     0.0173208
6     12     0.06          107.5             0.0495              0                     0
6     12     0.06          107.5             0.0501              0                     0
6     12     0.06          107.5             0.0507              0                     0
6     12     0.06          107.5             0.0513              0                     0
6     12     0.06          107.5             0.0519              0                     0
6     12     0.06          107.5             0.0525              0                     0
6     12     0.06          107.5             0.0531              0                     0
6     12     0.06          107.5             0.0537              0                     0
6     12     0.06          107.5             0.0543              0                     0
6     12     0.06          107.5             0.0549              0                     0
6     12     0.06          107.5             0.0555              0                     0
6     12     0.06          107.5             0.0561              0                     0
6     12     0.06          107.5             0.0567              0                     0
6     12     0.06          107.5             0.0573              0                     0
6     12     0.06          107.5             0.0579              0                     0
6     12     0.06          107.5             0.0585              0                     0
6     12     0.06          107.5             0.0591              0                     0
*******************************************************************************************************
 Average angle 108.04 +- 2.41646 deg 
 Average E' 0.0473664 +- 0.00105941 GeV 
