*******************************************************************************************************
Z     A     E(GeV)     Theta(deg)     Energy Loss(GeV)     Sigma(nb/sr/GeV)     ERROR     Citation     
*******************************************************************************************************
6     12     0.4          142.8             0.002              0                     0
6     12     0.4          142.8             0.006              0                     0
6     12     0.4          142.8             0.01              0                     0
6     12     0.4          142.8             0.014              0                     0
6     12     0.4          142.8             0.018              0                     0
6     12     0.4          142.8             0.022              0                     0
6     12     0.4          142.8             0.026              0                     0
6     12     0.4          142.8             0.03              0                     0
6     12     0.4          142.8             0.034              0                     0
6     12     0.4          142.8             0.038              0                     0
6     12     0.4          142.8             0.042              0                     0
6     12     0.4          142.8             0.046              0                     0
6     12     0.4          142.8             0.05              0                     0
6     12     0.4          142.8             0.054              0                     0
6     12     0.4          142.8             0.058              0.0358009                     0.0358009
6     12     0.4          142.8             0.062              0.0358009                     0.0358009
6     12     0.4          142.8             0.066              0                     0
6     12     0.4          142.8             0.07              0                     0
6     12     0.4          142.8             0.074              0                     0
6     12     0.4          142.8             0.078              0                     0
6     12     0.4          142.8             0.082              0.0358009                     0.0358009
6     12     0.4          142.8             0.086              0                     0
6     12     0.4          142.8             0.09              0                     0
6     12     0.4          142.8             0.094              0.107403                     0.062009
6     12     0.4          142.8             0.098              0                     0
6     12     0.4          142.8             0.102              0.0716018                     0.0506302
6     12     0.4          142.8             0.106              0.143204                     0.0716018
6     12     0.4          142.8             0.11              0.250606                     0.0947203
6     12     0.4          142.8             0.114              0                     0
6     12     0.4          142.8             0.118              0.0716018                     0.0506302
6     12     0.4          142.8             0.122              0.143204                     0.0716018
6     12     0.4          142.8             0.126              0.143204                     0.0716018
6     12     0.4          142.8             0.13              0.143204                     0.0716018
6     12     0.4          142.8             0.134              0.179005                     0.0800533
6     12     0.4          142.8             0.138              0.358009                     0.113212
6     12     0.4          142.8             0.142              0.358009                     0.113212
6     12     0.4          142.8             0.146              0.286407                     0.10126
6     12     0.4          142.8             0.15              0.214806                     0.087694
6     12     0.4          142.8             0.154              0.322208                     0.107403
6     12     0.4          142.8             0.158              0.465412                     0.129082
6     12     0.4          142.8             0.162              0.358009                     0.113212
6     12     0.4          142.8             0.166              0.358009                     0.113212
6     12     0.4          142.8             0.17              0.429611                     0.124018
6     12     0.4          142.8             0.174              0.429611                     0.124018
6     12     0.4          142.8             0.178              0.537014                     0.138656
6     12     0.4          142.8             0.182              0.39381                     0.118738
6     12     0.4          142.8             0.186              0.537014                     0.138656
6     12     0.4          142.8             0.19              0.358009                     0.113212
6     12     0.4          142.8             0.194              0.358009                     0.113212
6     12     0.4          142.8             0.198              0.501213                     0.133955
6     12     0.4          142.8             0.202              0.465412                     0.129082
6     12     0.4          142.8             0.206              0.322208                     0.107403
6     12     0.4          142.8             0.21              0.250606                     0.0947203
6     12     0.4          142.8             0.214              0.572815                     0.143204
6     12     0.4          142.8             0.218              0.286407                     0.10126
6     12     0.4          142.8             0.222              0.465412                     0.129082
6     12     0.4          142.8             0.226              0.39381                     0.118738
6     12     0.4          142.8             0.23              0.39381                     0.118738
6     12     0.4          142.8             0.234              0.501213                     0.133955
6     12     0.4          142.8             0.238              0.322208                     0.107403
6     12     0.4          142.8             0.242              0.322208                     0.107403
6     12     0.4          142.8             0.246              0.429611                     0.124018
6     12     0.4          142.8             0.25              0.143204                     0.0716018
6     12     0.4          142.8             0.254              0.358009                     0.113212
6     12     0.4          142.8             0.258              0.322208                     0.107403
6     12     0.4          142.8             0.262              0.0716018                     0.0506302
6     12     0.4          142.8             0.266              0.250606                     0.0947203
6     12     0.4          142.8             0.27              0.286407                     0.10126
6     12     0.4          142.8             0.274              0.322208                     0.107403
6     12     0.4          142.8             0.278              0.358009                     0.113212
6     12     0.4          142.8             0.282              0.107403                     0.062009
6     12     0.4          142.8             0.286              0.214806                     0.087694
6     12     0.4          142.8             0.29              0.286407                     0.10126
6     12     0.4          142.8             0.294              0.537014                     0.138656
6     12     0.4          142.8             0.298              0.286407                     0.10126
6     12     0.4          142.8             0.302              0.465412                     0.129082
6     12     0.4          142.8             0.306              0.537014                     0.138656
6     12     0.4          142.8             0.31              0.358009                     0.113212
6     12     0.4          142.8             0.314              0.322208                     0.107403
6     12     0.4          142.8             0.318              0.358009                     0.113212
6     12     0.4          142.8             0.322              0.39381                     0.118738
6     12     0.4          142.8             0.326              0.429611                     0.124018
6     12     0.4          142.8             0.33              0.358009                     0.113212
6     12     0.4          142.8             0.334              0.501213                     0.133955
6     12     0.4          142.8             0.338              0.358009                     0.113212
6     12     0.4          142.8             0.342              0.501213                     0.133955
6     12     0.4          142.8             0.346              0.716018                     0.160107
6     12     0.4          142.8             0.35              0.716018                     0.160107
6     12     0.4          142.8             0.354              0.39381                     0.118738
6     12     0.4          142.8             0.358              0.966625                     0.186027
6     12     0.4          142.8             0.362              0.680218                     0.156053
6     12     0.4          142.8             0.366              1.32463                     0.217769
6     12     0.4          142.8             0.37              1.10983                     0.199331
6     12     0.4          142.8             0.374              1.32463                     0.217769
6     12     0.4          142.8             0.378              1.25303                     0.211801
6     12     0.4          142.8             0.382              1.82585                     0.25567
6     12     0.4          142.8             0.386              0.859222                     0.175388
6     12     0.4          142.8             0.39              0                     0
6     12     0.4          142.8             0.394              0                     0
*******************************************************************************************************
 Average angle 143.216 +- 4.81686 deg 
 Average E' 0.120133 +- 0.00404052 GeV 
