*******************************************************************************************************
Z     A     E(GeV)     Theta(deg)     Energy Loss(GeV)     Sigma(nb/sr/GeV)     ERROR     Citation     
*******************************************************************************************************
6     12     1          91.6             0.005              0                     0
6     12     1          91.6             0.015              0                     0
6     12     1          91.6             0.025              0                     0
6     12     1          91.6             0.035              0                     0
6     12     1          91.6             0.045              0                     0
6     12     1          91.6             0.055              0                     0
6     12     1          91.6             0.065              0                     0
6     12     1          91.6             0.075              0                     0
6     12     1          91.6             0.085              0                     0
6     12     1          91.6             0.095              0                     0
6     12     1          91.6             0.105              0                     0
6     12     1          91.6             0.115              0                     0
6     12     1          91.6             0.125              0                     0
6     12     1          91.6             0.135              0                     0
6     12     1          91.6             0.145              0                     0
6     12     1          91.6             0.155              0                     0
6     12     1          91.6             0.165              0                     0
6     12     1          91.6             0.175              0                     0
6     12     1          91.6             0.185              0                     0
6     12     1          91.6             0.195              0                     0
6     12     1          91.6             0.205              0                     0
6     12     1          91.6             0.215              0                     0
6     12     1          91.6             0.225              0                     0
6     12     1          91.6             0.235              0                     0
6     12     1          91.6             0.245              0                     0
6     12     1          91.6             0.255              0                     0
6     12     1          91.6             0.265              0                     0
6     12     1          91.6             0.275              0                     0
6     12     1          91.6             0.285              0                     0
6     12     1          91.6             0.295              0                     0
6     12     1          91.6             0.305              0                     0
6     12     1          91.6             0.315              0                     0
6     12     1          91.6             0.325              0                     0
6     12     1          91.6             0.335              0                     0
6     12     1          91.6             0.345              0.0123216                     0.0123216
6     12     1          91.6             0.355              0                     0
6     12     1          91.6             0.365              0                     0
6     12     1          91.6             0.375              0                     0
6     12     1          91.6             0.385              0                     0
6     12     1          91.6             0.395              0.0123216                     0.0123216
6     12     1          91.6             0.405              0                     0
6     12     1          91.6             0.415              0                     0
6     12     1          91.6             0.425              0                     0
6     12     1          91.6             0.435              0.0369648                     0.0213416
6     12     1          91.6             0.445              0.0123216                     0.0123216
6     12     1          91.6             0.455              0.0123216                     0.0123216
6     12     1          91.6             0.465              0.0123216                     0.0123216
6     12     1          91.6             0.475              0                     0
6     12     1          91.6             0.485              0.0123216                     0.0123216
6     12     1          91.6             0.495              0.0492863                     0.0246432
6     12     1          91.6             0.505              0.0369648                     0.0213416
6     12     1          91.6             0.515              0.0369648                     0.0213416
6     12     1          91.6             0.525              0.0616079                     0.0275519
6     12     1          91.6             0.535              0.0492863                     0.0246432
6     12     1          91.6             0.545              0.110894                     0.0369648
6     12     1          91.6             0.555              0.0246432                     0.0174254
6     12     1          91.6             0.565              0.0492863                     0.0246432
6     12     1          91.6             0.575              0.0616079                     0.0275519
6     12     1          91.6             0.585              0.0985727                     0.0348507
6     12     1          91.6             0.595              0.0246432                     0.0174254
6     12     1          91.6             0.605              0.0616079                     0.0275519
6     12     1          91.6             0.615              0.0492863                     0.0246432
6     12     1          91.6             0.625              0.0862511                     0.0325999
6     12     1          91.6             0.635              0.0739295                     0.0301816
6     12     1          91.6             0.645              0.110894                     0.0369648
6     12     1          91.6             0.655              0.0739295                     0.0301816
6     12     1          91.6             0.665              0.0985727                     0.0348507
6     12     1          91.6             0.675              0.0369648                     0.0213416
6     12     1          91.6             0.685              0.160181                     0.0444261
6     12     1          91.6             0.695              0.172502                     0.0461032
6     12     1          91.6             0.705              0.0985727                     0.0348507
6     12     1          91.6             0.715              0.160181                     0.0444261
6     12     1          91.6             0.725              0.0862511                     0.0325999
6     12     1          91.6             0.735              0.110894                     0.0369648
6     12     1          91.6             0.745              0.110894                     0.0369648
6     12     1          91.6             0.755              0.23411                     0.0537085
6     12     1          91.6             0.765              0.160181                     0.0444261
6     12     1          91.6             0.775              0.110894                     0.0369648
6     12     1          91.6             0.785              0.160181                     0.0444261
6     12     1          91.6             0.795              0.209467                     0.0508032
6     12     1          91.6             0.805              0.123216                     0.0389643
6     12     1          91.6             0.815              0.197145                     0.0492863
6     12     1          91.6             0.825              0.209467                     0.0508032
6     12     1          91.6             0.835              0.147859                     0.0426832
6     12     1          91.6             0.845              0.172502                     0.0461032
6     12     1          91.6             0.855              0.197145                     0.0492863
6     12     1          91.6             0.865              0.147859                     0.0426832
6     12     1          91.6             0.875              0.30804                     0.0616079
6     12     1          91.6             0.885              0.221789                     0.0522761
6     12     1          91.6             0.895              0.271075                     0.0577934
6     12     1          91.6             0.905              0.357326                     0.0663538
6     12     1          91.6             0.915              0.221789                     0.0522761
6     12     1          91.6             0.925              0.283396                     0.0590922
6     12     1          91.6             0.935              0.369648                     0.0674881
6     12     1          91.6             0.945              0.455899                     0.0749493
6     12     1          91.6             0.955              0.381969                     0.0686037
6     12     1          91.6             0.965              0.418934                     0.0718466
6     12     1          91.6             0.975              0.357326                     0.0663538
6     12     1          91.6             0.985              0.431255                     0.0728955
*******************************************************************************************************
 Average angle 91.8626 +- 3.52796 deg 
 Average E' 0.175202 +- 0.00672859 GeV 
