*******************************************************************************************************
Z     A     E(GeV)     Theta(deg)     Energy Loss(GeV)     Sigma(nb/sr/GeV)     ERROR     Citation     
*******************************************************************************************************
6     12     0.06          58.2             0.0003              12.0119                     0.48319
6     12     0.06          58.2             0.0009              12.9838                     0.502357
6     12     0.06          58.2             0.0015              13.9556                     0.520818
6     12     0.06          58.2             0.0021              15.1218                     0.542143
6     12     0.06          58.2             0.0027              16.2686                     0.562324
6     12     0.06          58.2             0.0033              17.357                     0.580831
6     12     0.06          58.2             0.0039              17.6875                     0.586333
6     12     0.06          58.2             0.0045              18.3872                     0.597819
6     12     0.06          58.2             0.0051              20.7585                     0.635199
6     12     0.06          58.2             0.0057              19.5339                     0.616179
6     12     0.06          58.2             0.0063              18.2317                     0.595286
6     12     0.06          58.2             0.0069              18.2122                     0.594968
6     12     0.06          58.2             0.0075              17.979                     0.591146
6     12     0.06          58.2             0.0081              16.7934                     0.571322
6     12     0.06          58.2             0.0087              16.152                     0.560305
6     12     0.06          58.2             0.0093              13.8973                     0.519729
6     12     0.06          58.2             0.0099              13.0809                     0.504233
6     12     0.06          58.2             0.0105              12.595                     0.494779
6     12     0.06          58.2             0.0111              11.1761                     0.466077
6     12     0.06          58.2             0.0117              10.2626                     0.446623
6     12     0.06          58.2             0.0123              9.23246                     0.423614
6     12     0.06          58.2             0.0129              8.16344                     0.398335
6     12     0.06          58.2             0.0135              7.24991                     0.375386
6     12     0.06          58.2             0.0141              5.79216                     0.335531
6     12     0.06          58.2             0.0147              5.83103                     0.336655
6     12     0.06          58.2             0.0153              4.95638                     0.31038
6     12     0.06          58.2             0.0159              4.9175                     0.309161
6     12     0.06          58.2             0.0165              3.84848                     0.2735
6     12     0.06          58.2             0.0171              3.61524                     0.265082
6     12     0.06          58.2             0.0177              2.79889                     0.233241
6     12     0.06          58.2             0.0183              2.60453                     0.224997
6     12     0.06          58.2             0.0189              2.04086                     0.199168
6     12     0.06          58.2             0.0195              1.80762                     0.187441
6     12     0.06          58.2             0.0201              1.59381                     0.176007
6     12     0.06          58.2             0.0207              1.41888                     0.166068
6     12     0.06          58.2             0.0213              1.18564                     0.151806
6     12     0.06          58.2             0.0219              0.874654                     0.130386
6     12     0.06          58.2             0.0225              1.12733                     0.148026
6     12     0.06          58.2             0.0231              0.932965                     0.134662
6     12     0.06          58.2             0.0237              0.777471                     0.122929
6     12     0.06          58.2             0.0243              0.583103                     0.10646
6     12     0.06          58.2             0.0249              0.310988                     0.0777471
6     12     0.06          58.2             0.0255              0.524793                     0.100996
6     12     0.06          58.2             0.0261              0.427609                     0.0911665
6     12     0.06          58.2             0.0267              0.310988                     0.0777471
6     12     0.06          58.2             0.0273              0.194368                     0.0614644
6     12     0.06          58.2             0.0279              0.252678                     0.0700803
6     12     0.06          58.2             0.0285              0.388735                     0.0869239
6     12     0.06          58.2             0.0291              0.408172                     0.0890704
6     12     0.06          58.2             0.0297              0.330425                     0.0801398
6     12     0.06          58.2             0.0303              0.213804                     0.0644645
6     12     0.06          58.2             0.0309              0.349862                     0.0824632
6     12     0.06          58.2             0.0315              0.272115                     0.0727257
6     12     0.06          58.2             0.0321              0.310988                     0.0777471
6     12     0.06          58.2             0.0327              0.272115                     0.0727257
6     12     0.06          58.2             0.0333              0.330425                     0.0801398
6     12     0.06          58.2             0.0339              0.466482                     0.0952203
6     12     0.06          58.2             0.0345              0.408172                     0.0890704
6     12     0.06          58.2             0.0351              0.272115                     0.0727257
6     12     0.06          58.2             0.0357              0.252678                     0.0700803
6     12     0.06          58.2             0.0363              0.291551                     0.0752783
6     12     0.06          58.2             0.0369              0.272115                     0.0727257
6     12     0.06          58.2             0.0375              0.291551                     0.0752783
6     12     0.06          58.2             0.0381              0.349862                     0.0824632
6     12     0.06          58.2             0.0387              0.310988                     0.0777471
6     12     0.06          58.2             0.0393              0.174931                     0.0583103
6     12     0.06          58.2             0.0399              0.194368                     0.0614644
6     12     0.06          58.2             0.0405              0.174931                     0.0583103
6     12     0.06          58.2             0.0411              0.116621                     0.0476102
6     12     0.06          58.2             0.0417              0.0583103                     0.0336655
6     12     0.06          58.2             0.0423              0.116621                     0.0476102
6     12     0.06          58.2             0.0429              0.0388735                     0.0274877
6     12     0.06          58.2             0.0435              0.0194368                     0.0194368
6     12     0.06          58.2             0.0441              0                     0
6     12     0.06          58.2             0.0447              0                     0
6     12     0.06          58.2             0.0453              0                     0
6     12     0.06          58.2             0.0459              0                     0
6     12     0.06          58.2             0.0465              0                     0
6     12     0.06          58.2             0.0471              0                     0
6     12     0.06          58.2             0.0477              0                     0
6     12     0.06          58.2             0.0483              0                     0
6     12     0.06          58.2             0.0489              0                     0
6     12     0.06          58.2             0.0495              0                     0
6     12     0.06          58.2             0.0501              0                     0
6     12     0.06          58.2             0.0507              0                     0
6     12     0.06          58.2             0.0513              0                     0
6     12     0.06          58.2             0.0519              0                     0
6     12     0.06          58.2             0.0525              0                     0
6     12     0.06          58.2             0.0531              0                     0
6     12     0.06          58.2             0.0537              0                     0
6     12     0.06          58.2             0.0543              0                     0
6     12     0.06          58.2             0.0549              0                     0
6     12     0.06          58.2             0.0555              0                     0
6     12     0.06          58.2             0.0561              0                     0
6     12     0.06          58.2             0.0567              0                     0
6     12     0.06          58.2             0.0573              0                     0
6     12     0.06          58.2             0.0579              0                     0
6     12     0.06          58.2             0.0585              0                     0
6     12     0.06          58.2             0.0591              0                     0
*******************************************************************************************************
 Average angle 58.7183 +- 0.413202 deg 
 Average E' 0.0517769 +- 0.000364355 GeV 
