*******************************************************************************************************
Z     A     E(GeV)     Theta(deg)     Energy Loss(GeV)     Sigma(nb/sr/GeV)     ERROR     Citation     
*******************************************************************************************************
6     12     0.16          159.2             0.0008              0.11426                     0.080794
6     12     0.16          159.2             0.0024              0.05713                     0.05713
6     12     0.16          159.2             0.004              0.17139                     0.0989521
6     12     0.16          159.2             0.0056              0.11426                     0.080794
6     12     0.16          159.2             0.0072              0.5713                     0.180661
6     12     0.16          159.2             0.0088              0.39991                     0.151152
6     12     0.16          159.2             0.0104              0.51417                     0.17139
6     12     0.16          159.2             0.012              0.74269                     0.205985
6     12     0.16          159.2             0.0136              0.68556                     0.197904
6     12     0.16          159.2             0.0152              0.68556                     0.197904
6     12     0.16          159.2             0.0168              0.51417                     0.17139
6     12     0.16          159.2             0.0184              1.08547                     0.249024
6     12     0.16          159.2             0.02              0.79982                     0.213761
6     12     0.16          159.2             0.0216              0.79982                     0.213761
6     12     0.16          159.2             0.0232              1.08547                     0.249024
6     12     0.16          159.2             0.0248              0.91408                     0.22852
6     12     0.16          159.2             0.0264              0.79982                     0.213761
6     12     0.16          159.2             0.028              0.85695                     0.221264
6     12     0.16          159.2             0.0296              1.02834                     0.242382
6     12     0.16          159.2             0.0312              1.08547                     0.249024
6     12     0.16          159.2             0.0328              1.65677                     0.307654
6     12     0.16          159.2             0.0344              1.54251                     0.296856
6     12     0.16          159.2             0.036              1.25686                     0.267963
6     12     0.16          159.2             0.0376              1.31399                     0.273986
6     12     0.16          159.2             0.0392              1.59964                     0.302304
6     12     0.16          159.2             0.0408              1.1426                     0.255493
6     12     0.16          159.2             0.0424              1.25686                     0.267963
6     12     0.16          159.2             0.044              1.48538                     0.291307
6     12     0.16          159.2             0.0456              1.59964                     0.302304
6     12     0.16          159.2             0.0472              1.08547                     0.249024
6     12     0.16          159.2             0.0488              0.85695                     0.221264
6     12     0.16          159.2             0.0504              1.25686                     0.267963
6     12     0.16          159.2             0.052              1.31399                     0.273986
6     12     0.16          159.2             0.0536              1.54251                     0.296856
6     12     0.16          159.2             0.0552              1.42825                     0.28565
6     12     0.16          159.2             0.0568              1.77103                     0.318086
6     12     0.16          159.2             0.0584              1.19973                     0.261803
6     12     0.16          159.2             0.06              1.42825                     0.28565
6     12     0.16          159.2             0.0616              1.19973                     0.261803
6     12     0.16          159.2             0.0632              1.02834                     0.242382
6     12     0.16          159.2             0.0648              0.74269                     0.205985
6     12     0.16          159.2             0.0664              1.31399                     0.273986
6     12     0.16          159.2             0.068              1.02834                     0.242382
6     12     0.16          159.2             0.0696              1.02834                     0.242382
6     12     0.16          159.2             0.0712              0.91408                     0.22852
6     12     0.16          159.2             0.0728              0.79982                     0.213761
6     12     0.16          159.2             0.0744              0.79982                     0.213761
6     12     0.16          159.2             0.076              0.91408                     0.22852
6     12     0.16          159.2             0.0776              0.62843                     0.189479
6     12     0.16          159.2             0.0792              1.08547                     0.249024
6     12     0.16          159.2             0.0808              0.85695                     0.221264
6     12     0.16          159.2             0.0824              0.68556                     0.197904
6     12     0.16          159.2             0.084              0.62843                     0.189479
6     12     0.16          159.2             0.0856              0.62843                     0.189479
6     12     0.16          159.2             0.0872              0.34278                     0.139939
6     12     0.16          159.2             0.0888              0.62843                     0.189479
6     12     0.16          159.2             0.0904              0.51417                     0.17139
6     12     0.16          159.2             0.092              0.39991                     0.151152
6     12     0.16          159.2             0.0936              0.74269                     0.205985
6     12     0.16          159.2             0.0952              0.34278                     0.139939
6     12     0.16          159.2             0.0968              0.17139                     0.0989521
6     12     0.16          159.2             0.0984              0.34278                     0.139939
6     12     0.16          159.2             0.1              0.39991                     0.151152
6     12     0.16          159.2             0.1016              0.34278                     0.139939
6     12     0.16          159.2             0.1032              0.34278                     0.139939
6     12     0.16          159.2             0.1048              0.45704                     0.161588
6     12     0.16          159.2             0.1064              0.34278                     0.139939
6     12     0.16          159.2             0.108              0.11426                     0.080794
6     12     0.16          159.2             0.1096              0.05713                     0.05713
6     12     0.16          159.2             0.1112              0                     0
6     12     0.16          159.2             0.1128              0.17139                     0.0989521
6     12     0.16          159.2             0.1144              0.28565                     0.127747
6     12     0.16          159.2             0.116              0.28565                     0.127747
6     12     0.16          159.2             0.1176              0.34278                     0.139939
6     12     0.16          159.2             0.1192              0.68556                     0.197904
6     12     0.16          159.2             0.1208              0.05713                     0.05713
6     12     0.16          159.2             0.1224              0.22852                     0.11426
6     12     0.16          159.2             0.124              0.28565                     0.127747
6     12     0.16          159.2             0.1256              0.22852                     0.11426
6     12     0.16          159.2             0.1272              0.11426                     0.080794
6     12     0.16          159.2             0.1288              0                     0
6     12     0.16          159.2             0.1304              0                     0
6     12     0.16          159.2             0.132              0                     0
6     12     0.16          159.2             0.1336              0                     0
6     12     0.16          159.2             0.1352              0                     0
6     12     0.16          159.2             0.1368              0                     0
6     12     0.16          159.2             0.1384              0                     0
6     12     0.16          159.2             0.14              0                     0
6     12     0.16          159.2             0.1416              0                     0
6     12     0.16          159.2             0.1432              0                     0
6     12     0.16          159.2             0.1448              0                     0
6     12     0.16          159.2             0.1464              0                     0
6     12     0.16          159.2             0.148              0                     0
6     12     0.16          159.2             0.1496              0                     0
6     12     0.16          159.2             0.1512              0                     0
6     12     0.16          159.2             0.1528              0                     0
6     12     0.16          159.2             0.1544              0                     0
6     12     0.16          159.2             0.156              0                     0
6     12     0.16          159.2             0.1576              0                     0
*******************************************************************************************************
 Average angle 160.404 +- 4.93842 deg 
 Average E' 0.105263 +- 0.00324078 GeV 
