*******************************************************************************************************
Z     A     E(GeV)     Theta(deg)     Energy Loss(GeV)     Sigma(nb/sr/GeV)     ERROR     Citation     
*******************************************************************************************************
6     12     2.222          44             0.01111              0                     0
6     12     2.222          44             0.03333              0                     0
6     12     2.222          44             0.05555              0                     0
6     12     2.222          44             0.07777              0                     0
6     12     2.222          44             0.09999              0                     0
6     12     2.222          44             0.12221              0                     0
6     12     2.222          44             0.14443              0                     0
6     12     2.222          44             0.16665              0                     0
6     12     2.222          44             0.18887              0                     0
6     12     2.222          44             0.21109              0                     0
6     12     2.222          44             0.23331              0                     0
6     12     2.222          44             0.25553              0                     0
6     12     2.222          44             0.27775              0                     0
6     12     2.222          44             0.29997              0                     0
6     12     2.222          44             0.32219              0                     0
6     12     2.222          44             0.34441              0                     0
6     12     2.222          44             0.36663              0                     0
6     12     2.222          44             0.38885              0                     0
6     12     2.222          44             0.41107              0                     0
6     12     2.222          44             0.43329              0                     0
6     12     2.222          44             0.45551              0                     0
6     12     2.222          44             0.47773              0                     0
6     12     2.222          44             0.49995              0                     0
6     12     2.222          44             0.52217              0                     0
6     12     2.222          44             0.54439              0                     0
6     12     2.222          44             0.56661              0                     0
6     12     2.222          44             0.58883              0                     0
6     12     2.222          44             0.61105              0                     0
6     12     2.222          44             0.63327              0                     0
6     12     2.222          44             0.65549              0                     0
6     12     2.222          44             0.67771              0                     0
6     12     2.222          44             0.69993              0                     0
6     12     2.222          44             0.72215              0                     0
6     12     2.222          44             0.74437              0                     0
6     12     2.222          44             0.76659              0                     0
6     12     2.222          44             0.78881              0                     0
6     12     2.222          44             0.81103              0.0245301                     0.0173454
6     12     2.222          44             0.83325              0.0367952                     0.0212437
6     12     2.222          44             0.85547              0.0122651                     0.0122651
6     12     2.222          44             0.87769              0.0122651                     0.0122651
6     12     2.222          44             0.89991              0.0122651                     0.0122651
6     12     2.222          44             0.92213              0.0122651                     0.0122651
6     12     2.222          44             0.94435              0.0122651                     0.0122651
6     12     2.222          44             0.96657              0.0613253                     0.0274255
6     12     2.222          44             0.98879              0                     0
6     12     2.222          44             1.01101              0.0245301                     0.0173454
6     12     2.222          44             1.03323              0.0367952                     0.0212437
6     12     2.222          44             1.05545              0.0613253                     0.0274255
6     12     2.222          44             1.07767              0.0367952                     0.0212437
6     12     2.222          44             1.09989              0.0858554                     0.0324503
6     12     2.222          44             1.12211              0.0367952                     0.0212437
6     12     2.222          44             1.14433              0.0858554                     0.0324503
6     12     2.222          44             1.16655              0.0858554                     0.0324503
6     12     2.222          44             1.18877              0.0735903                     0.0300431
6     12     2.222          44             1.21099              0.0858554                     0.0324503
6     12     2.222          44             1.23321              0.134916                     0.0406786
6     12     2.222          44             1.25543              0.159446                     0.0442223
6     12     2.222          44             1.27765              0.0858554                     0.0324503
6     12     2.222          44             1.29987              0.122651                     0.0387855
6     12     2.222          44             1.32209              0.122651                     0.0387855
6     12     2.222          44             1.34431              0.159446                     0.0442223
6     12     2.222          44             1.36653              0.110385                     0.0367952
6     12     2.222          44             1.38875              0.110385                     0.0367952
6     12     2.222          44             1.41097              0.134916                     0.0406786
6     12     2.222          44             1.43319              0.134916                     0.0406786
6     12     2.222          44             1.45541              0.183976                     0.0475024
6     12     2.222          44             1.47763              0.196241                     0.0490602
6     12     2.222          44             1.49985              0.183976                     0.0475024
6     12     2.222          44             1.52207              0.220771                     0.0520362
6     12     2.222          44             1.54429              0.233036                     0.0534621
6     12     2.222          44             1.56651              0.134916                     0.0406786
6     12     2.222          44             1.58873              0.282096                     0.0588211
6     12     2.222          44             1.61095              0.294361                     0.0600862
6     12     2.222          44             1.63317              0.318891                     0.0625397
6     12     2.222          44             1.65539              0.355687                     0.0660493
6     12     2.222          44             1.67761              0.257566                     0.0562055
6     12     2.222          44             1.69983              0.220771                     0.0520362
6     12     2.222          44             1.72205              0.147181                     0.0424874
6     12     2.222          44             1.74427              0.233036                     0.0534621
6     12     2.222          44             1.76649              0.233036                     0.0534621
6     12     2.222          44             1.78871              0.0981204                     0.0346908
6     12     2.222          44             1.81093              0.134916                     0.0406786
6     12     2.222          44             1.83315              0.257566                     0.0562055
6     12     2.222          44             1.85537              0.257566                     0.0562055
6     12     2.222          44             1.87759              0.183976                     0.0475024
6     12     2.222          44             1.89981              0.171711                     0.0458916
6     12     2.222          44             1.92203              0.147181                     0.0424874
6     12     2.222          44             1.94425              0.233036                     0.0534621
6     12     2.222          44             1.96647              0.282096                     0.0588211
6     12     2.222          44             1.98869              0.269831                     0.0575282
6     12     2.222          44             2.01091              0.171711                     0.0458916
6     12     2.222          44             2.03313              0.196241                     0.0490602
6     12     2.222          44             2.05535              0.183976                     0.0475024
6     12     2.222          44             2.07757              0.147181                     0.0424874
6     12     2.222          44             2.09979              0.196241                     0.0490602
6     12     2.222          44             2.12201              0.122651                     0.0387855
6     12     2.222          44             2.14423              0.122651                     0.0387855
6     12     2.222          44             2.16645              0.134916                     0.0406786
6     12     2.222          44             2.18867              0.0981204                     0.0346908
*******************************************************************************************************
 Average angle 44.2366 +- 1.63392 deg 
 Average E' 0.555952 +- 0.0205346 GeV 
