*******************************************************************************************************
Z     A     E(GeV)     Theta(deg)     Energy Loss(GeV)     Sigma(nb/sr/GeV)     ERROR     Citation     
*******************************************************************************************************
6     12     0.68          101.8             0.0034              0                     0
6     12     0.68          101.8             0.0102              0                     0
6     12     0.68          101.8             0.017              0                     0
6     12     0.68          101.8             0.0238              0                     0
6     12     0.68          101.8             0.0306              0                     0
6     12     0.68          101.8             0.0374              0                     0
6     12     0.68          101.8             0.0442              0                     0
6     12     0.68          101.8             0.051              0                     0
6     12     0.68          101.8             0.0578              0                     0
6     12     0.68          101.8             0.0646              0                     0
6     12     0.68          101.8             0.0714              0                     0
6     12     0.68          101.8             0.0782              0                     0
6     12     0.68          101.8             0.085              0                     0
6     12     0.68          101.8             0.0918              0                     0
6     12     0.68          101.8             0.0986              0                     0
6     12     0.68          101.8             0.1054              0                     0
6     12     0.68          101.8             0.1122              0                     0
6     12     0.68          101.8             0.119              0                     0
6     12     0.68          101.8             0.1258              0                     0
6     12     0.68          101.8             0.1326              0                     0
6     12     0.68          101.8             0.1394              0                     0
6     12     0.68          101.8             0.1462              0                     0
6     12     0.68          101.8             0.153              0                     0
6     12     0.68          101.8             0.1598              0                     0
6     12     0.68          101.8             0.1666              0                     0
6     12     0.68          101.8             0.1734              0                     0
6     12     0.68          101.8             0.1802              0                     0
6     12     0.68          101.8             0.187              0                     0
6     12     0.68          101.8             0.1938              0.0166239                     0.0166239
6     12     0.68          101.8             0.2006              0                     0
6     12     0.68          101.8             0.2074              0.0332479                     0.0235098
6     12     0.68          101.8             0.2142              0                     0
6     12     0.68          101.8             0.221              0.0166239                     0.0166239
6     12     0.68          101.8             0.2278              0.0166239                     0.0166239
6     12     0.68          101.8             0.2346              0                     0
6     12     0.68          101.8             0.2414              0.0166239                     0.0166239
6     12     0.68          101.8             0.2482              0.0664958                     0.0332479
6     12     0.68          101.8             0.255              0.0664958                     0.0332479
6     12     0.68          101.8             0.2618              0.0332479                     0.0235098
6     12     0.68          101.8             0.2686              0.132992                     0.0470196
6     12     0.68          101.8             0.2754              0.0664958                     0.0332479
6     12     0.68          101.8             0.2822              0.149616                     0.0498718
6     12     0.68          101.8             0.289              0.149616                     0.0498718
6     12     0.68          101.8             0.2958              0.132992                     0.0470196
6     12     0.68          101.8             0.3026              0.132992                     0.0470196
6     12     0.68          101.8             0.3094              0.249359                     0.0643843
6     12     0.68          101.8             0.3162              0.216111                     0.0599385
6     12     0.68          101.8             0.323              0.199487                     0.057587
6     12     0.68          101.8             0.3298              0.199487                     0.057587
6     12     0.68          101.8             0.3366              0.166239                     0.0525695
6     12     0.68          101.8             0.3434              0.216111                     0.0599385
6     12     0.68          101.8             0.3502              0.149616                     0.0498718
6     12     0.68          101.8             0.357              0.182863                     0.0551354
6     12     0.68          101.8             0.3638              0.282607                     0.0685423
6     12     0.68          101.8             0.3706              0.249359                     0.0643843
6     12     0.68          101.8             0.3774              0.265983                     0.0664958
6     12     0.68          101.8             0.3842              0.249359                     0.0643843
6     12     0.68          101.8             0.391              0.149616                     0.0498718
6     12     0.68          101.8             0.3978              0.199487                     0.057587
6     12     0.68          101.8             0.4046              0.166239                     0.0525695
6     12     0.68          101.8             0.4114              0.149616                     0.0498718
6     12     0.68          101.8             0.4182              0.216111                     0.0599385
6     12     0.68          101.8             0.425              0.166239                     0.0525695
6     12     0.68          101.8             0.4318              0.199487                     0.057587
6     12     0.68          101.8             0.4386              0.182863                     0.0551354
6     12     0.68          101.8             0.4454              0.299231                     0.0705294
6     12     0.68          101.8             0.4522              0.282607                     0.0685423
6     12     0.68          101.8             0.459              0.199487                     0.057587
6     12     0.68          101.8             0.4658              0.332479                     0.0743445
6     12     0.68          101.8             0.4726              0.249359                     0.0643843
6     12     0.68          101.8             0.4794              0.315855                     0.0724621
6     12     0.68          101.8             0.4862              0.482094                     0.0895227
6     12     0.68          101.8             0.493              0.365727                     0.0779732
6     12     0.68          101.8             0.4998              0.46547                     0.0879657
6     12     0.68          101.8             0.5066              0.315855                     0.0724621
6     12     0.68          101.8             0.5134              0.349103                     0.0761805
6     12     0.68          101.8             0.5202              0.515342                     0.0925582
6     12     0.68          101.8             0.527              0.299231                     0.0705294
6     12     0.68          101.8             0.5338              0.482094                     0.0895227
6     12     0.68          101.8             0.5406              0.46547                     0.0879657
6     12     0.68          101.8             0.5474              0.315855                     0.0724621
6     12     0.68          101.8             0.5542              0.46547                     0.0879657
6     12     0.68          101.8             0.561              0.46547                     0.0879657
6     12     0.68          101.8             0.5678              0.365727                     0.0779732
6     12     0.68          101.8             0.5746              0.349103                     0.0761805
6     12     0.68          101.8             0.5814              0.46547                     0.0879657
6     12     0.68          101.8             0.5882              0.365727                     0.0779732
6     12     0.68          101.8             0.595              0.531966                     0.0940392
6     12     0.68          101.8             0.6018              0.448847                     0.0863806
6     12     0.68          101.8             0.6086              0.349103                     0.0761805
6     12     0.68          101.8             0.6154              0.365727                     0.0779732
6     12     0.68          101.8             0.6222              0.415599                     0.0831197
6     12     0.68          101.8             0.629              0.365727                     0.0779732
6     12     0.68          101.8             0.6358              0.282607                     0.0685423
6     12     0.68          101.8             0.6426              0.415599                     0.0831197
6     12     0.68          101.8             0.6494              0.232735                     0.0622011
6     12     0.68          101.8             0.6562              0.382351                     0.0797256
6     12     0.68          101.8             0.663              0.349103                     0.0761805
6     12     0.68          101.8             0.6698              0.116368                     0.0439828
*******************************************************************************************************
 Average angle 102.077 +- 3.14121 deg 
 Average E' 0.181728 +- 0.0055923 GeV 
