*******************************************************************************************************
Z     A     E(GeV)     Theta(deg)     Energy Loss(GeV)     Sigma(nb/sr/GeV)     ERROR     Citation     
*******************************************************************************************************
6     12     0.24          96             0.0012              0.074542                     0.0430368
6     12     0.24          96             0.0036              0.173931                     0.0657399
6     12     0.24          96             0.006              0.397557                     0.0993893
6     12     0.24          96             0.0084              0.646031                     0.126697
6     12     0.24          96             0.0108              0.770267                     0.138344
6     12     0.24          96             0.0132              1.11813                     0.166681
6     12     0.24          96             0.0156              1.51569                     0.194064
6     12     0.24          96             0.018              1.61508                     0.200326
6     12     0.24          96             0.0204              2.48473                     0.248473
6     12     0.24          96             0.0228              2.73321                     0.260601
6     12     0.24          96             0.0252              2.58412                     0.253394
6     12     0.24          96             0.0276              2.75805                     0.261783
6     12     0.24          96             0.03              3.13076                     0.278911
6     12     0.24          96             0.0324              3.75195                     0.305329
6     12     0.24          96             0.0348              3.45378                     0.292946
6     12     0.24          96             0.0372              4.09981                     0.31917
6     12     0.24          96             0.0396              4.24889                     0.324921
6     12     0.24          96             0.042              3.97557                     0.314297
6     12     0.24          96             0.0444              4.84523                     0.346974
6     12     0.24          96             0.0468              5.54095                     0.37105
6     12     0.24          96             0.0492              5.16824                     0.358353
6     12     0.24          96             0.0516              5.51611                     0.370217
6     12     0.24          96             0.054              5.51611                     0.370217
6     12     0.24          96             0.0564              5.34218                     0.364333
6     12     0.24          96             0.0588              5.64034                     0.374363
6     12     0.24          96             0.0612              5.19309                     0.359214
6     12     0.24          96             0.0636              5.69004                     0.376008
6     12     0.24          96             0.066              5.93851                     0.38413
6     12     0.24          96             0.0684              5.59065                     0.37271
6     12     0.24          96             0.0708              5.26763                     0.361783
6     12     0.24          96             0.0732              5.6155                     0.373537
6     12     0.24          96             0.0756              4.79553                     0.34519
6     12     0.24          96             0.078              5.24279                     0.360928
6     12     0.24          96             0.0804              4.91977                     0.349633
6     12     0.24          96             0.0828              4.44767                     0.332435
6     12     0.24          96             0.0852              4.49737                     0.334287
6     12     0.24          96             0.0876              4.1495                     0.321098
6     12     0.24          96             0.09              4.47252                     0.333362
6     12     0.24          96             0.0924              3.57802                     0.298168
6     12     0.24          96             0.0948              4.02527                     0.316255
6     12     0.24          96             0.0972              3.60286                     0.299201
6     12     0.24          96             0.0996              3.37924                     0.289767
6     12     0.24          96             0.102              2.50958                     0.249713
6     12     0.24          96             0.1044              2.88229                     0.267614
6     12     0.24          96             0.1068              2.58412                     0.253394
6     12     0.24          96             0.1092              2.3108                     0.239619
6     12     0.24          96             0.1116              2.28595                     0.238327
6     12     0.24          96             0.114              2.21141                     0.234409
6     12     0.24          96             0.1164              2.13687                     0.230425
6     12     0.24          96             0.1188              1.24237                     0.175697
6     12     0.24          96             0.1212              1.76416                     0.209367
6     12     0.24          96             0.1236              1.54053                     0.195648
6     12     0.24          96             0.126              1.21752                     0.173931
6     12     0.24          96             0.1284              1.14298                     0.168523
6     12     0.24          96             0.1308              1.14298                     0.168523
6     12     0.24          96             0.1332              1.09328                     0.164819
6     12     0.24          96             0.1356              0.894504                     0.149084
6     12     0.24          96             0.138              0.819962                     0.142737
6     12     0.24          96             0.1404              0.795115                     0.140558
6     12     0.24          96             0.1428              0.993893                     0.157148
6     12     0.24          96             0.1452              0.74542                     0.136094
6     12     0.24          96             0.1476              0.521794                     0.113865
6     12     0.24          96             0.15              0.770267                     0.138344
6     12     0.24          96             0.1524              0.894504                     0.149084
6     12     0.24          96             0.1548              0.720573                     0.133807
6     12     0.24          96             0.1572              0.521794                     0.113865
6     12     0.24          96             0.1596              0.869657                     0.146999
6     12     0.24          96             0.162              0.720573                     0.133807
6     12     0.24          96             0.1644              0.646031                     0.126697
6     12     0.24          96             0.1668              0.646031                     0.126697
6     12     0.24          96             0.1692              0.770267                     0.138344
6     12     0.24          96             0.1716              0.74542                     0.136094
6     12     0.24          96             0.174              0.621183                     0.124237
6     12     0.24          96             0.1764              0.496947                     0.111121
6     12     0.24          96             0.1788              0.646031                     0.126697
6     12     0.24          96             0.1812              0.521794                     0.113865
6     12     0.24          96             0.1836              0.695725                     0.13148
6     12     0.24          96             0.186              0.795115                     0.140558
6     12     0.24          96             0.1884              1.01874                     0.159101
6     12     0.24          96             0.1908              0.695725                     0.13148
6     12     0.24          96             0.1932              0.646031                     0.126697
6     12     0.24          96             0.1956              0.819962                     0.142737
6     12     0.24          96             0.198              1.24237                     0.175697
6     12     0.24          96             0.2004              0.919351                     0.15114
6     12     0.24          96             0.2028              0.223626                     0.074542
6     12     0.24          96             0.2052              0                     0
6     12     0.24          96             0.2076              0                     0
6     12     0.24          96             0.21              0                     0
6     12     0.24          96             0.2124              0                     0
6     12     0.24          96             0.2148              0                     0
6     12     0.24          96             0.2172              0                     0
6     12     0.24          96             0.2196              0                     0
6     12     0.24          96             0.222              0                     0
6     12     0.24          96             0.2244              0                     0
6     12     0.24          96             0.2268              0                     0
6     12     0.24          96             0.2292              0                     0
6     12     0.24          96             0.2316              0                     0
6     12     0.24          96             0.234              0                     0
6     12     0.24          96             0.2364              0                     0
*******************************************************************************************************
 Average angle 96.5723 +- 1.06323 deg 
 Average E' 0.161794 +- 0.00178129 GeV 
