*******************************************************************************************************
Z     A     E(GeV)     Theta(deg)     Energy Loss(GeV)     Sigma(#mub/sr/GeV)     ERROR     Citation     
*******************************************************************************************************
6     12     0.16          124             0.0008              72.3947                     14.1978
6     12     0.16          124             0.0024              58.4727                     12.7598
6     12     0.16          124             0.004              69.6103                     13.9221
6     12     0.16          124             0.0056              66.8259                     13.6408
6     12     0.16          124             0.0072              75.1791                     14.4682
6     12     0.16          124             0.0088              83.5324                     15.2509
6     12     0.16          124             0.0104              89.1012                     15.751
6     12     0.16          124             0.012              91.8856                     15.9952
6     12     0.16          124             0.0136              103.023                     16.9369
6     12     0.16          124             0.0152              111.377                     17.6102
6     12     0.16          124             0.0168              100.239                     16.7065
6     12     0.16          124             0.0184              114.161                     17.8289
6     12     0.16          124             0.02              91.8856                     15.9952
6     12     0.16          124             0.0216              97.4544                     16.4728
6     12     0.16          124             0.0232              114.161                     17.8289
6     12     0.16          124             0.0248              116.945                     18.0451
6     12     0.16          124             0.0264              167.065                     21.568
6     12     0.16          124             0.028              426.015                     34.4413
6     12     0.16          124             0.0296              857.599                     48.8662
6     12     0.16          124             0.0312              1475.74                     64.102
6     12     0.16          124             0.0328              2216.39                     78.5579
6     12     0.16          124             0.0344              3009.95                     91.5475
6     12     0.16          124             0.036              3976.14                     105.22
6     12     0.16          124             0.0376              5123.32                     119.438
6     12     0.16          124             0.0392              5852.84                     127.659
6     12     0.16          124             0.0408              6838.52                     137.99
6     12     0.16          124             0.0424              7826.98                     147.626
6     12     0.16          124             0.044              8765.33                     156.225
6     12     0.16          124             0.0456              9706.46                     164.398
6     12     0.16          124             0.0472              10728.3                     172.836
6     12     0.16          124             0.0488              11104.2                     175.837
6     12     0.16          124             0.0504              11858.8                     181.714
6     12     0.16          124             0.052              12198.5                     184.298
6     12     0.16          124             0.0536              12944.7                     189.851
6     12     0.16          124             0.0552              13568.4                     194.371
6     12     0.16          124             0.0568              13521.1                     194.032
6     12     0.16          124             0.0584              13908.1                     196.789
6     12     0.16          124             0.06              13529.5                     194.092
6     12     0.16          124             0.0616              13153.6                     191.376
6     12     0.16          124             0.0632              12964.2                     189.994
6     12     0.16          124             0.0648              13011.6                     190.341
6     12     0.16          124             0.0664              12563.3                     187.033
6     12     0.16          124             0.068              12730.3                     188.272
6     12     0.16          124             0.0696              12268.1                     184.823
6     12     0.16          124             0.0712              11455.1                     178.594
6     12     0.16          124             0.0728              11494.1                     178.897
6     12     0.16          124             0.0744              11393.8                     178.115
6     12     0.16          124             0.076              11073.6                     175.595
6     12     0.16          124             0.0776              11176.6                     176.41
6     12     0.16          124             0.0792              10447.1                     170.555
6     12     0.16          124             0.0808              10188.2                     168.428
6     12     0.16          124             0.0824              9689.76                     164.257
6     12     0.16          124             0.084              10004.4                     166.902
6     12     0.16          124             0.0856              9227.54                     160.291
6     12     0.16          124             0.0872              8684.58                     155.504
6     12     0.16          124             0.0888              8637.25                     155.08
6     12     0.16          124             0.0904              8202.88                     151.13
6     12     0.16          124             0.092              7732.31                     146.731
6     12     0.16          124             0.0936              7403.75                     143.58
6     12     0.16          124             0.0952              7164.29                     141.239
6     12     0.16          124             0.0968              6807.89                     137.681
6     12     0.16          124             0.0984              6685.37                     136.436
6     12     0.16          124             0.1              6242.65                     131.841
6     12     0.16          124             0.1016              5747.03                     126.499
6     12     0.16          124             0.1032              5315.44                     121.657
6     12     0.16          124             0.1048              5217.99                     120.536
6     12     0.16          124             0.1064              4638.83                     113.65
6     12     0.16          124             0.108              4274.07                     109.091
6     12     0.16          124             0.1096              3861.98                     103.698
6     12     0.16          124             0.1112              3096.27                     92.8509
6     12     0.16          124             0.1128              2945.91                     90.5683
6     12     0.16          124             0.1144              2698.1                     86.6753
6     12     0.16          124             0.116              2258.16                     79.2947
6     12     0.16          124             0.1176              1701.28                     68.8263
6     12     0.16          124             0.1192              982.898                     52.3144
6     12     0.16          124             0.1208              69.6103                     13.9221
6     12     0.16          124             0.1224              0                     0
6     12     0.16          124             0.124              0                     0
6     12     0.16          124             0.1256              0                     0
6     12     0.16          124             0.1272              0                     0
6     12     0.16          124             0.1288              0                     0
6     12     0.16          124             0.1304              0                     0
6     12     0.16          124             0.132              0                     0
6     12     0.16          124             0.1336              0                     0
6     12     0.16          124             0.1352              0                     0
6     12     0.16          124             0.1368              0                     0
6     12     0.16          124             0.1384              0                     0
6     12     0.16          124             0.14              0                     0
6     12     0.16          124             0.1416              0                     0
6     12     0.16          124             0.1432              0                     0
6     12     0.16          124             0.1448              0                     0
6     12     0.16          124             0.1464              0                     0
6     12     0.16          124             0.148              0                     0
6     12     0.16          124             0.1496              0                     0
6     12     0.16          124             0.1512              0                     0
6     12     0.16          124             0.1528              0                     0
6     12     0.16          124             0.1544              0                     0
6     12     0.16          124             0.156              0                     0
6     12     0.16          124             0.1576              0                     0
*******************************************************************************************************
 Average angle 123.978 +- 0.30348 deg 
 Average E' 0.0897618 +- 0.000219724 GeV 
