*******************************************************************************************************
Z     A     E(GeV)     Theta(deg)     Energy Loss(GeV)     Sigma(#mub/sr/GeV)     ERROR     Citation     
*******************************************************************************************************
6     12     0.68          95             0.0034              0                     0
6     12     0.68          95             0.0102              0                     0
6     12     0.68          95             0.017              0                     0
6     12     0.68          95             0.0238              0                     0
6     12     0.68          95             0.0306              0                     0
6     12     0.68          95             0.0374              0                     0
6     12     0.68          95             0.0442              0                     0
6     12     0.68          95             0.051              0                     0
6     12     0.68          95             0.0578              0                     0
6     12     0.68          95             0.0646              0                     0
6     12     0.68          95             0.0714              0                     0
6     12     0.68          95             0.0782              0                     0
6     12     0.68          95             0.085              0                     0
6     12     0.68          95             0.0918              0                     0
6     12     0.68          95             0.0986              0                     0
6     12     0.68          95             0.1054              0                     0
6     12     0.68          95             0.1122              0                     0
6     12     0.68          95             0.119              0                     0
6     12     0.68          95             0.1258              0                     0
6     12     0.68          95             0.1326              0                     0
6     12     0.68          95             0.1394              0                     0
6     12     0.68          95             0.1462              0                     0
6     12     0.68          95             0.153              0                     0
6     12     0.68          95             0.1598              0                     0
6     12     0.68          95             0.1666              0                     0
6     12     0.68          95             0.1734              0                     0
6     12     0.68          95             0.1802              0                     0
6     12     0.68          95             0.187              0                     0
6     12     0.68          95             0.1938              0                     0
6     12     0.68          95             0.2006              1.49972                     1.49972
6     12     0.68          95             0.2074              2.99944                     2.12092
6     12     0.68          95             0.2142              14.9972                     4.74253
6     12     0.68          95             0.221              16.4969                     4.97401
6     12     0.68          95             0.2278              20.9961                     5.61144
6     12     0.68          95             0.2346              46.4913                     8.35009
6     12     0.68          95             0.2414              59.9888                     9.48506
6     12     0.68          95             0.2482              64.488                     9.83432
6     12     0.68          95             0.255              103.481                     12.4576
6     12     0.68          95             0.2618              128.976                     13.9078
6     12     0.68          95             0.2686              125.977                     13.7452
6     12     0.68          95             0.2754              161.97                     15.5856
6     12     0.68          95             0.2822              184.466                     16.6327
6     12     0.68          95             0.289              175.467                     16.222
6     12     0.68          95             0.2958              217.459                     18.059
6     12     0.68          95             0.3026              226.458                     18.4289
6     12     0.68          95             0.3094              272.949                     20.2323
6     12     0.68          95             0.3162              257.952                     19.6686
6     12     0.68          95             0.323              287.946                     20.7807
6     12     0.68          95             0.3298              287.946                     20.7807
6     12     0.68          95             0.3366              289.446                     20.8348
6     12     0.68          95             0.3434              250.453                     19.3807
6     12     0.68          95             0.3502              260.951                     19.7827
6     12     0.68          95             0.357              253.453                     19.4964
6     12     0.68          95             0.3638              232.457                     18.6714
6     12     0.68          95             0.3706              238.456                     18.9108
6     12     0.68          95             0.3774              238.456                     18.9108
6     12     0.68          95             0.3842              206.961                     17.6177
6     12     0.68          95             0.391              221.959                     18.2449
6     12     0.68          95             0.3978              178.467                     16.36
6     12     0.68          95             0.4046              206.961                     17.6177
6     12     0.68          95             0.4114              193.464                     17.0335
6     12     0.68          95             0.4182              199.463                     17.2956
6     12     0.68          95             0.425              230.957                     18.611
6     12     0.68          95             0.4318              233.956                     18.7315
6     12     0.68          95             0.4386              242.955                     19.0883
6     12     0.68          95             0.4454              256.452                     19.6114
6     12     0.68          95             0.4522              289.446                     20.8348
6     12     0.68          95             0.459              346.435                     22.7938
6     12     0.68          95             0.4658              350.935                     22.9413
6     12     0.68          95             0.4726              359.933                     23.2336
6     12     0.68          95             0.4794              380.929                     23.9016
6     12     0.68          95             0.4862              416.922                     25.0053
6     12     0.68          95             0.493              469.412                     26.5328
6     12     0.68          95             0.4998              433.419                     25.4952
6     12     0.68          95             0.5066              434.919                     25.5393
6     12     0.68          95             0.5134              470.912                     26.5751
6     12     0.68          95             0.5202              487.409                     27.0366
6     12     0.68          95             0.527              478.411                     26.7859
6     12     0.68          95             0.5338              412.423                     24.87
6     12     0.68          95             0.5406              461.914                     26.32
6     12     0.68          95             0.5474              446.917                     25.8892
6     12     0.68          95             0.5542              457.415                     26.1915
6     12     0.68          95             0.561              437.918                     25.6272
6     12     0.68          95             0.5678              412.423                     24.87
6     12     0.68          95             0.5746              400.425                     24.5056
6     12     0.68          95             0.5814              406.424                     24.6885
6     12     0.68          95             0.5882              380.929                     23.9016
6     12     0.68          95             0.595              409.424                     24.7794
6     12     0.68          95             0.6018              389.927                     24.1823
6     12     0.68          95             0.6086              382.429                     23.9486
6     12     0.68          95             0.6154              352.434                     22.9903
6     12     0.68          95             0.6222              319.44                     21.8877
6     12     0.68          95             0.629              334.438                     22.3956
6     12     0.68          95             0.6358              368.931                     23.5222
6     12     0.68          95             0.6426              293.945                     20.9961
6     12     0.68          95             0.6494              370.431                     23.57
6     12     0.68          95             0.6562              359.933                     23.2336
6     12     0.68          95             0.663              419.922                     25.0951
6     12     0.68          95             0.6698              11.9978                     4.24185
*******************************************************************************************************
 Average angle 94.9713 +- 0.83624 deg 
 Average E' 0.193963 +- 0.00170788 GeV 
