*******************************************************************************************************
Z     A     E(GeV)     Theta(deg)     Energy Loss(GeV)     Sigma(#mub/sr/GeV)     ERROR     Citation     
*******************************************************************************************************
6     12     0.2          166             0.001              32.9453                     19.021
6     12     0.2          166             0.003              54.9088                     24.556
6     12     0.2          166             0.005              54.9088                     24.556
6     12     0.2          166             0.007              54.9088                     24.556
6     12     0.2          166             0.009              76.8723                     29.055
6     12     0.2          166             0.011              21.9635                     15.5305
6     12     0.2          166             0.013              87.854                     31.0611
6     12     0.2          166             0.015              87.854                     31.0611
6     12     0.2          166             0.017              98.8358                     32.9453
6     12     0.2          166             0.019              54.9088                     24.556
6     12     0.2          166             0.021              142.763                     39.5953
6     12     0.2          166             0.023              164.726                     42.5322
6     12     0.2          166             0.025              109.818                     34.7274
6     12     0.2          166             0.027              142.763                     39.5953
6     12     0.2          166             0.029              164.726                     42.5322
6     12     0.2          166             0.031              120.799                     36.4224
6     12     0.2          166             0.033              175.708                     43.927
6     12     0.2          166             0.035              131.781                     38.0419
6     12     0.2          166             0.037              208.653                     47.8684
6     12     0.2          166             0.039              296.507                     57.0629
6     12     0.2          166             0.041              450.252                     70.3175
6     12     0.2          166             0.043              603.997                     81.4429
6     12     0.2          166             0.045              933.449                     101.247
6     12     0.2          166             0.047              1197.01                     114.653
6     12     0.2          166             0.049              1460.57                     126.648
6     12     0.2          166             0.051              2108.5                     152.168
6     12     0.2          166             0.053              2196.35                     155.305
6     12     0.2          166             0.055              2613.66                     169.418
6     12     0.2          166             0.057              2877.22                     177.755
6     12     0.2          166             0.059              3140.78                     185.718
6     12     0.2          166             0.061              3503.18                     196.14
6     12     0.2          166             0.063              3843.61                     205.45
6     12     0.2          166             0.065              3569.07                     197.976
6     12     0.2          166             0.067              4107.18                     212.377
6     12     0.2          166             0.069              4480.56                     221.821
6     12     0.2          166             0.071              4502.52                     222.364
6     12     0.2          166             0.073              4678.23                     226.661
6     12     0.2          166             0.075              4249.94                     216.037
6     12     0.2          166             0.077              4238.96                     215.757
6     12     0.2          166             0.079              4579.39                     224.254
6     12     0.2          166             0.081              4030.3                     210.38
6     12     0.2          166             0.083              4535.47                     223.176
6     12     0.2          166             0.085              4249.94                     216.037
6     12     0.2          166             0.087              4403.68                     219.909
6     12     0.2          166             0.089              4118.16                     212.661
6     12     0.2          166             0.091              4173.07                     214.074
6     12     0.2          166             0.093              3448.27                     194.597
6     12     0.2          166             0.095              3711.83                     201.897
6     12     0.2          166             0.097              3766.74                     203.385
6     12     0.2          166             0.099              3558.09                     197.672
6     12     0.2          166             0.101              3371.4                     192.416
6     12     0.2          166             0.103              3360.42                     192.102
6     12     0.2          166             0.105              3272.56                     189.574
6     12     0.2          166             0.107              3052.93                     183.102
6     12     0.2          166             0.109              2844.27                     176.735
6     12     0.2          166             0.111              2405                     162.515
6     12     0.2          166             0.113              2284.21                     158.381
6     12     0.2          166             0.115              2492.86                     165.457
6     12     0.2          166             0.117              2503.84                     165.821
6     12     0.2          166             0.119              2053.59                     150.173
6     12     0.2          166             0.121              1932.79                     145.689
6     12     0.2          166             0.123              2020.64                     148.964
6     12     0.2          166             0.125              1822.97                     141.49
6     12     0.2          166             0.127              1592.35                     132.238
6     12     0.2          166             0.129              1416.65                     124.729
6     12     0.2          166             0.131              1186.03                     114.126
6     12     0.2          166             0.133              1372.72                     122.78
6     12     0.2          166             0.135              1010.32                     105.333
6     12     0.2          166             0.137              867.559                     97.608
6     12     0.2          166             0.139              625.96                     82.9104
6     12     0.2          166             0.141              647.924                     84.3525
6     12     0.2          166             0.143              549.088                     77.6527
6     12     0.2          166             0.145              450.252                     70.3175
6     12     0.2          166             0.147              285.526                     55.9962
6     12     0.2          166             0.149              285.526                     55.9962
6     12     0.2          166             0.151              186.69                     45.2789
6     12     0.2          166             0.153              54.9088                     24.556
6     12     0.2          166             0.155              32.9453                     19.021
6     12     0.2          166             0.157              87.854                     31.0611
6     12     0.2          166             0.159              87.854                     31.0611
6     12     0.2          166             0.161              76.8723                     29.055
6     12     0.2          166             0.163              131.781                     38.0419
6     12     0.2          166             0.165              76.8723                     29.055
6     12     0.2          166             0.167              43.927                     21.9635
6     12     0.2          166             0.169              76.8723                     29.055
6     12     0.2          166             0.171              87.854                     31.0611
6     12     0.2          166             0.173              32.9453                     19.021
6     12     0.2          166             0.175              10.9818                     10.9818
6     12     0.2          166             0.177              0                     0
6     12     0.2          166             0.179              0                     0
6     12     0.2          166             0.181              0                     0
6     12     0.2          166             0.183              0                     0
6     12     0.2          166             0.185              0                     0
6     12     0.2          166             0.187              0                     0
6     12     0.2          166             0.189              0                     0
6     12     0.2          166             0.191              0                     0
6     12     0.2          166             0.193              0                     0
6     12     0.2          166             0.195              0                     0
6     12     0.2          166             0.197              0                     0
*******************************************************************************************************
 Average angle 165.946 +- 1.4358 deg 
 Average E' 0.112874 +- 0.000976612 GeV 
