*******************************************************************************************************
Z     A     E(GeV)     Theta(deg)     Energy Loss(GeV)     Sigma(#mub/sr/GeV)     ERROR     Citation     
*******************************************************************************************************
6     12     0.32          170             0.0016              0                     0
6     12     0.32          170             0.0048              0                     0
6     12     0.32          170             0.008              0                     0
6     12     0.32          170             0.0112              0                     0
6     12     0.32          170             0.0144              0                     0
6     12     0.32          170             0.0176              0                     0
6     12     0.32          170             0.0208              0                     0
6     12     0.32          170             0.024              0                     0
6     12     0.32          170             0.0272              13.5303                     13.5303
6     12     0.32          170             0.0304              0                     0
6     12     0.32          170             0.0336              0                     0
6     12     0.32          170             0.0368              0                     0
6     12     0.32          170             0.04              0                     0
6     12     0.32          170             0.0432              0                     0
6     12     0.32          170             0.0464              27.0605                     19.1347
6     12     0.32          170             0.0496              13.5303                     13.5303
6     12     0.32          170             0.0528              27.0605                     19.1347
6     12     0.32          170             0.056              27.0605                     19.1347
6     12     0.32          170             0.0592              81.1816                     33.1423
6     12     0.32          170             0.0624              27.0605                     19.1347
6     12     0.32          170             0.0656              121.772                     40.5908
6     12     0.32          170             0.0688              81.1816                     33.1423
6     12     0.32          170             0.072              108.242                     38.2694
6     12     0.32          170             0.0752              81.1816                     33.1423
6     12     0.32          170             0.0784              135.303                     42.7865
6     12     0.32          170             0.0816              297.666                     63.4626
6     12     0.32          170             0.0848              270.605                     60.5092
6     12     0.32          170             0.088              324.726                     66.2845
6     12     0.32          170             0.0912              432.969                     76.5388
6     12     0.32          170             0.0944              378.848                     71.5955
6     12     0.32          170             0.0976              514.15                     83.4062
6     12     0.32          170             0.1008              568.271                     87.6862
6     12     0.32          170             0.104              649.453                     93.7405
6     12     0.32          170             0.1072              662.983                     94.7119
6     12     0.32          170             0.1104              811.816                     104.805
6     12     0.32          170             0.1136              1055.36                     119.496
6     12     0.32          170             0.1168              852.407                     107.393
6     12     0.32          170             0.12              1204.19                     127.644
6     12     0.32          170             0.1232              1028.3                     117.954
6     12     0.32          170             0.1264              1461.27                     140.611
6     12     0.32          170             0.1296              1001.24                     116.392
6     12     0.32          170             0.1328              1339.5                     134.624
6     12     0.32          170             0.136              1285.38                     131.877
6     12     0.32          170             0.1392              1258.32                     130.481
6     12     0.32          170             0.1424              1366.56                     135.978
6     12     0.32          170             0.1456              1474.8                     141.26
6     12     0.32          170             0.1488              1325.97                     133.943
6     12     0.32          170             0.152              1366.56                     135.978
6     12     0.32          170             0.1552              1258.32                     130.481
6     12     0.32          170             0.1584              1123.01                     123.267
6     12     0.32          170             0.1616              1163.6                     125.475
6     12     0.32          170             0.1648              1339.5                     134.624
6     12     0.32          170             0.168              838.877                     106.537
6     12     0.32          170             0.1712              1285.38                     131.877
6     12     0.32          170             0.1744              1055.36                     119.496
6     12     0.32          170             0.1776              960.649                     114.008
6     12     0.32          170             0.1808              1109.48                     122.522
6     12     0.32          170             0.184              947.119                     113.202
6     12     0.32          170             0.1872              879.468                     109.085
6     12     0.32          170             0.1904              784.756                     103.043
6     12     0.32          170             0.1936              581.802                     88.7239
6     12     0.32          170             0.1968              608.862                     90.7638
6     12     0.32          170             0.2              554.741                     86.636
6     12     0.32          170             0.2032              662.983                     94.7119
6     12     0.32          170             0.2064              554.741                     86.636
6     12     0.32          170             0.2096              365.317                     70.3053
6     12     0.32          170             0.2128              473.559                     80.0462
6     12     0.32          170             0.216              378.848                     71.5955
6     12     0.32          170             0.2192              297.666                     63.4626
6     12     0.32          170             0.2224              338.257                     67.6513
6     12     0.32          170             0.2256              257.075                     58.9771
6     12     0.32          170             0.2288              270.605                     60.5092
6     12     0.32          170             0.232              148.833                     44.8748
6     12     0.32          170             0.2352              162.363                     46.8702
6     12     0.32          170             0.2384              148.833                     44.8748
6     12     0.32          170             0.2416              175.894                     48.7841
6     12     0.32          170             0.2448              108.242                     38.2694
6     12     0.32          170             0.248              175.894                     48.7841
6     12     0.32          170             0.2512              189.424                     50.6256
6     12     0.32          170             0.2544              243.545                     57.4041
6     12     0.32          170             0.2576              216.484                     54.1211
6     12     0.32          170             0.2608              189.424                     50.6256
6     12     0.32          170             0.264              311.196                     64.8889
6     12     0.32          170             0.2672              324.726                     66.2845
6     12     0.32          170             0.2704              324.726                     66.2845
6     12     0.32          170             0.2736              351.787                     68.9911
6     12     0.32          170             0.2768              351.787                     68.9911
6     12     0.32          170             0.28              419.438                     75.3334
6     12     0.32          170             0.2832              378.848                     71.5955
6     12     0.32          170             0.2864              405.908                     74.1083
6     12     0.32          170             0.2896              798.286                     103.928
6     12     0.32          170             0.2928              771.225                     102.151
6     12     0.32          170             0.296              1014.77                     117.176
6     12     0.32          170             0.2992              1231.25                     129.071
6     12     0.32          170             0.3024              1528.92                     143.829
6     12     0.32          170             0.3056              108.242                     38.2694
6     12     0.32          170             0.3088              0                     0
6     12     0.32          170             0.312              0                     0
6     12     0.32          170             0.3152              0                     0
*******************************************************************************************************
 Average angle 169.935 +- 2.79977 deg 
 Average E' 0.142861 +- 0.00235372 GeV 
