*******************************************************************************************************
Z     A     E(GeV)     Theta(deg)     Energy Loss(GeV)     Sigma(#mub/sr/GeV)     ERROR     Citation     
*******************************************************************************************************
6     12     0.16          84             0.0008              55.7063                     11.371
6     12     0.16          84             0.0024              64.9907                     12.2821
6     12     0.16          84             0.004              71.954                     12.9233
6     12     0.16          84             0.0056              81.2384                     13.7318
6     12     0.16          84             0.0072              95.165                     14.8623
6     12     0.16          84             0.0088              141.587                     18.1284
6     12     0.16          84             0.0104              92.8439                     14.6799
6     12     0.16          84             0.012              113.734                     16.2477
6     12     0.16          84             0.0136              99.8072                     15.2205
6     12     0.16          84             0.0152              136.945                     17.8287
6     12     0.16          84             0.0168              109.092                     15.9126
6     12     0.16          84             0.0184              102.128                     15.3964
6     12     0.16          84             0.02              118.376                     16.576
6     12     0.16          84             0.0216              176.403                     20.2349
6     12     0.16          84             0.0232              1348.56                     55.9476
6     12     0.16          84             0.0248              4217.43                     98.9398
6     12     0.16          84             0.0264              8121.52                     137.298
6     12     0.16          84             0.028              12949.4                     173.369
6     12     0.16          84             0.0296              17403.6                     200.986
6     12     0.16          84             0.0312              22790.9                     230
6     12     0.16          84             0.0328              26639.2                     248.661
6     12     0.16          84             0.0344              31822.3                     271.777
6     12     0.16          84             0.036              34770                     284.086
6     12     0.16          84             0.0376              37411.5                     294.679
6     12     0.16          84             0.0392              38971.2                     300.759
6     12     0.16          84             0.0408              40749.2                     307.543
6     12     0.16          84             0.0424              42766.2                     315.063
6     12     0.16          84             0.044              44172.8                     320.202
6     12     0.16          84             0.0456              45349.6                     324.439
6     12     0.16          84             0.0472              45897.4                     326.393
6     12     0.16          84             0.0488              46890.8                     329.906
6     12     0.16          84             0.0504              47682.3                     332.679
6     12     0.16          84             0.052              49546.2                     339.119
6     12     0.16          84             0.0536              50890.1                     343.687
6     12     0.16          84             0.0552              52890.9                     350.378
6     12     0.16          84             0.0568              53675.4                     352.967
6     12     0.16          84             0.0584              52057.6                     347.607
6     12     0.16          84             0.06              50871.5                     343.624
6     12     0.16          84             0.0616              49516                     339.015
6     12     0.16          84             0.0632              47297                     331.332
6     12     0.16          84             0.0648              45686.2                     325.641
6     12     0.16          84             0.0664              44198.3                     320.295
6     12     0.16          84             0.068              42199.9                     312.97
6     12     0.16          84             0.0696              41197.2                     309.229
6     12     0.16          84             0.0712              39864.9                     304.188
6     12     0.16          84             0.0728              38274.9                     298.06
6     12     0.16          84             0.0744              36522.5                     291.157
6     12     0.16          84             0.076              34554.2                     283.202
6     12     0.16          84             0.0776              33212.6                     277.65
6     12     0.16          84             0.0792              31483.4                     270.326
6     12     0.16          84             0.0808              29626.5                     262.233
6     12     0.16          84             0.0824              28342.9                     256.489
6     12     0.16          84             0.084              26715.8                     249.018
6     12     0.16          84             0.0856              24930.9                     240.556
6     12     0.16          84             0.0872              23556.8                     233.833
6     12     0.16          84             0.0888              18267                     205.912
6     12     0.16          84             0.0904              9033.71                     144.804
6     12     0.16          84             0.092              1462.29                     58.2591
6     12     0.16          84             0.0936              0                     0
6     12     0.16          84             0.0952              0                     0
6     12     0.16          84             0.0968              0                     0
6     12     0.16          84             0.0984              0                     0
6     12     0.16          84             0.1              0                     0
6     12     0.16          84             0.1016              0                     0
6     12     0.16          84             0.1032              0                     0
6     12     0.16          84             0.1048              0                     0
6     12     0.16          84             0.1064              0                     0
6     12     0.16          84             0.108              0                     0
6     12     0.16          84             0.1096              0                     0
6     12     0.16          84             0.1112              0                     0
6     12     0.16          84             0.1128              0                     0
6     12     0.16          84             0.1144              0                     0
6     12     0.16          84             0.116              0                     0
6     12     0.16          84             0.1176              0                     0
6     12     0.16          84             0.1192              0                     0
6     12     0.16          84             0.1208              0                     0
6     12     0.16          84             0.1224              0                     0
6     12     0.16          84             0.124              0                     0
6     12     0.16          84             0.1256              0                     0
6     12     0.16          84             0.1272              0                     0
6     12     0.16          84             0.1288              0                     0
6     12     0.16          84             0.1304              0                     0
6     12     0.16          84             0.132              0                     0
6     12     0.16          84             0.1336              0                     0
6     12     0.16          84             0.1352              0                     0
6     12     0.16          84             0.1368              0                     0
6     12     0.16          84             0.1384              0                     0
6     12     0.16          84             0.14              0                     0
6     12     0.16          84             0.1416              0                     0
6     12     0.16          84             0.1432              0                     0
6     12     0.16          84             0.1448              0                     0
6     12     0.16          84             0.1464              0                     0
6     12     0.16          84             0.148              0                     0
6     12     0.16          84             0.1496              0                     0
6     12     0.16          84             0.1512              0                     0
6     12     0.16          84             0.1528              0                     0
6     12     0.16          84             0.1544              0                     0
6     12     0.16          84             0.156              0                     0
6     12     0.16          84             0.1576              0                     0
*******************************************************************************************************
 Average angle 83.9748 +- 0.104191 deg 
 Average E' 0.102124 +- 0.00012671 GeV 
