*******************************************************************************************************
Z     A     E(GeV)     Theta(deg)     Energy Loss(GeV)     Sigma(#mub/sr/GeV)     ERROR     Citation     
*******************************************************************************************************
6     12     0.68          157.333             0.0034              0                     0
6     12     0.68          157.333             0.0102              0                     0
6     12     0.68          157.333             0.017              0                     0
6     12     0.68          157.333             0.0238              0                     0
6     12     0.68          157.333             0.0306              0                     0
6     12     0.68          157.333             0.0374              0                     0
6     12     0.68          157.333             0.0442              0                     0
6     12     0.68          157.333             0.051              0                     0
6     12     0.68          157.333             0.0578              0                     0
6     12     0.68          157.333             0.0646              0                     0
6     12     0.68          157.333             0.0714              0                     0
6     12     0.68          157.333             0.0782              0                     0
6     12     0.68          157.333             0.085              0                     0
6     12     0.68          157.333             0.0918              0                     0
6     12     0.68          157.333             0.0986              0                     0
6     12     0.68          157.333             0.1054              0                     0
6     12     0.68          157.333             0.1122              0                     0
6     12     0.68          157.333             0.119              0                     0
6     12     0.68          157.333             0.1258              0                     0
6     12     0.68          157.333             0.1326              0                     0
6     12     0.68          157.333             0.1394              0                     0
6     12     0.68          157.333             0.1462              0                     0
6     12     0.68          157.333             0.153              0                     0
6     12     0.68          157.333             0.1598              0                     0
6     12     0.68          157.333             0.1666              0                     0
6     12     0.68          157.333             0.1734              0                     0
6     12     0.68          157.333             0.1802              0                     0
6     12     0.68          157.333             0.187              0                     0
6     12     0.68          157.333             0.1938              0                     0
6     12     0.68          157.333             0.2006              0                     0
6     12     0.68          157.333             0.2074              0                     0
6     12     0.68          157.333             0.2142              0                     0
6     12     0.68          157.333             0.221              0                     0
6     12     0.68          157.333             0.2278              0                     0
6     12     0.68          157.333             0.2346              0                     0
6     12     0.68          157.333             0.2414              0                     0
6     12     0.68          157.333             0.2482              0                     0
6     12     0.68          157.333             0.255              0                     0
6     12     0.68          157.333             0.2618              0                     0
6     12     0.68          157.333             0.2686              0                     0
6     12     0.68          157.333             0.2754              0                     0
6     12     0.68          157.333             0.2822              0                     0
6     12     0.68          157.333             0.289              0                     0
6     12     0.68          157.333             0.2958              0                     0
6     12     0.68          157.333             0.3026              0                     0
6     12     0.68          157.333             0.3094              0                     0
6     12     0.68          157.333             0.3162              7.75367                     5.48267
6     12     0.68          157.333             0.323              3.87684                     3.87684
6     12     0.68          157.333             0.3298              0                     0
6     12     0.68          157.333             0.3366              15.5073                     7.75367
6     12     0.68          157.333             0.3434              23.261                     9.49627
6     12     0.68          157.333             0.3502              27.1379                     10.2571
6     12     0.68          157.333             0.357              23.261                     9.49627
6     12     0.68          157.333             0.3638              34.8915                     11.6305
6     12     0.68          157.333             0.3706              15.5073                     7.75367
6     12     0.68          157.333             0.3774              42.6452                     12.858
6     12     0.68          157.333             0.3842              62.0294                     15.5073
6     12     0.68          157.333             0.391              69.783                     16.448
6     12     0.68          157.333             0.3978              65.9062                     15.9846
6     12     0.68          157.333             0.4046              62.0294                     15.5073
6     12     0.68          157.333             0.4114              124.059                     21.9307
6     12     0.68          157.333             0.4182              62.0294                     15.5073
6     12     0.68          157.333             0.425              69.783                     16.448
6     12     0.68          157.333             0.4318              85.2904                     18.184
6     12     0.68          157.333             0.4386              73.6599                     16.8987
6     12     0.68          157.333             0.4454              81.4136                     17.7659
6     12     0.68          157.333             0.4522              69.783                     16.448
6     12     0.68          157.333             0.459              69.783                     16.448
6     12     0.68          157.333             0.4658              77.5367                     17.3377
6     12     0.68          157.333             0.4726              58.1525                     15.0149
6     12     0.68          157.333             0.4794              85.2904                     18.184
6     12     0.68          157.333             0.4862              69.783                     16.448
6     12     0.68          157.333             0.493              69.783                     16.448
6     12     0.68          157.333             0.4998              93.0441                     18.9925
6     12     0.68          157.333             0.5066              85.2904                     18.184
6     12     0.68          157.333             0.5134              112.428                     20.8774
6     12     0.68          157.333             0.5202              100.798                     19.7681
6     12     0.68          157.333             0.527              147.32                     23.8984
6     12     0.68          157.333             0.5338              155.073                     24.5193
6     12     0.68          157.333             0.5406              155.073                     24.5193
6     12     0.68          157.333             0.5474              127.936                     22.2707
6     12     0.68          157.333             0.5542              166.704                     25.4221
6     12     0.68          157.333             0.561              186.088                     26.8595
6     12     0.68          157.333             0.5678              255.871                     31.4956
6     12     0.68          157.333             0.5746              228.733                     29.7785
6     12     0.68          157.333             0.5814              162.827                     25.1248
6     12     0.68          157.333             0.5882              166.704                     25.4221
6     12     0.68          157.333             0.595              220.98                     29.2695
6     12     0.68          157.333             0.6018              209.349                     28.4888
6     12     0.68          157.333             0.6086              162.827                     25.1248
6     12     0.68          157.333             0.6154              158.95                     24.8239
6     12     0.68          157.333             0.6222              166.704                     25.4221
6     12     0.68          157.333             0.629              193.842                     27.4134
6     12     0.68          157.333             0.6358              143.443                     23.5819
6     12     0.68          157.333             0.6426              166.704                     25.4221
6     12     0.68          157.333             0.6494              189.965                     27.1379
6     12     0.68          157.333             0.6562              158.95                     24.8239
6     12     0.68          157.333             0.663              189.965                     27.1379
6     12     0.68          157.333             0.6698              186.088                     26.8595
*******************************************************************************************************
 Average angle 157.314 +- 4.08781 deg 
 Average E' 0.130115 +- 0.00338103 GeV 
