*******************************************************************************************************
Z     A     E(GeV)     Theta(deg)     Energy Loss(GeV)     Sigma(#mub/sr/GeV)     ERROR     Citation     
*******************************************************************************************************
6     12     0.24          82             0.0012              91.7164                     15.5029
6     12     0.24          82             0.0036              83.855                     14.8236
6     12     0.24          82             0.006              133.644                     18.7139
6     12     0.24          82             0.0084              107.439                     16.7792
6     12     0.24          82             0.0108              141.505                     19.2564
6     12     0.24          82             0.0132              157.228                     20.2981
6     12     0.24          82             0.0156              133.644                     18.7139
6     12     0.24          82             0.018              212.258                     23.5842
6     12     0.24          82             0.0204              180.812                     21.7672
6     12     0.24          82             0.0228              222.74                     24.1595
6     12     0.24          82             0.0252              251.565                     25.6752
6     12     0.24          82             0.0276              235.842                     24.8599
6     12     0.24          82             0.03              432.377                     33.6605
6     12     0.24          82             0.0324              1310.23                     58.5955
6     12     0.24          82             0.0348              2809.14                     85.7978
6     12     0.24          82             0.0372              4601.54                     109.81
6     12     0.24          82             0.0396              6517.1                     130.682
6     12     0.24          82             0.042              8768.09                     151.58
6     12     0.24          82             0.0444              11427.9                     173.05
6     12     0.24          82             0.0468              13581.9                     188.656
6     12     0.24          82             0.0492              15172.5                     199.397
6     12     0.24          82             0.0516              18476.9                     220.041
6     12     0.24          82             0.054              20133.1                     229.691
6     12     0.24          82             0.0564              21915                     239.64
6     12     0.24          82             0.0588              22803.3                     244.449
6     12     0.24          82             0.0612              22853.1                     244.716
6     12     0.24          82             0.0636              22729.9                     244.056
6     12     0.24          82             0.066              21694.9                     238.434
6     12     0.24          82             0.0684              21700.1                     238.463
6     12     0.24          82             0.0708              20646.7                     232.603
6     12     0.24          82             0.0732              19957.5                     228.687
6     12     0.24          82             0.0756              19430.8                     225.65
6     12     0.24          82             0.078              19032.5                     223.325
6     12     0.24          82             0.0804              17866.4                     216.375
6     12     0.24          82             0.0828              16647.8                     208.866
6     12     0.24          82             0.0852              16330.8                     206.868
6     12     0.24          82             0.0876              15227.5                     199.758
6     12     0.24          82             0.09              14546.2                     195.238
6     12     0.24          82             0.0924              13757.5                     189.871
6     12     0.24          82             0.0948              13049.9                     184.924
6     12     0.24          82             0.0972              12455.1                     180.66
6     12     0.24          82             0.0996              11257.5                     171.756
6     12     0.24          82             0.102              10563.1                     166.374
6     12     0.24          82             0.1044              9700.97                     159.44
6     12     0.24          82             0.1068              9127.09                     154.652
6     12     0.24          82             0.1092              8385.5                     148.236
6     12     0.24          82             0.1116              7329.45                     138.588
6     12     0.24          82             0.114              7119.81                     136.592
6     12     0.24          82             0.1164              6197.41                     127.437
6     12     0.24          82             0.1188              5408.65                     119.051
6     12     0.24          82             0.1212              5062.74                     115.181
6     12     0.24          82             0.1236              4389.28                     107.247
6     12     0.24          82             0.126              3776.09                     99.4743
6     12     0.24          82             0.1284              3147.18                     90.8135
6     12     0.24          82             0.1308              2824.86                     86.0376
6     12     0.24          82             0.1332              2261.46                     76.9811
6     12     0.24          82             0.1356              1876.26                     70.119
6     12     0.24          82             0.138              1480.56                     62.2878
6     12     0.24          82             0.1404              1045.57                     52.3438
6     12     0.24          82             0.1428              710.147                     43.1384
6     12     0.24          82             0.1452              524.094                     37.059
6     12     0.24          82             0.1476              301.354                     28.1014
6     12     0.24          82             0.15              220.119                     24.017
6     12     0.24          82             0.1524              183.433                     21.9244
6     12     0.24          82             0.1548              191.294                     22.3893
6     12     0.24          82             0.1572              199.156                     22.8447
6     12     0.24          82             0.1596              175.571                     21.4495
6     12     0.24          82             0.162              162.469                     20.6336
6     12     0.24          82             0.1644              159.849                     20.4665
6     12     0.24          82             0.1668              188.674                     22.2354
6     12     0.24          82             0.1692              170.33                     21.1269
6     12     0.24          82             0.1716              154.608                     20.1282
6     12     0.24          82             0.174              159.849                     20.4665
6     12     0.24          82             0.1764              120.542                     17.7729
6     12     0.24          82             0.1788              183.433                     21.9244
6     12     0.24          82             0.1812              180.812                     21.7672
6     12     0.24          82             0.1836              146.746                     19.6098
6     12     0.24          82             0.186              212.258                     23.5842
6     12     0.24          82             0.1884              180.812                     21.7672
6     12     0.24          82             0.1908              107.439                     16.7792
6     12     0.24          82             0.1932              15.7228                     6.41881
6     12     0.24          82             0.1956              0                     0
6     12     0.24          82             0.198              0                     0
6     12     0.24          82             0.2004              0                     0
6     12     0.24          82             0.2028              0                     0
6     12     0.24          82             0.2052              0                     0
6     12     0.24          82             0.2076              0                     0
6     12     0.24          82             0.21              0                     0
6     12     0.24          82             0.2124              0                     0
6     12     0.24          82             0.2148              0                     0
6     12     0.24          82             0.2172              0                     0
6     12     0.24          82             0.2196              0                     0
6     12     0.24          82             0.222              0                     0
6     12     0.24          82             0.2244              0                     0
6     12     0.24          82             0.2268              0                     0
6     12     0.24          82             0.2292              0                     0
6     12     0.24          82             0.2316              0                     0
6     12     0.24          82             0.234              0                     0
6     12     0.24          82             0.2364              0                     0
*******************************************************************************************************
 Average angle 81.9672 +- 0.179918 deg 
 Average E' 0.163059 +- 0.000357915 GeV 
