*******************************************************************************************************
Z     A     E(GeV)     Theta(deg)     Energy Loss(GeV)     Sigma(#mub/sr/GeV)     ERROR     Citation     
*******************************************************************************************************
6     12     0.16          164             0.0008              41.8735                     18.7264
6     12     0.16          164             0.0024              58.623                     22.1574
6     12     0.16          164             0.004              41.8735                     18.7264
6     12     0.16          164             0.0056              41.8735                     18.7264
6     12     0.16          164             0.0072              58.623                     22.1574
6     12     0.16          164             0.0088              83.7471                     26.4832
6     12     0.16          164             0.0104              83.7471                     26.4832
6     12     0.16          164             0.012              92.1218                     27.7758
6     12     0.16          164             0.0136              75.3724                     25.1241
6     12     0.16          164             0.0152              75.3724                     25.1241
6     12     0.16          164             0.0168              75.3724                     25.1241
6     12     0.16          164             0.0184              92.1218                     27.7758
6     12     0.16          164             0.02              50.2483                     20.5138
6     12     0.16          164             0.0216              75.3724                     25.1241
6     12     0.16          164             0.0232              108.871                     30.1954
6     12     0.16          164             0.0248              117.246                     31.3353
6     12     0.16          164             0.0264              92.1218                     27.7758
6     12     0.16          164             0.028              184.244                     39.2809
6     12     0.16          164             0.0296              209.368                     41.8735
6     12     0.16          164             0.0312              376.862                     56.1793
6     12     0.16          164             0.0328              519.232                     65.9425
6     12     0.16          164             0.0344              854.22                     84.5804
6     12     0.16          164             0.036              1549.32                     113.908
6     12     0.16          164             0.0376              1674.94                     118.436
6     12     0.16          164             0.0392              2202.55                     135.815
6     12     0.16          164             0.0408              2705.03                     150.512
6     12     0.16          164             0.0424              3257.76                     165.175
6     12     0.16          164             0.044              3668.12                     175.27
6     12     0.16          164             0.0456              4522.34                     194.611
6     12     0.16          164             0.0472              4714.96                     198.712
6     12     0.16          164             0.0488              5175.57                     208.192
6     12     0.16          164             0.0504              5552.43                     215.639
6     12     0.16          164             0.052              5410.06                     212.856
6     12     0.16          164             0.0536              6750.02                     237.759
6     12     0.16          164             0.0552              7009.63                     242.288
6     12     0.16          164             0.0568              7143.63                     244.593
6     12     0.16          164             0.0584              7302.75                     247.302
6     12     0.16          164             0.06              7193.87                     245.452
6     12     0.16          164             0.0616              7160.38                     244.88
6     12     0.16          164             0.0632              7185.5                     245.309
6     12     0.16          164             0.0648              7537.24                     251.241
6     12     0.16          164             0.0664              6909.13                     240.545
6     12     0.16          164             0.068              6909.13                     240.545
6     12     0.16          164             0.0696              7235.75                     246.165
6     12     0.16          164             0.0712              6934.26                     240.982
6     12     0.16          164             0.0728              6909.13                     240.545
6     12     0.16          164             0.0744              6507.15                     233.443
6     12     0.16          164             0.076              6858.89                     239.669
6     12     0.16          164             0.0776              6222.41                     228.278
6     12     0.16          164             0.0792              6096.79                     225.962
6     12     0.16          164             0.0808              6331.28                     230.266
6     12     0.16          164             0.0824              5895.8                     222.206
6     12     0.16          164             0.084              5946.04                     223.151
6     12     0.16          164             0.0856              6063.29                     225.34
6     12     0.16          164             0.0872              5636.18                     217.259
6     12     0.16          164             0.0888              5426.81                     213.185
6     12     0.16          164             0.0904              5368.19                     212.031
6     12     0.16          164             0.092              4974.58                     204.109
6     12     0.16          164             0.0936              4982.95                     204.281
6     12     0.16          164             0.0952              4405.1                     192.071
6     12     0.16          164             0.0968              4639.59                     197.117
6     12     0.16          164             0.0984              4354.85                     190.973
6     12     0.16          164             0.1              4019.86                     183.481
6     12     0.16          164             0.1016              3986.36                     182.715
6     12     0.16          164             0.1032              3810.49                     178.639
6     12     0.16          164             0.1048              3559.25                     172.649
6     12     0.16          164             0.1064              3383.38                     168.33
6     12     0.16          164             0.108              2931.15                     156.676
6     12     0.16          164             0.1096              2713.41                     150.745
6     12     0.16          164             0.1112              2788.78                     152.824
6     12     0.16          164             0.1128              2763.65                     152.134
6     12     0.16          164             0.1144              2470.54                     143.84
6     12     0.16          164             0.116              2152.3                     134.257
6     12     0.16          164             0.1176              1875.93                     125.341
6     12     0.16          164             0.1192              1683.32                     118.732
6     12     0.16          164             0.1208              1398.58                     108.225
6     12     0.16          164             0.1224              937.967                     88.6296
6     12     0.16          164             0.124              644.853                     73.4878
6     12     0.16          164             0.1256              267.991                     47.3745
6     12     0.16          164             0.1272              100.497                     29.0108
6     12     0.16          164             0.1288              8.37471                     8.37471
6     12     0.16          164             0.1304              0                     0
6     12     0.16          164             0.132              0                     0
6     12     0.16          164             0.1336              0                     0
6     12     0.16          164             0.1352              0                     0
6     12     0.16          164             0.1368              0                     0
6     12     0.16          164             0.1384              0                     0
6     12     0.16          164             0.14              0                     0
6     12     0.16          164             0.1416              0                     0
6     12     0.16          164             0.1432              0                     0
6     12     0.16          164             0.1448              0                     0
6     12     0.16          164             0.1464              0                     0
6     12     0.16          164             0.148              0                     0
6     12     0.16          164             0.1496              0                     0
6     12     0.16          164             0.1512              0                     0
6     12     0.16          164             0.1528              0                     0
6     12     0.16          164             0.1544              0                     0
6     12     0.16          164             0.156              0                     0
6     12     0.16          164             0.1576              0                     0
*******************************************************************************************************
 Average angle 163.952 +- 0.917121 deg 
 Average E' 0.0853929 +- 0.000477674 GeV 
