*******************************************************************************************************
Z     A     E(GeV)     Theta(deg)     Energy Loss(GeV)     Sigma(#mub/sr/GeV)     ERROR     Citation     
*******************************************************************************************************
6     12     0.16          172             0.0008              0                     0
6     12     0.16          172             0.0024              33.1728                     23.4567
6     12     0.16          172             0.004              66.3457                     33.1728
6     12     0.16          172             0.0056              33.1728                     23.4567
6     12     0.16          172             0.0072              82.9321                     37.0883
6     12     0.16          172             0.0088              82.9321                     37.0883
6     12     0.16          172             0.0104              82.9321                     37.0883
6     12     0.16          172             0.012              33.1728                     23.4567
6     12     0.16          172             0.0136              49.7592                     28.7285
6     12     0.16          172             0.0152              132.691                     46.9135
6     12     0.16          172             0.0168              49.7592                     28.7285
6     12     0.16          172             0.0184              82.9321                     37.0883
6     12     0.16          172             0.02              82.9321                     37.0883
6     12     0.16          172             0.0216              66.3457                     33.1728
6     12     0.16          172             0.0232              116.105                     43.8835
6     12     0.16          172             0.0248              66.3457                     33.1728
6     12     0.16          172             0.0264              116.105                     43.8835
6     12     0.16          172             0.028              149.278                     49.7592
6     12     0.16          172             0.0296              66.3457                     33.1728
6     12     0.16          172             0.0312              215.623                     59.8032
6     12     0.16          172             0.0328              746.389                     111.265
6     12     0.16          172             0.0344              713.216                     108.764
6     12     0.16          172             0.036              1293.74                     146.487
6     12     0.16          172             0.0376              1492.78                     157.353
6     12     0.16          172             0.0392              2239.17                     192.717
6     12     0.16          172             0.0408              2040.13                     183.952
6     12     0.16          172             0.0424              2338.68                     196.953
6     12     0.16          172             0.044              3416.8                     238.06
6     12     0.16          172             0.0456              4013.91                     258.024
6     12     0.16          172             0.0472              4395.4                     270.007
6     12     0.16          172             0.0488              4810.06                     282.456
6     12     0.16          172             0.0504              5141.79                     292.034
6     12     0.16          172             0.052              5523.28                     302.674
6     12     0.16          172             0.0536              5971.11                     314.705
6     12     0.16          172             0.0552              6651.15                     332.143
6     12     0.16          172             0.0568              6402.36                     325.871
6     12     0.16          172             0.0584              7231.68                     346.334
6     12     0.16          172             0.06              7596.58                     354.965
6     12     0.16          172             0.0616              6899.95                     338.298
6     12     0.16          172             0.0632              7115.57                     343.543
6     12     0.16          172             0.0648              6800.43                     335.849
6     12     0.16          172             0.0664              6584.81                     330.482
6     12     0.16          172             0.068              6468.7                     327.555
6     12     0.16          172             0.0696              6435.53                     326.714
6     12     0.16          172             0.0712              6817.02                     336.259
6     12     0.16          172             0.0728              6253.08                     322.05
6     12     0.16          172             0.0744              6219.91                     321.195
6     12     0.16          172             0.076              6700.91                     333.383
6     12     0.16          172             0.0776              6153.56                     319.477
6     12     0.16          172             0.0792              5821.83                     310.746
6     12     0.16          172             0.0808              5805.24                     310.303
6     12     0.16          172             0.0824              6087.21                     317.75
6     12     0.16          172             0.084              5606.21                     304.938
6     12     0.16          172             0.0856              5506.69                     302.219
6     12     0.16          172             0.0872              5772.07                     309.416
6     12     0.16          172             0.0888              5042.27                     289.194
6     12     0.16          172             0.0904              5042.27                     289.194
6     12     0.16          172             0.092              5622.79                     305.388
6     12     0.16          172             0.0936              4810.06                     282.456
6     12     0.16          172             0.0952              4992.51                     287.764
6     12     0.16          172             0.0968              4926.16                     285.845
6     12     0.16          172             0.0984              4611.02                     276.551
6     12     0.16          172             0.1              3864.63                     253.181
6     12     0.16          172             0.1016              3682.18                     247.132
6     12     0.16          172             0.1032              3516.32                     241.502
6     12     0.16          172             0.1048              3499.73                     240.932
6     12     0.16          172             0.1064              3300.7                     233.98
6     12     0.16          172             0.108              2985.55                     222.53
6     12     0.16          172             0.1096              2886.04                     218.79
6     12     0.16          172             0.1112              2769.93                     214.344
6     12     0.16          172             0.1128              2637.24                     209.147
6     12     0.16          172             0.1144              2421.62                     200.414
6     12     0.16          172             0.116              2239.17                     192.717
6     12     0.16          172             0.1176              1592.3                     162.513
6     12     0.16          172             0.1192              1758.16                     170.768
6     12     0.16          172             0.1208              1243.98                     143.643
6     12     0.16          172             0.1224              829.321                     117.284
6     12     0.16          172             0.124              779.561                     113.711
6     12     0.16          172             0.1256              414.66                     82.9321
6     12     0.16          172             0.1272              82.9321                     37.0883
6     12     0.16          172             0.1288              49.7592                     28.7285
6     12     0.16          172             0.1304              0                     0
6     12     0.16          172             0.132              0                     0
6     12     0.16          172             0.1336              0                     0
6     12     0.16          172             0.1352              0                     0
6     12     0.16          172             0.1368              0                     0
6     12     0.16          172             0.1384              0                     0
6     12     0.16          172             0.14              0                     0
6     12     0.16          172             0.1416              0                     0
6     12     0.16          172             0.1432              0                     0
6     12     0.16          172             0.1448              0                     0
6     12     0.16          172             0.1464              0                     0
6     12     0.16          172             0.148              0                     0
6     12     0.16          172             0.1496              0                     0
6     12     0.16          172             0.1512              0                     0
6     12     0.16          172             0.1528              0                     0
6     12     0.16          172             0.1544              0                     0
6     12     0.16          172             0.156              0                     0
6     12     0.16          172             0.1576              0                     0
*******************************************************************************************************
 Average angle 171.895 +- 1.38199 deg 
 Average E' 0.0847074 +- 0.000681023 GeV 
