*******************************************************************************************************
Z     A     E(GeV)     Theta(deg)     Energy Loss(GeV)     Sigma(#mub/sr/GeV)     ERROR     Citation     
*******************************************************************************************************
6     12     0.56          142.2             0.0028              0                     0
6     12     0.56          142.2             0.0084              0                     0
6     12     0.56          142.2             0.014              0                     0
6     12     0.56          142.2             0.0196              0                     0
6     12     0.56          142.2             0.0252              0                     0
6     12     0.56          142.2             0.0308              0                     0
6     12     0.56          142.2             0.0364              0                     0
6     12     0.56          142.2             0.042              0                     0
6     12     0.56          142.2             0.0476              0                     0
6     12     0.56          142.2             0.0532              0                     0
6     12     0.56          142.2             0.0588              0                     0
6     12     0.56          142.2             0.0644              0                     0
6     12     0.56          142.2             0.07              0                     0
6     12     0.56          142.2             0.0756              0                     0
6     12     0.56          142.2             0.0812              0                     0
6     12     0.56          142.2             0.0868              0                     0
6     12     0.56          142.2             0.0924              0                     0
6     12     0.56          142.2             0.098              0                     0
6     12     0.56          142.2             0.1036              0                     0
6     12     0.56          142.2             0.1092              0                     0
6     12     0.56          142.2             0.1148              0                     0
6     12     0.56          142.2             0.1204              0                     0
6     12     0.56          142.2             0.126              0                     0
6     12     0.56          142.2             0.1316              0                     0
6     12     0.56          142.2             0.1372              0                     0
6     12     0.56          142.2             0.1428              0                     0
6     12     0.56          142.2             0.1484              0                     0
6     12     0.56          142.2             0.154              0                     0
6     12     0.56          142.2             0.1596              0                     0
6     12     0.56          142.2             0.1652              0                     0
6     12     0.56          142.2             0.1708              0                     0
6     12     0.56          142.2             0.1764              0                     0
6     12     0.56          142.2             0.182              0                     0
6     12     0.56          142.2             0.1876              0                     0
6     12     0.56          142.2             0.1932              0                     0
6     12     0.56          142.2             0.1988              0                     0
6     12     0.56          142.2             0.2044              2.79611                     2.79611
6     12     0.56          142.2             0.21              5.59222                     3.9543
6     12     0.56          142.2             0.2156              2.79611                     2.79611
6     12     0.56          142.2             0.2212              8.38833                     4.843
6     12     0.56          142.2             0.2268              30.7572                     9.27365
6     12     0.56          142.2             0.2324              44.7378                     11.1844
6     12     0.56          142.2             0.238              41.9416                     10.8293
6     12     0.56          142.2             0.2436              36.3494                     10.0815
6     12     0.56          142.2             0.2492              83.8833                     15.3149
6     12     0.56          142.2             0.2548              72.6988                     14.2574
6     12     0.56          142.2             0.2604              92.2716                     16.0624
6     12     0.56          142.2             0.266              100.66                     16.7767
6     12     0.56          142.2             0.2716              114.64                     17.9038
6     12     0.56          142.2             0.2772              139.805                     19.7715
6     12     0.56          142.2             0.2828              167.767                     21.6586
6     12     0.56          142.2             0.2884              226.485                     25.165
6     12     0.56          142.2             0.294              206.912                     24.053
6     12     0.56          142.2             0.2996              260.038                     26.9647
6     12     0.56          142.2             0.3052              232.077                     25.4738
6     12     0.56          142.2             0.3108              229.281                     25.3198
6     12     0.56          142.2             0.3164              162.174                     21.2945
6     12     0.56          142.2             0.322              220.893                     24.8524
6     12     0.56          142.2             0.3276              254.446                     26.6732
6     12     0.56          142.2             0.3332              184.543                     22.7157
6     12     0.56          142.2             0.3388              232.077                     25.4738
6     12     0.56          142.2             0.3444              167.767                     21.6586
6     12     0.56          142.2             0.35              173.359                     22.0166
6     12     0.56          142.2             0.3556              164.97                     21.4773
6     12     0.56          142.2             0.3612              212.504                     24.3759
6     12     0.56          142.2             0.3668              201.32                     23.7258
6     12     0.56          142.2             0.3724              162.174                     21.2945
6     12     0.56          142.2             0.378              198.524                     23.5604
6     12     0.56          142.2             0.3836              209.708                     24.215
6     12     0.56          142.2             0.3892              201.32                     23.7258
6     12     0.56          142.2             0.3948              237.669                     25.7789
6     12     0.56          142.2             0.4004              268.427                     27.3962
6     12     0.56          142.2             0.406              310.368                     29.4588
6     12     0.56          142.2             0.4116              307.572                     29.3258
6     12     0.56          142.2             0.4172              293.591                     28.6516
6     12     0.56          142.2             0.4228              290.795                     28.5148
6     12     0.56          142.2             0.4284              388.659                     32.9656
6     12     0.56          142.2             0.434              385.863                     32.8468
6     12     0.56          142.2             0.4396              411.028                     33.901
6     12     0.56          142.2             0.4452              500.504                     37.4094
6     12     0.56          142.2             0.4508              438.989                     35.0352
6     12     0.56          142.2             0.4564              536.853                     38.744
6     12     0.56          142.2             0.462              422.213                     34.3592
6     12     0.56          142.2             0.4676              589.979                     40.6158
6     12     0.56          142.2             0.4732              553.63                     39.3447
6     12     0.56          142.2             0.4788              534.057                     38.643
6     12     0.56          142.2             0.4844              567.61                     39.8384
6     12     0.56          142.2             0.49              550.834                     39.2453
6     12     0.56          142.2             0.4956              573.202                     40.0342
6     12     0.56          142.2             0.5012              489.319                     36.9891
6     12     0.56          142.2             0.5068              475.339                     36.4568
6     12     0.56          142.2             0.5124              444.581                     35.2576
6     12     0.56          142.2             0.518              425.009                     34.4728
6     12     0.56          142.2             0.5236              480.931                     36.6706
6     12     0.56          142.2             0.5292              466.95                     36.1337
6     12     0.56          142.2             0.5348              397.048                     33.3195
6     12     0.56          142.2             0.5404              402.64                     33.5533
6     12     0.56          142.2             0.546              366.29                     32.0029
6     12     0.56          142.2             0.5516              81.0872                     15.0575
*******************************************************************************************************
 Average angle 142.193 +- 1.82164 deg 
 Average E' 0.127543 +- 0.00163395 GeV 
