*******************************************************************************************************
Z     A     E(GeV)     Theta(deg)     Energy Loss(GeV)     Sigma(#mub/sr/GeV)     ERROR     Citation     
*******************************************************************************************************
6     12     0.4          35.3333             0.002              10.8929                     6.28902
6     12     0.4          35.3333             0.006              7.26194                     5.13497
6     12     0.4          35.3333             0.01              36.3097                     11.4821
6     12     0.4          35.3333             0.014              25.4168                     9.60664
6     12     0.4          35.3333             0.018              47.2026                     13.0916
6     12     0.4          35.3333             0.022              61.7265                     14.9709
6     12     0.4          35.3333             0.026              7908.25                     169.454
6     12     0.4          35.3333             0.03              41004.5                     385.858
6     12     0.4          35.3333             0.034              85567.4                     557.398
6     12     0.4          35.3333             0.038              130475                     688.296
6     12     0.4          35.3333             0.042              171062                     788.113
6     12     0.4          35.3333             0.046              197427                     846.67
6     12     0.4          35.3333             0.05              213715                     880.905
6     12     0.4          35.3333             0.054              226841                     907.554
6     12     0.4          35.3333             0.058              224953                     903.769
6     12     0.4          35.3333             0.062              208098                     869.251
6     12     0.4          35.3333             0.066              191701                     834.302
6     12     0.4          35.3333             0.07              174330                     795.605
6     12     0.4          35.3333             0.074              155848                     752.251
6     12     0.4          35.3333             0.078              140047                     713.095
6     12     0.4          35.3333             0.082              125069                     673.885
6     12     0.4          35.3333             0.086              110585                     633.664
6     12     0.4          35.3333             0.09              96754.5                     592.716
6     12     0.4          35.3333             0.094              84060.6                     552.469
6     12     0.4          35.3333             0.098              72862.7                     514.356
6     12     0.4          35.3333             0.102              61755.5                     473.532
6     12     0.4          35.3333             0.106              51944.7                     434.292
6     12     0.4          35.3333             0.11              42751                     393.99
6     12     0.4          35.3333             0.114              35503.6                     359.044
6     12     0.4          35.3333             0.118              28056.5                     319.174
6     12     0.4          35.3333             0.122              22700.8                     287.099
6     12     0.4          35.3333             0.126              16539.1                     245.057
6     12     0.4          35.3333             0.13              11985.8                     208.615
6     12     0.4          35.3333             0.134              8038.97                     170.849
6     12     0.4          35.3333             0.138              5257.64                     138.168
6     12     0.4          35.3333             0.142              3089.96                     105.922
6     12     0.4          35.3333             0.146              1339.83                     69.7487
6     12     0.4          35.3333             0.15              566.431                     45.3508
6     12     0.4          35.3333             0.154              537.384                     44.1727
6     12     0.4          35.3333             0.158              479.288                     41.7167
6     12     0.4          35.3333             0.162              508.336                     42.9622
6     12     0.4          35.3333             0.166              588.217                     46.2147
6     12     0.4          35.3333             0.17              551.907                     44.7656
6     12     0.4          35.3333             0.174              639.051                     48.1703
6     12     0.4          35.3333             0.178              773.397                     52.9923
6     12     0.4          35.3333             0.182              860.54                     55.8981
6     12     0.4          35.3333             0.186              922.266                     57.8681
6     12     0.4          35.3333             0.19              1074.77                     62.4696
6     12     0.4          35.3333             0.194              1194.59                     65.8598
6     12     0.4          35.3333             0.198              1485.07                     73.4318
6     12     0.4          35.3333             0.202              1477.8                     73.2521
6     12     0.4          35.3333             0.206              1612.15                     76.5093
6     12     0.4          35.3333             0.21              1833.64                     81.5959
6     12     0.4          35.3333             0.214              1844.53                     81.8379
6     12     0.4          35.3333             0.218              1891.74                     82.8784
6     12     0.4          35.3333             0.222              2018.82                     85.617
6     12     0.4          35.3333             0.226              2116.86                     87.6712
6     12     0.4          35.3333             0.23              2164.06                     88.6433
6     12     0.4          35.3333             0.234              2327.45                     91.9288
6     12     0.4          35.3333             0.238              2483.58                     94.9622
6     12     0.4          35.3333             0.242              2519.89                     95.6538
6     12     0.4          35.3333             0.246              2705.07                     99.1062
6     12     0.4          35.3333             0.25              2737.75                     99.703
6     12     0.4          35.3333             0.254              2835.79                     101.472
6     12     0.4          35.3333             0.258              2454.54                     94.4052
6     12     0.4          35.3333             0.262              1859.06                     82.1595
6     12     0.4          35.3333             0.266              1543.16                     74.8544
6     12     0.4          35.3333             0.27              795.182                     53.7334
6     12     0.4          35.3333             0.274              167.025                     24.6264
6     12     0.4          35.3333             0.278              0                     0
6     12     0.4          35.3333             0.282              0                     0
6     12     0.4          35.3333             0.286              0                     0
6     12     0.4          35.3333             0.29              0                     0
6     12     0.4          35.3333             0.294              0                     0
6     12     0.4          35.3333             0.298              0                     0
6     12     0.4          35.3333             0.302              0                     0
6     12     0.4          35.3333             0.306              0                     0
6     12     0.4          35.3333             0.31              0                     0
6     12     0.4          35.3333             0.314              0                     0
6     12     0.4          35.3333             0.318              0                     0
6     12     0.4          35.3333             0.322              0                     0
6     12     0.4          35.3333             0.326              0                     0
6     12     0.4          35.3333             0.33              0                     0
6     12     0.4          35.3333             0.334              0                     0
6     12     0.4          35.3333             0.338              0                     0
6     12     0.4          35.3333             0.342              0                     0
6     12     0.4          35.3333             0.346              0                     0
6     12     0.4          35.3333             0.35              0                     0
6     12     0.4          35.3333             0.354              0                     0
6     12     0.4          35.3333             0.358              0                     0
6     12     0.4          35.3333             0.362              0                     0
6     12     0.4          35.3333             0.366              0                     0
6     12     0.4          35.3333             0.37              0                     0
6     12     0.4          35.3333             0.374              0                     0
6     12     0.4          35.3333             0.378              0                     0
6     12     0.4          35.3333             0.382              0                     0
6     12     0.4          35.3333             0.386              0                     0
6     12     0.4          35.3333             0.39              0                     0
6     12     0.4          35.3333             0.394              0                     0
*******************************************************************************************************
 Average angle 35.2735 +- 0.0388381 deg 
 Average E' 0.330326 +- 0.000363707 GeV 
