*******************************************************************************************************
Z     A     E(GeV)     Theta(deg)     Energy Loss(GeV)     Sigma(#mub/sr/GeV)     ERROR     Citation     
*******************************************************************************************************
6     12     0.16          80             0.0008              72.6638                     13.0508
6     12     0.16          80             0.0024              70.3198                     12.8386
6     12     0.16          80             0.004              100.792                     15.3706
6     12     0.16          80             0.0056              84.3838                     14.064
6     12     0.16          80             0.0072              77.3518                     13.4652
6     12     0.16          80             0.0088              119.544                     16.7395
6     12     0.16          80             0.0104              114.856                     16.408
6     12     0.16          80             0.012              131.264                     17.5408
6     12     0.16          80             0.0136              105.48                     15.724
6     12     0.16          80             0.0152              133.608                     17.6968
6     12     0.16          80             0.0168              133.608                     17.6968
6     12     0.16          80             0.0184              138.296                     18.0046
6     12     0.16          80             0.02              135.952                     17.8513
6     12     0.16          80             0.0216              377.383                     29.7419
6     12     0.16          80             0.0232              2632.3                     78.55
6     12     0.16          80             0.0248              6797.58                     126.228
6     12     0.16          80             0.0264              11991.9                     167.657
6     12     0.16          80             0.028              18194.1                     206.511
6     12     0.16          80             0.0296              23901.7                     236.697
6     12     0.16          80             0.0312              30300.8                     266.505
6     12     0.16          80             0.0328              35863.1                     289.936
6     12     0.16          80             0.0344              40436.2                     307.867
6     12     0.16          80             0.036              43345.1                     318.749
6     12     0.16          80             0.0376              45525                     326.666
6     12     0.16          80             0.0392              48464.4                     337.046
6     12     0.16          80             0.0408              49713.8                     341.363
6     12     0.16          80             0.0424              51488.2                     347.402
6     12     0.16          80             0.044              52392.9                     350.441
6     12     0.16          80             0.0456              54136.9                     356.225
6     12     0.16          80             0.0472              55468.3                     360.579
6     12     0.16          80             0.0488              56070.7                     362.532
6     12     0.16          80             0.0504              57943.5                     368.537
6     12     0.16          80             0.052              59291.3                     372.798
6     12     0.16          80             0.0536              61091.5                     378.415
6     12     0.16          80             0.0552              64225.4                     388
6     12     0.16          80             0.0568              64539.5                     388.948
6     12     0.16          80             0.0584              62622.1                     383.126
6     12     0.16          80             0.06              60702.4                     377.208
6     12     0.16          80             0.0616              58032.6                     368.82
6     12     0.16          80             0.0632              56581.7                     364.18
6     12     0.16          80             0.0648              54739.3                     358.202
6     12     0.16          80             0.0664              52325                     350.213
6     12     0.16          80             0.068              50440.4                     343.849
6     12     0.16          80             0.0696              48316.7                     336.532
6     12     0.16          80             0.0712              45932.9                     328.126
6     12     0.16          80             0.0728              43713.1                     320.099
6     12     0.16          80             0.0744              42761.5                     316.595
6     12     0.16          80             0.076              39819.8                     305.511
6     12     0.16          80             0.0776              37911.7                     298.102
6     12     0.16          80             0.0792              35919.4                     290.163
6     12     0.16          80             0.0808              34806                     285.631
6     12     0.16          80             0.0824              28929.6                     260.405
6     12     0.16          80             0.084              17118.2                     200.312
6     12     0.16          80             0.0856              6495.2                     123.388
6     12     0.16          80             0.0872              105.48                     15.724
6     12     0.16          80             0.0888              0                     0
6     12     0.16          80             0.0904              0                     0
6     12     0.16          80             0.092              0                     0
6     12     0.16          80             0.0936              0                     0
6     12     0.16          80             0.0952              0                     0
6     12     0.16          80             0.0968              0                     0
6     12     0.16          80             0.0984              0                     0
6     12     0.16          80             0.1              0                     0
6     12     0.16          80             0.1016              0                     0
6     12     0.16          80             0.1032              0                     0
6     12     0.16          80             0.1048              0                     0
6     12     0.16          80             0.1064              0                     0
6     12     0.16          80             0.108              0                     0
6     12     0.16          80             0.1096              0                     0
6     12     0.16          80             0.1112              0                     0
6     12     0.16          80             0.1128              0                     0
6     12     0.16          80             0.1144              0                     0
6     12     0.16          80             0.116              0                     0
6     12     0.16          80             0.1176              0                     0
6     12     0.16          80             0.1192              0                     0
6     12     0.16          80             0.1208              0                     0
6     12     0.16          80             0.1224              0                     0
6     12     0.16          80             0.124              0                     0
6     12     0.16          80             0.1256              0                     0
6     12     0.16          80             0.1272              0                     0
6     12     0.16          80             0.1288              0                     0
6     12     0.16          80             0.1304              0                     0
6     12     0.16          80             0.132              0                     0
6     12     0.16          80             0.1336              0                     0
6     12     0.16          80             0.1352              0                     0
6     12     0.16          80             0.1368              0                     0
6     12     0.16          80             0.1384              0                     0
6     12     0.16          80             0.14              0                     0
6     12     0.16          80             0.1416              0                     0
6     12     0.16          80             0.1432              0                     0
6     12     0.16          80             0.1448              0                     0
6     12     0.16          80             0.1464              0                     0
6     12     0.16          80             0.148              0                     0
6     12     0.16          80             0.1496              0                     0
6     12     0.16          80             0.1512              0                     0
6     12     0.16          80             0.1528              0                     0
6     12     0.16          80             0.1544              0                     0
6     12     0.16          80             0.156              0                     0
6     12     0.16          80             0.1576              0                     0
*******************************************************************************************************
 Average angle 79.9773 +- 0.0935444 deg 
 Average E' 0.104433 +- 0.000122149 GeV 
