*******************************************************************************************************
Z     A     E(GeV)     Theta(deg)     Energy Loss(GeV)     Sigma(nb/sr/GeV)     ERROR     Citation     
*******************************************************************************************************
6     12     0.08          102.5             0.0004              0                     0
6     12     0.08          102.5             0.0012              0                     0
6     12     0.08          102.5             0.002              0                     0
6     12     0.08          102.5             0.0028              0                     0
6     12     0.08          102.5             0.0036              0.825226                     0.825226
6     12     0.08          102.5             0.0044              0                     0
6     12     0.08          102.5             0.0052              0                     0
6     12     0.08          102.5             0.006              0                     0
6     12     0.08          102.5             0.0068              0                     0
6     12     0.08          102.5             0.0076              0                     0
6     12     0.08          102.5             0.0084              0                     0
6     12     0.08          102.5             0.0092              0.825226                     0.825226
6     12     0.08          102.5             0.01              1.65045                     1.16705
6     12     0.08          102.5             0.0108              0.825226                     0.825226
6     12     0.08          102.5             0.0116              0                     0
6     12     0.08          102.5             0.0124              0.825226                     0.825226
6     12     0.08          102.5             0.0132              1.65045                     1.16705
6     12     0.08          102.5             0.014              0                     0
6     12     0.08          102.5             0.0148              0.825226                     0.825226
6     12     0.08          102.5             0.0156              1.65045                     1.16705
6     12     0.08          102.5             0.0164              0                     0
6     12     0.08          102.5             0.0172              0                     0
6     12     0.08          102.5             0.018              0                     0
6     12     0.08          102.5             0.0188              7.42704                     2.47568
6     12     0.08          102.5             0.0196              11.5532                     3.08771
6     12     0.08          102.5             0.0204              25.582                     4.59466
6     12     0.08          102.5             0.0212              33.8343                     5.28403
6     12     0.08          102.5             0.022              50.3388                     6.44522
6     12     0.08          102.5             0.0228              37.9604                     5.59696
6     12     0.08          102.5             0.0236              59.4163                     7.00228
6     12     0.08          102.5             0.0244              57.7658                     6.90434
6     12     0.08          102.5             0.0252              70.1442                     7.60821
6     12     0.08          102.5             0.026              57.7658                     6.90434
6     12     0.08          102.5             0.0268              58.5911                     6.95348
6     12     0.08          102.5             0.0276              71.7947                     7.6972
6     12     0.08          102.5             0.0284              66.8433                     7.42704
6     12     0.08          102.5             0.0292              55.2902                     6.75477
6     12     0.08          102.5             0.03              56.9406                     6.85484
6     12     0.08          102.5             0.0308              70.9695                     7.65283
6     12     0.08          102.5             0.0316              67.6685                     7.47274
6     12     0.08          102.5             0.0324              70.1442                     7.60821
6     12     0.08          102.5             0.0332              70.1442                     7.60821
6     12     0.08          102.5             0.034              62.7172                     7.19415
6     12     0.08          102.5             0.0348              68.4938                     7.51817
6     12     0.08          102.5             0.0356              81.6974                     8.2109
6     12     0.08          102.5             0.0364              75.0956                     7.87216
6     12     0.08          102.5             0.0372              75.0956                     7.87216
6     12     0.08          102.5             0.038              82.5226                     8.25226
6     12     0.08          102.5             0.0388              81.6974                     8.2109
6     12     0.08          102.5             0.0396              80.8722                     8.16932
6     12     0.08          102.5             0.0404              83.3478                     8.29342
6     12     0.08          102.5             0.0412              89.1244                     8.576
6     12     0.08          102.5             0.042              63.5424                     7.24133
6     12     0.08          102.5             0.0428              96.5515                     8.92619
6     12     0.08          102.5             0.0436              84.1731                     8.33438
6     12     0.08          102.5             0.0444              88.2992                     8.53621
6     12     0.08          102.5             0.0452              100.678                     9.11492
6     12     0.08          102.5             0.046              91.6001                     8.6943
6     12     0.08          102.5             0.0468              91.6001                     8.6943
6     12     0.08          102.5             0.0476              103.978                     9.26314
6     12     0.08          102.5             0.0484              106.454                     9.37277
6     12     0.08          102.5             0.0492              119.658                     9.93704
6     12     0.08          102.5             0.05              114.706                     9.72927
6     12     0.08          102.5             0.0508              124.609                     10.1405
6     12     0.08          102.5             0.0516              143.589                     10.8855
6     12     0.08          102.5             0.0524              119.658                     9.93704
6     12     0.08          102.5             0.0532              121.308                     10.0053
6     12     0.08          102.5             0.054              141.939                     10.8227
6     12     0.08          102.5             0.0548              149.366                     11.1023
6     12     0.08          102.5             0.0556              159.269                     11.4644
6     12     0.08          102.5             0.0564              157.618                     11.4049
6     12     0.08          102.5             0.0572              169.997                     11.8442
6     12     0.08          102.5             0.058              188.152                     12.4606
6     12     0.08          102.5             0.0588              151.016                     11.1635
6     12     0.08          102.5             0.0596              164.22                     11.6412
6     12     0.08          102.5             0.0604              150.191                     11.1329
6     12     0.08          102.5             0.0612              145.24                     10.9479
6     12     0.08          102.5             0.062              141.939                     10.8227
6     12     0.08          102.5             0.0628              140.288                     10.7596
6     12     0.08          102.5             0.0636              137.813                     10.6643
6     12     0.08          102.5             0.0644              152.667                     11.2243
6     12     0.08          102.5             0.0652              133.687                     10.5034
6     12     0.08          102.5             0.066              140.288                     10.7596
6     12     0.08          102.5             0.0668              126.26                     10.2075
6     12     0.08          102.5             0.0676              132.861                     10.4709
6     12     0.08          102.5             0.0684              108.93                     9.48113
6     12     0.08          102.5             0.0692              128.735                     10.3071
6     12     0.08          102.5             0.07              145.24                     10.9479
6     12     0.08          102.5             0.0708              122.959                     10.0732
6     12     0.08          102.5             0.0716              129.561                     10.3401
6     12     0.08          102.5             0.0724              128.735                     10.3071
6     12     0.08          102.5             0.0732              161.744                     11.5532
6     12     0.08          102.5             0.074              207.957                     13.1001
6     12     0.08          102.5             0.0748              132.036                     10.4384
6     12     0.08          102.5             0.0756              0                     0
6     12     0.08          102.5             0.0764              0                     0
6     12     0.08          102.5             0.0772              0                     0
6     12     0.08          102.5             0.078              0                     0
6     12     0.08          102.5             0.0788              0                     0
*******************************************************************************************************
 Average angle 102.475 +- 1.08869 deg 
 Average E' 0.0272107 +- 0.000289083 GeV 
