*******************************************************************************************************
Z     A     E(GeV)     Theta(deg)     Energy Loss(GeV)     Sigma(#mub/sr/GeV)     ERROR     Citation     
*******************************************************************************************************
6     12     3.595          168.667             0.017975              0                     0
6     12     3.595          168.667             0.053925              0                     0
6     12     3.595          168.667             0.089875              0                     0
6     12     3.595          168.667             0.125825              0                     0
6     12     3.595          168.667             0.161775              0                     0
6     12     3.595          168.667             0.197725              0                     0
6     12     3.595          168.667             0.233675              0                     0
6     12     3.595          168.667             0.269625              0                     0
6     12     3.595          168.667             0.305575              0                     0
6     12     3.595          168.667             0.341525              0                     0
6     12     3.595          168.667             0.377475              0                     0
6     12     3.595          168.667             0.413425              0                     0
6     12     3.595          168.667             0.449375              0                     0
6     12     3.595          168.667             0.485325              0                     0
6     12     3.595          168.667             0.521275              0                     0
6     12     3.595          168.667             0.557225              0                     0
6     12     3.595          168.667             0.593175              0                     0
6     12     3.595          168.667             0.629125              0                     0
6     12     3.595          168.667             0.665075              0                     0
6     12     3.595          168.667             0.701025              0                     0
6     12     3.595          168.667             0.736975              0                     0
6     12     3.595          168.667             0.772925              0                     0
6     12     3.595          168.667             0.808875              0                     0
6     12     3.595          168.667             0.844825              0                     0
6     12     3.595          168.667             0.880775              0                     0
6     12     3.595          168.667             0.916725              0                     0
6     12     3.595          168.667             0.952675              0                     0
6     12     3.595          168.667             0.988625              0                     0
6     12     3.595          168.667             1.02458              0                     0
6     12     3.595          168.667             1.06053              0                     0
6     12     3.595          168.667             1.09648              0                     0
6     12     3.595          168.667             1.13243              0                     0
6     12     3.595          168.667             1.16838              0                     0
6     12     3.595          168.667             1.20433              0                     0
6     12     3.595          168.667             1.24028              0                     0
6     12     3.595          168.667             1.27623              0                     0
6     12     3.595          168.667             1.31218              0                     0
6     12     3.595          168.667             1.34813              0                     0
6     12     3.595          168.667             1.38408              0                     0
6     12     3.595          168.667             1.42003              0                     0
6     12     3.595          168.667             1.45598              0                     0
6     12     3.595          168.667             1.49193              0                     0
6     12     3.595          168.667             1.52788              0                     0
6     12     3.595          168.667             1.56383              0                     0
6     12     3.595          168.667             1.59978              0                     0
6     12     3.595          168.667             1.63573              0                     0
6     12     3.595          168.667             1.67168              0                     0
6     12     3.595          168.667             1.70763              0                     0
6     12     3.595          168.667             1.74358              0                     0
6     12     3.595          168.667             1.77953              0                     0
6     12     3.595          168.667             1.81548              0                     0
6     12     3.595          168.667             1.85143              0                     0
6     12     3.595          168.667             1.88738              0                     0
6     12     3.595          168.667             1.92333              0                     0
6     12     3.595          168.667             1.95928              0                     0
6     12     3.595          168.667             1.99523              0                     0
6     12     3.595          168.667             2.03118              0                     0
6     12     3.595          168.667             2.06712              0                     0
6     12     3.595          168.667             2.10308              0                     0
6     12     3.595          168.667             2.13903              0                     0
6     12     3.595          168.667             2.17497              0                     0
6     12     3.595          168.667             2.21093              0                     0
6     12     3.595          168.667             2.24688              0                     0
6     12     3.595          168.667             2.28282              0                     0
6     12     3.595          168.667             2.31878              0                     0
6     12     3.595          168.667             2.35473              0                     0
6     12     3.595          168.667             2.39067              0                     0
6     12     3.595          168.667             2.42663              0                     0
6     12     3.595          168.667             2.46258              0                     0
6     12     3.595          168.667             2.49852              0                     0
6     12     3.595          168.667             2.53448              0                     0
6     12     3.595          168.667             2.57043              0                     0
6     12     3.595          168.667             2.60637              0                     0
6     12     3.595          168.667             2.64233              0                     0
6     12     3.595          168.667             2.67828              0                     0
6     12     3.595          168.667             2.71422              0                     0
6     12     3.595          168.667             2.75018              0                     0
6     12     3.595          168.667             2.78613              0                     0
6     12     3.595          168.667             2.82207              0                     0
6     12     3.595          168.667             2.85803              0                     0
6     12     3.595          168.667             2.89398              0                     0
6     12     3.595          168.667             2.92992              0                     0
6     12     3.595          168.667             2.96588              0                     0
6     12     3.595          168.667             3.00183              0                     0
6     12     3.595          168.667             3.03777              0                     0
6     12     3.595          168.667             3.07373              0                     0
6     12     3.595          168.667             3.10968              0                     0
6     12     3.595          168.667             3.14562              0                     0
6     12     3.595          168.667             3.18158              0                     0
6     12     3.595          168.667             3.21753              0                     0
6     12     3.595          168.667             3.25347              0                     0
6     12     3.595          168.667             3.28943              0                     0
6     12     3.595          168.667             3.32538              2.1511                     2.1511
6     12     3.595          168.667             3.36132              2.1511                     2.1511
6     12     3.595          168.667             3.39728              2.1511                     2.1511
6     12     3.595          168.667             3.43323              2.1511                     2.1511
6     12     3.595          168.667             3.46917              10.7555                     4.81002
6     12     3.595          168.667             3.50513              6.45331                     3.72582
6     12     3.595          168.667             3.54108              19.3599                     6.45331
*******************************************************************************************************
 Average angle 168.47 +- 35.918 deg 
 Average E' 0.101412 +- 0.0216212 GeV 
