*******************************************************************************************************
Z     A     E(GeV)     Theta(deg)     Energy Loss(GeV)     Sigma(#mub/sr/GeV)     ERROR     Citation     
*******************************************************************************************************
6     12     0.2          170.667             0.001              114.671                     43.3415
6     12     0.2          170.667             0.003              32.7631                     23.167
6     12     0.2          170.667             0.005              32.7631                     23.167
6     12     0.2          170.667             0.007              49.1447                     28.3737
6     12     0.2          170.667             0.009              65.5262                     32.7631
6     12     0.2          170.667             0.011              65.5262                     32.7631
6     12     0.2          170.667             0.013              114.671                     43.3415
6     12     0.2          170.667             0.015              65.5262                     32.7631
6     12     0.2          170.667             0.017              98.2894                     40.1265
6     12     0.2          170.667             0.019              65.5262                     32.7631
6     12     0.2          170.667             0.021              81.9078                     36.6303
6     12     0.2          170.667             0.023              114.671                     43.3415
6     12     0.2          170.667             0.025              32.7631                     23.167
6     12     0.2          170.667             0.027              65.5262                     32.7631
6     12     0.2          170.667             0.029              180.197                     54.3315
6     12     0.2          170.667             0.031              98.2894                     40.1265
6     12     0.2          170.667             0.033              81.9078                     36.6303
6     12     0.2          170.667             0.035              229.342                     61.2942
6     12     0.2          170.667             0.037              196.579                     56.7474
6     12     0.2          170.667             0.039              425.921                     83.5299
6     12     0.2          170.667             0.041              425.921                     83.5299
6     12     0.2          170.667             0.043              524.21                     92.6681
6     12     0.2          170.667             0.045              966.512                     125.829
6     12     0.2          170.667             0.047              982.894                     126.891
6     12     0.2          170.667             0.049              1490.72                     156.27
6     12     0.2          170.667             0.051              1720.06                     167.861
6     12     0.2          170.667             0.053              2375.33                     197.26
6     12     0.2          170.667             0.055              2309.8                     194.52
6     12     0.2          170.667             0.057              2637.43                     207.859
6     12     0.2          170.667             0.059              3554.8                     241.315
6     12     0.2          170.667             0.061              3227.17                     229.926
6     12     0.2          170.667             0.063              3603.94                     242.978
6     12     0.2          170.667             0.065              4029.86                     256.935
6     12     0.2          170.667             0.067              3964.34                     254.837
6     12     0.2          170.667             0.069              3997.1                     255.888
6     12     0.2          170.667             0.071              4144.53                     260.565
6     12     0.2          170.667             0.073              4799.8                     280.407
6     12     0.2          170.667             0.075              4226.44                     263.127
6     12     0.2          170.667             0.077              4029.86                     256.935
6     12     0.2          170.667             0.079              4619.6                     275.093
6     12     0.2          170.667             0.081              4390.26                     268.178
6     12     0.2          170.667             0.083              4570.45                     273.626
6     12     0.2          170.667             0.085              4111.77                     259.533
6     12     0.2          170.667             0.087              3751.38                     247.898
6     12     0.2          170.667             0.089              4095.39                     259.015
6     12     0.2          170.667             0.091              3685.85                     245.723
6     12     0.2          170.667             0.093              4193.68                     262.105
6     12     0.2          170.667             0.095              3685.85                     245.723
6     12     0.2          170.667             0.097              3276.31                     231.67
6     12     0.2          170.667             0.099              3456.51                     237.956
6     12     0.2          170.667             0.101              3128.88                     226.398
6     12     0.2          170.667             0.103              3079.73                     224.613
6     12     0.2          170.667             0.105              3522.04                     240.201
6     12     0.2          170.667             0.107              3014.21                     222.21
6     12     0.2          170.667             0.109              2834.01                     215.466
6     12     0.2          170.667             0.111              2670.19                     209.146
6     12     0.2          170.667             0.113              2424.47                     199.29
6     12     0.2          170.667             0.115              2211.51                     190.337
6     12     0.2          170.667             0.117              2260.66                     192.44
6     12     0.2          170.667             0.119              1998.55                     180.94
6     12     0.2          170.667             0.121              1949.41                     178.702
6     12     0.2          170.667             0.123              1883.88                     175.673
6     12     0.2          170.667             0.125              1867.5                     174.907
6     12     0.2          170.667             0.127              1539.87                     158.825
6     12     0.2          170.667             0.129              1376.05                     150.139
6     12     0.2          170.667             0.131              1326.91                     147.434
6     12     0.2          170.667             0.133              1130.33                     136.075
6     12     0.2          170.667             0.135              1113.95                     135.086
6     12     0.2          170.667             0.137              802.696                     114.671
6     12     0.2          170.667             0.139              802.696                     114.671
6     12     0.2          170.667             0.141              671.644                     104.893
6     12     0.2          170.667             0.143              524.21                     92.6681
6     12     0.2          170.667             0.145              409.539                     81.9078
6     12     0.2          170.667             0.147              245.723                     63.4455
6     12     0.2          170.667             0.149              163.816                     51.803
6     12     0.2          170.667             0.151              131.052                     46.334
6     12     0.2          170.667             0.153              49.1447                     28.3737
6     12     0.2          170.667             0.155              114.671                     43.3415
6     12     0.2          170.667             0.157              32.7631                     23.167
6     12     0.2          170.667             0.159              49.1447                     28.3737
6     12     0.2          170.667             0.161              81.9078                     36.6303
6     12     0.2          170.667             0.163              131.052                     46.334
6     12     0.2          170.667             0.165              32.7631                     23.167
6     12     0.2          170.667             0.167              98.2894                     40.1265
6     12     0.2          170.667             0.169              49.1447                     28.3737
6     12     0.2          170.667             0.171              98.2894                     40.1265
6     12     0.2          170.667             0.173              32.7631                     23.167
6     12     0.2          170.667             0.175              65.5262                     32.7631
6     12     0.2          170.667             0.177              0                     0
6     12     0.2          170.667             0.179              0                     0
6     12     0.2          170.667             0.181              0                     0
6     12     0.2          170.667             0.183              0                     0
6     12     0.2          170.667             0.185              0                     0
6     12     0.2          170.667             0.187              0                     0
6     12     0.2          170.667             0.189              0                     0
6     12     0.2          170.667             0.191              0                     0
6     12     0.2          170.667             0.193              0                     0
6     12     0.2          170.667             0.195              0                     0
6     12     0.2          170.667             0.197              0                     0
*******************************************************************************************************
 Average angle 170.569 +- 1.82325 deg 
 Average E' 0.112753 +- 0.00120524 GeV 
