*******************************************************************************************************
Z     A     E(GeV)     Theta(deg)     Energy Loss(GeV)     Sigma(#mub/sr/GeV)     ERROR     Citation     
*******************************************************************************************************
6     12     0.32          65             0.0016              44.0707                     10.6887
6     12     0.32          65             0.0048              72.587                     13.7177
6     12     0.32          65             0.008              88.1414                     15.1161
6     12     0.32          65             0.0112              57.0327                     12.1594
6     12     0.32          65             0.0144              85.549                     14.8922
6     12     0.32          65             0.0176              95.9186                     15.7689
6     12     0.32          65             0.0208              127.027                     18.1468
6     12     0.32          65             0.024              184.06                     21.8439
6     12     0.32          65             0.0272              181.468                     21.6895
6     12     0.32          65             0.0304              238.5                     24.8654
6     12     0.32          65             0.0336              606.62                     39.656
6     12     0.32          65             0.0368              2084.28                     73.507
6     12     0.32          65             0.04              4702.6                     110.413
6     12     0.32          65             0.0432              7562.01                     140.013
6     12     0.32          65             0.0464              10755.8                     166.983
6     12     0.32          65             0.0496              14133.7                     191.416
6     12     0.32          65             0.0528              17887.5                     215.34
6     12     0.32          65             0.056              21387.2                     235.466
6     12     0.32          65             0.0592              24143                     250.176
6     12     0.32          65             0.0624              25084                     255.005
6     12     0.32          65             0.0656              25830.6                     258.772
6     12     0.32          65             0.0688              26144.3                     260.339
6     12     0.32          65             0.072              26305                     261.138
6     12     0.32          65             0.0752              25750.2                     258.369
6     12     0.32          65             0.0784              24884.4                     253.988
6     12     0.32          65             0.0816              23816.3                     248.478
6     12     0.32          65             0.0848              22893.4                     243.616
6     12     0.32          65             0.088              21794.3                     237.696
6     12     0.32          65             0.0912              20254.4                     229.145
6     12     0.32          65             0.0944              19269.3                     223.503
6     12     0.32          65             0.0976              18476                     218.854
6     12     0.32          65             0.1008              16956.8                     209.664
6     12     0.32          65             0.104              15925.1                     203.185
6     12     0.32          65             0.1072              14605.5                     194.585
6     12     0.32          65             0.1104              13441.6                     186.67
6     12     0.32          65             0.1136              12658.7                     181.152
6     12     0.32          65             0.1168              11183.6                     170.271
6     12     0.32          65             0.12              10431.8                     164.449
6     12     0.32          65             0.1232              9397.43                     156.083
6     12     0.32          65             0.1264              8085.68                     144.78
6     12     0.32          65             0.1296              7328.7                     137.836
6     12     0.32          65             0.1328              6535.42                     130.163
6     12     0.32          65             0.136              5682.53                     121.373
6     12     0.32          65             0.1392              4819.26                     111.774
6     12     0.32          65             0.1424              4210.05                     104.471
6     12     0.32          65             0.1456              3450.48                     94.578
6     12     0.32          65             0.1488              2885.33                     86.4865
6     12     0.32          65             0.152              2327.97                     77.6854
6     12     0.32          65             0.1552              1721.35                     66.8013
6     12     0.32          65             0.1584              1373.97                     59.6814
6     12     0.32          65             0.1616              1029.18                     51.6531
6     12     0.32          65             0.1648              679.207                     41.9616
6     12     0.32          65             0.168              492.555                     35.7337
6     12     0.32          65             0.1712              370.712                     31.0005
6     12     0.32          65             0.1744              238.5                     24.8654
6     12     0.32          65             0.1776              321.457                     28.8677
6     12     0.32          65             0.1808              360.343                     30.5639
6     12     0.32          65             0.184              349.973                     30.1209
6     12     0.32          65             0.1872              347.381                     30.0091
6     12     0.32          65             0.1904              313.68                     28.5163
6     12     0.32          65             0.1936              360.343                     30.5639
6     12     0.32          65             0.1968              502.924                     36.1079
6     12     0.32          65             0.2              352.566                     30.2322
6     12     0.32          65             0.2032              401.821                     32.275
6     12     0.32          65             0.2064              451.077                     34.196
6     12     0.32          65             0.2096              477                     35.1649
6     12     0.32          65             0.2128              440.707                     33.8007
6     12     0.32          65             0.216              539.218                     37.388
6     12     0.32          65             0.2192              668.838                     41.64
6     12     0.32          65             0.2224              585.881                     38.9722
6     12     0.32          65             0.2256              614.397                     39.9094
6     12     0.32          65             0.2288              733.647                     43.6108
6     12     0.32          65             0.232              689.577                     42.2807
6     12     0.32          65             0.2352              798.457                     45.4963
6     12     0.32          65             0.2384              832.158                     46.4466
6     12     0.32          65             0.2416              878.821                     47.731
6     12     0.32          65             0.2448              915.115                     48.7067
6     12     0.32          65             0.248              1106.95                     53.5692
6     12     0.32          65             0.2512              1148.43                     54.5636
6     12     0.32          65             0.2544              1184.72                     55.419
6     12     0.32          65             0.2576              1534.7                     63.0757
6     12     0.32          65             0.2608              1539.88                     63.1821
6     12     0.32          65             0.264              1438.78                     61.0727
6     12     0.32          65             0.2672              355.158                     30.3432
6     12     0.32          65             0.2704              0                     0
6     12     0.32          65             0.2736              0                     0
6     12     0.32          65             0.2768              0                     0
6     12     0.32          65             0.28              0                     0
6     12     0.32          65             0.2832              0                     0
6     12     0.32          65             0.2864              0                     0
6     12     0.32          65             0.2896              0                     0
6     12     0.32          65             0.2928              0                     0
6     12     0.32          65             0.296              0                     0
6     12     0.32          65             0.2992              0                     0
6     12     0.32          65             0.3024              0                     0
6     12     0.32          65             0.3056              0                     0
6     12     0.32          65             0.3088              0                     0
6     12     0.32          65             0.312              0                     0
6     12     0.32          65             0.3152              0                     0
*******************************************************************************************************
 Average angle 64.9619 +- 0.139624 deg 
 Average E' 0.229225 +- 0.000492676 GeV 
