*******************************************************************************************************
Z     A     E(GeV)     Theta(deg)     Energy Loss(GeV)     Sigma(nb/sr/GeV)     ERROR     Citation     
*******************************************************************************************************
6     12     0.08          169.667             0.0004              4.49152                     4.49152
6     12     0.08          169.667             0.0012              0                     0
6     12     0.08          169.667             0.002              0                     0
6     12     0.08          169.667             0.0028              0                     0
6     12     0.08          169.667             0.0036              0                     0
6     12     0.08          169.667             0.0044              0                     0
6     12     0.08          169.667             0.0052              4.49152                     4.49152
6     12     0.08          169.667             0.006              0                     0
6     12     0.08          169.667             0.0068              4.49152                     4.49152
6     12     0.08          169.667             0.0076              0                     0
6     12     0.08          169.667             0.0084              0                     0
6     12     0.08          169.667             0.0092              0                     0
6     12     0.08          169.667             0.01              0                     0
6     12     0.08          169.667             0.0108              0                     0
6     12     0.08          169.667             0.0116              0                     0
6     12     0.08          169.667             0.0124              4.49152                     4.49152
6     12     0.08          169.667             0.0132              0                     0
6     12     0.08          169.667             0.014              0                     0
6     12     0.08          169.667             0.0148              0                     0
6     12     0.08          169.667             0.0156              0                     0
6     12     0.08          169.667             0.0164              0                     0
6     12     0.08          169.667             0.0172              0                     0
6     12     0.08          169.667             0.018              8.98305                     6.35197
6     12     0.08          169.667             0.0188              0                     0
6     12     0.08          169.667             0.0196              4.49152                     4.49152
6     12     0.08          169.667             0.0204              4.49152                     4.49152
6     12     0.08          169.667             0.0212              0                     0
6     12     0.08          169.667             0.022              0                     0
6     12     0.08          169.667             0.0228              13.4746                     7.77955
6     12     0.08          169.667             0.0236              0                     0
6     12     0.08          169.667             0.0244              4.49152                     4.49152
6     12     0.08          169.667             0.0252              0                     0
6     12     0.08          169.667             0.026              8.98305                     6.35197
6     12     0.08          169.667             0.0268              8.98305                     6.35197
6     12     0.08          169.667             0.0276              8.98305                     6.35197
6     12     0.08          169.667             0.0284              17.9661                     8.98305
6     12     0.08          169.667             0.0292              0                     0
6     12     0.08          169.667             0.03              8.98305                     6.35197
6     12     0.08          169.667             0.0308              17.9661                     8.98305
6     12     0.08          169.667             0.0316              26.9491                     11.0019
6     12     0.08          169.667             0.0324              22.4576                     10.0433
6     12     0.08          169.667             0.0332              4.49152                     4.49152
6     12     0.08          169.667             0.034              13.4746                     7.77955
6     12     0.08          169.667             0.0348              22.4576                     10.0433
6     12     0.08          169.667             0.0356              8.98305                     6.35197
6     12     0.08          169.667             0.0364              17.9661                     8.98305
6     12     0.08          169.667             0.0372              26.9491                     11.0019
6     12     0.08          169.667             0.038              22.4576                     10.0433
6     12     0.08          169.667             0.0388              0                     0
6     12     0.08          169.667             0.0396              22.4576                     10.0433
6     12     0.08          169.667             0.0404              31.4407                     11.8835
6     12     0.08          169.667             0.0412              40.4237                     13.4746
6     12     0.08          169.667             0.042              22.4576                     10.0433
6     12     0.08          169.667             0.0428              4.49152                     4.49152
6     12     0.08          169.667             0.0436              17.9661                     8.98305
6     12     0.08          169.667             0.0444              26.9491                     11.0019
6     12     0.08          169.667             0.0452              40.4237                     13.4746
6     12     0.08          169.667             0.046              26.9491                     11.0019
6     12     0.08          169.667             0.0468              31.4407                     11.8835
6     12     0.08          169.667             0.0476              31.4407                     11.8835
6     12     0.08          169.667             0.0484              49.4067                     14.8967
6     12     0.08          169.667             0.0492              17.9661                     8.98305
6     12     0.08          169.667             0.05              44.9152                     14.2034
6     12     0.08          169.667             0.0508              49.4067                     14.8967
6     12     0.08          169.667             0.0516              40.4237                     13.4746
6     12     0.08          169.667             0.0524              53.8983                     15.5591
6     12     0.08          169.667             0.0532              35.9322                     12.7039
6     12     0.08          169.667             0.054              22.4576                     10.0433
6     12     0.08          169.667             0.0548              26.9491                     11.0019
6     12     0.08          169.667             0.0556              35.9322                     12.7039
6     12     0.08          169.667             0.0564              62.8813                     16.8057
6     12     0.08          169.667             0.0572              53.8983                     15.5591
6     12     0.08          169.667             0.058              35.9322                     12.7039
6     12     0.08          169.667             0.0588              67.3728                     17.3956
6     12     0.08          169.667             0.0596              71.8644                     17.9661
6     12     0.08          169.667             0.0604              71.8644                     17.9661
6     12     0.08          169.667             0.0612              85.3389                     19.5781
6     12     0.08          169.667             0.062              40.4237                     13.4746
6     12     0.08          169.667             0.0628              35.9322                     12.7039
6     12     0.08          169.667             0.0636              26.9491                     11.0019
6     12     0.08          169.667             0.0644              31.4407                     11.8835
6     12     0.08          169.667             0.0652              49.4067                     14.8967
6     12     0.08          169.667             0.066              22.4576                     10.0433
6     12     0.08          169.667             0.0668              44.9152                     14.2034
6     12     0.08          169.667             0.0676              49.4067                     14.8967
6     12     0.08          169.667             0.0684              31.4407                     11.8835
6     12     0.08          169.667             0.0692              107.797                     22.0039
6     12     0.08          169.667             0.07              53.8983                     15.5591
6     12     0.08          169.667             0.0708              49.4067                     14.8967
6     12     0.08          169.667             0.0716              40.4237                     13.4746
6     12     0.08          169.667             0.0724              62.8813                     16.8057
6     12     0.08          169.667             0.0732              58.3898                     16.1944
6     12     0.08          169.667             0.074              76.3559                     18.519
6     12     0.08          169.667             0.0748              76.3559                     18.519
6     12     0.08          169.667             0.0756              85.3389                     19.5781
6     12     0.08          169.667             0.0764              345.847                     39.413
6     12     0.08          169.667             0.0772              89.8305                     20.0867
6     12     0.08          169.667             0.078              0                     0
6     12     0.08          169.667             0.0788              0                     0
*******************************************************************************************************
 Average angle 169.63 +- 6.80155 deg 
 Average E' 0.0201977 +- 0.000809855 GeV 
