*******************************************************************************************************
Z     A     E(GeV)     Theta(deg)     Energy Loss(GeV)     Sigma(nb/sr/GeV)     ERROR     Citation     
*******************************************************************************************************
6     12     0.08          174.833             0.0004              0                     0
6     12     0.08          174.833             0.0012              0                     0
6     12     0.08          174.833             0.002              0                     0
6     12     0.08          174.833             0.0028              0                     0
6     12     0.08          174.833             0.0036              8.94655                     8.94655
6     12     0.08          174.833             0.0044              0                     0
6     12     0.08          174.833             0.0052              0                     0
6     12     0.08          174.833             0.006              0                     0
6     12     0.08          174.833             0.0068              0                     0
6     12     0.08          174.833             0.0076              0                     0
6     12     0.08          174.833             0.0084              0                     0
6     12     0.08          174.833             0.0092              0                     0
6     12     0.08          174.833             0.01              0                     0
6     12     0.08          174.833             0.0108              0                     0
6     12     0.08          174.833             0.0116              0                     0
6     12     0.08          174.833             0.0124              0                     0
6     12     0.08          174.833             0.0132              0                     0
6     12     0.08          174.833             0.014              0                     0
6     12     0.08          174.833             0.0148              0                     0
6     12     0.08          174.833             0.0156              0                     0
6     12     0.08          174.833             0.0164              0                     0
6     12     0.08          174.833             0.0172              0                     0
6     12     0.08          174.833             0.018              0                     0
6     12     0.08          174.833             0.0188              0                     0
6     12     0.08          174.833             0.0196              0                     0
6     12     0.08          174.833             0.0204              0                     0
6     12     0.08          174.833             0.0212              0                     0
6     12     0.08          174.833             0.022              8.94655                     8.94655
6     12     0.08          174.833             0.0228              17.8931                     12.6523
6     12     0.08          174.833             0.0236              8.94655                     8.94655
6     12     0.08          174.833             0.0244              26.8396                     15.4959
6     12     0.08          174.833             0.0252              8.94655                     8.94655
6     12     0.08          174.833             0.026              17.8931                     12.6523
6     12     0.08          174.833             0.0268              0                     0
6     12     0.08          174.833             0.0276              0                     0
6     12     0.08          174.833             0.0284              8.94655                     8.94655
6     12     0.08          174.833             0.0292              0                     0
6     12     0.08          174.833             0.03              17.8931                     12.6523
6     12     0.08          174.833             0.0308              26.8396                     15.4959
6     12     0.08          174.833             0.0316              26.8396                     15.4959
6     12     0.08          174.833             0.0324              8.94655                     8.94655
6     12     0.08          174.833             0.0332              44.7327                     20.0051
6     12     0.08          174.833             0.034              26.8396                     15.4959
6     12     0.08          174.833             0.0348              8.94655                     8.94655
6     12     0.08          174.833             0.0356              8.94655                     8.94655
6     12     0.08          174.833             0.0364              17.8931                     12.6523
6     12     0.08          174.833             0.0372              26.8396                     15.4959
6     12     0.08          174.833             0.038              26.8396                     15.4959
6     12     0.08          174.833             0.0388              0                     0
6     12     0.08          174.833             0.0396              8.94655                     8.94655
6     12     0.08          174.833             0.0404              0                     0
6     12     0.08          174.833             0.0412              8.94655                     8.94655
6     12     0.08          174.833             0.042              26.8396                     15.4959
6     12     0.08          174.833             0.0428              35.7862                     17.8931
6     12     0.08          174.833             0.0436              26.8396                     15.4959
6     12     0.08          174.833             0.0444              35.7862                     17.8931
6     12     0.08          174.833             0.0452              35.7862                     17.8931
6     12     0.08          174.833             0.046              26.8396                     15.4959
6     12     0.08          174.833             0.0468              44.7327                     20.0051
6     12     0.08          174.833             0.0476              17.8931                     12.6523
6     12     0.08          174.833             0.0484              35.7862                     17.8931
6     12     0.08          174.833             0.0492              17.8931                     12.6523
6     12     0.08          174.833             0.05              44.7327                     20.0051
6     12     0.08          174.833             0.0508              35.7862                     17.8931
6     12     0.08          174.833             0.0516              26.8396                     15.4959
6     12     0.08          174.833             0.0524              44.7327                     20.0051
6     12     0.08          174.833             0.0532              44.7327                     20.0051
6     12     0.08          174.833             0.054              8.94655                     8.94655
6     12     0.08          174.833             0.0548              53.6793                     21.9145
6     12     0.08          174.833             0.0556              53.6793                     21.9145
6     12     0.08          174.833             0.0564              44.7327                     20.0051
6     12     0.08          174.833             0.0572              35.7862                     17.8931
6     12     0.08          174.833             0.058              26.8396                     15.4959
6     12     0.08          174.833             0.0588              62.6258                     23.6703
6     12     0.08          174.833             0.0596              26.8396                     15.4959
6     12     0.08          174.833             0.0604              71.5724                     25.3047
6     12     0.08          174.833             0.0612              35.7862                     17.8931
6     12     0.08          174.833             0.062              44.7327                     20.0051
6     12     0.08          174.833             0.0628              71.5724                     25.3047
6     12     0.08          174.833             0.0636              44.7327                     20.0051
6     12     0.08          174.833             0.0644              53.6793                     21.9145
6     12     0.08          174.833             0.0652              62.6258                     23.6703
6     12     0.08          174.833             0.066              44.7327                     20.0051
6     12     0.08          174.833             0.0668              62.6258                     23.6703
6     12     0.08          174.833             0.0676              44.7327                     20.0051
6     12     0.08          174.833             0.0684              62.6258                     23.6703
6     12     0.08          174.833             0.0692              44.7327                     20.0051
6     12     0.08          174.833             0.07              89.4655                     28.2915
6     12     0.08          174.833             0.0708              53.6793                     21.9145
6     12     0.08          174.833             0.0716              35.7862                     17.8931
6     12     0.08          174.833             0.0724              53.6793                     21.9145
6     12     0.08          174.833             0.0732              134.198                     34.6498
6     12     0.08          174.833             0.074              89.4655                     28.2915
6     12     0.08          174.833             0.0748              53.6793                     21.9145
6     12     0.08          174.833             0.0756              107.359                     30.9917
6     12     0.08          174.833             0.0764              214.717                     43.8289
6     12     0.08          174.833             0.0772              107.359                     30.9917
6     12     0.08          174.833             0.078              0                     0
6     12     0.08          174.833             0.0788              0                     0
*******************************************************************************************************
 Average angle 174.62 +- 9.91774 deg 
 Average E' 0.0206918 +- 0.00117521 GeV 
