*******************************************************************************************************
Z     A     E(GeV)     Theta(deg)     Energy Loss(GeV)     Sigma(#mub/sr/GeV)     ERROR     Citation     
*******************************************************************************************************
6     12     0.4          123.167             0.002              0                     0
6     12     0.4          123.167             0.006              0                     0
6     12     0.4          123.167             0.01              0                     0
6     12     0.4          123.167             0.014              0                     0
6     12     0.4          123.167             0.018              0                     0
6     12     0.4          123.167             0.022              0                     0
6     12     0.4          123.167             0.026              0                     0
6     12     0.4          123.167             0.03              0                     0
6     12     0.4          123.167             0.034              0                     0
6     12     0.4          123.167             0.038              0                     0
6     12     0.4          123.167             0.042              0                     0
6     12     0.4          123.167             0.046              0                     0
6     12     0.4          123.167             0.05              0                     0
6     12     0.4          123.167             0.054              0                     0
6     12     0.4          123.167             0.058              0                     0
6     12     0.4          123.167             0.062              0                     0
6     12     0.4          123.167             0.066              0                     0
6     12     0.4          123.167             0.07              0                     0
6     12     0.4          123.167             0.074              0                     0
6     12     0.4          123.167             0.078              0                     0
6     12     0.4          123.167             0.082              0                     0
6     12     0.4          123.167             0.086              0                     0
6     12     0.4          123.167             0.09              5.0172                     3.5477
6     12     0.4          123.167             0.094              12.543                     5.6094
6     12     0.4          123.167             0.098              25.086                     7.9329
6     12     0.4          123.167             0.102              52.6806                     11.4959
6     12     0.4          123.167             0.106              95.3269                     15.4641
6     12     0.4          123.167             0.11              140.482                     18.7727
6     12     0.4          123.167             0.114              145.499                     19.1049
6     12     0.4          123.167             0.118              178.111                     21.1379
6     12     0.4          123.167             0.122              220.757                     23.5328
6     12     0.4          123.167             0.126              356.221                     29.8934
6     12     0.4          123.167             0.13              393.851                     31.4327
6     12     0.4          123.167             0.134              406.394                     31.9293
6     12     0.4          123.167             0.138              451.548                     33.6564
6     12     0.4          123.167             0.142              544.367                     36.954
6     12     0.4          123.167             0.146              627.15                     39.6645
6     12     0.4          123.167             0.15              780.175                     44.2397
6     12     0.4          123.167             0.154              782.684                     44.3107
6     12     0.4          123.167             0.158              968.32                     49.2862
6     12     0.4          123.167             0.162              872.993                     46.7974
6     12     0.4          123.167             0.166              1068.66                     51.777
6     12     0.4          123.167             0.17              1008.46                     50.2973
6     12     0.4          123.167             0.174              1276.88                     56.5966
6     12     0.4          123.167             0.178              1158.97                     53.9204
6     12     0.4          123.167             0.182              1246.78                     55.9255
6     12     0.4          123.167             0.186              1279.39                     56.6522
6     12     0.4          123.167             0.19              1156.47                     53.862
6     12     0.4          123.167             0.194              1146.43                     53.6278
6     12     0.4          123.167             0.198              1151.45                     53.745
6     12     0.4          123.167             0.202              1101.28                     52.561
6     12     0.4          123.167             0.206              1098.77                     52.5011
6     12     0.4          123.167             0.21              1051.1                     51.3498
6     12     0.4          123.167             0.214              968.32                     49.2862
6     12     0.4          123.167             0.218              943.234                     48.6436
6     12     0.4          123.167             0.222              883.028                     47.0655
6     12     0.4          123.167             0.226              765.124                     43.8108
6     12     0.4          123.167             0.23              724.986                     42.6462
6     12     0.4          123.167             0.234              677.323                     41.2205
6     12     0.4          123.167             0.238              617.116                     39.3459
6     12     0.4          123.167             0.242              539.349                     36.7833
6     12     0.4          123.167             0.246              594.539                     38.6194
6     12     0.4          123.167             0.25              519.281                     36.0925
6     12     0.4          123.167             0.254              421.445                     32.5152
6     12     0.4          123.167             0.258              363.747                     30.2076
6     12     0.4          123.167             0.262              306.049                     27.7084
6     12     0.4          123.167             0.266              321.101                     28.3816
6     12     0.4          123.167             0.27              386.325                     31.1309
6     12     0.4          123.167             0.274              316.084                     28.159
6     12     0.4          123.167             0.278              250.86                     25.086
6     12     0.4          123.167             0.282              285.981                     26.7845
6     12     0.4          123.167             0.286              268.42                     25.9492
6     12     0.4          123.167             0.29              290.998                     27.0185
6     12     0.4          123.167             0.294              298.524                     27.3656
6     12     0.4          123.167             0.298              363.747                     30.2076
6     12     0.4          123.167             0.302              386.325                     31.1309
6     12     0.4          123.167             0.306              351.204                     29.6822
6     12     0.4          123.167             0.31              371.273                     30.5185
6     12     0.4          123.167             0.314              403.885                     31.8306
6     12     0.4          123.167             0.318              418.937                     32.4183
6     12     0.4          123.167             0.322              499.212                     35.3882
6     12     0.4          123.167             0.326              554.401                     37.293
6     12     0.4          123.167             0.33              704.917                     42.0518
6     12     0.4          123.167             0.334              697.391                     41.8268
6     12     0.4          123.167             0.338              850.416                     46.1883
6     12     0.4          123.167             0.342              910.623                     47.7953
6     12     0.4          123.167             0.346              1000.93                     50.1093
6     12     0.4          123.167             0.35              1239.25                     55.7565
6     12     0.4          123.167             0.354              1261.83                     56.2621
6     12     0.4          123.167             0.358              1472.55                     60.7786
6     12     0.4          123.167             0.362              1555.33                     62.4637
6     12     0.4          123.167             0.366              1668.22                     64.6908
6     12     0.4          123.167             0.37              1853.86                     68.1952
6     12     0.4          123.167             0.374              2072.11                     72.0978
6     12     0.4          123.167             0.378              2179.98                     73.9506
6     12     0.4          123.167             0.382              2277.81                     75.5918
6     12     0.4          123.167             0.386              2.5086                     2.5086
6     12     0.4          123.167             0.39              0                     0
6     12     0.4          123.167             0.394              0                     0
*******************************************************************************************************
 Average angle 123.154 +- 0.834447 deg 
 Average E' 0.136282 +- 0.000923397 GeV 
