*******************************************************************************************************
Z     A     E(GeV)     Theta(deg)     Energy Loss(GeV)     Sigma(nb/sr/GeV)     ERROR     Citation     
*******************************************************************************************************
6     12     0.08          35.3333             0.0004              0                     0
6     12     0.08          35.3333             0.0012              0                     0
6     12     0.08          35.3333             0.002              0                     0
6     12     0.08          35.3333             0.0028              0                     0
6     12     0.08          35.3333             0.0036              0                     0
6     12     0.08          35.3333             0.0044              0                     0
6     12     0.08          35.3333             0.0052              0                     0
6     12     0.08          35.3333             0.006              0                     0
6     12     0.08          35.3333             0.0068              0                     0
6     12     0.08          35.3333             0.0076              0                     0
6     12     0.08          35.3333             0.0084              0                     0
6     12     0.08          35.3333             0.0092              0                     0
6     12     0.08          35.3333             0.01              0                     0
6     12     0.08          35.3333             0.0108              0                     0
6     12     0.08          35.3333             0.0116              0                     0
6     12     0.08          35.3333             0.0124              0                     0
6     12     0.08          35.3333             0.0132              0                     0
6     12     0.08          35.3333             0.014              0                     0
6     12     0.08          35.3333             0.0148              0                     0
6     12     0.08          35.3333             0.0156              0                     0
6     12     0.08          35.3333             0.0164              280.01                     19.7504
6     12     0.08          35.3333             0.0172              1536.57                     46.2663
6     12     0.08          35.3333             0.018              1901.56                     51.4687
6     12     0.08          35.3333             0.0188              2043.65                     53.3571
6     12     0.08          35.3333             0.0196              2123.06                     54.3838
6     12     0.08          35.3333             0.0204              2176                     55.0576
6     12     0.08          35.3333             0.0212              2208.04                     55.4615
6     12     0.08          35.3333             0.022              2169.03                     54.9694
6     12     0.08          35.3333             0.0228              2319.48                     56.8439
6     12     0.08          35.3333             0.0236              2334.81                     57.0314
6     12     0.08          35.3333             0.0244              2290.23                     56.4843
6     12     0.08          35.3333             0.0252              2312.52                     56.7585
6     12     0.08          35.3333             0.026              2439.29                     58.2935
6     12     0.08          35.3333             0.0268              2344.56                     57.1504
6     12     0.08          35.3333             0.0276              2433.72                     58.2269
6     12     0.08          35.3333             0.0284              2511.73                     59.1527
6     12     0.08          35.3333             0.0292              2536.8                     59.4473
6     12     0.08          35.3333             0.03              2497.8                     58.9885
6     12     0.08          35.3333             0.0308              2472.72                     58.6916
6     12     0.08          35.3333             0.0316              2474.12                     58.7082
6     12     0.08          35.3333             0.0324              2683.08                     61.1371
6     12     0.08          35.3333             0.0332              2733.23                     61.7059
6     12     0.08          35.3333             0.034              2747.16                     61.8629
6     12     0.08          35.3333             0.0348              2860                     63.1207
6     12     0.08          35.3333             0.0356              2685.86                     61.1689
6     12     0.08          35.3333             0.0364              2896.22                     63.5191
6     12     0.08          35.3333             0.0372              2866.97                     63.1975
6     12     0.08          35.3333             0.038              3027.17                     64.9392
6     12     0.08          35.3333             0.0388              3035.53                     65.0288
6     12     0.08          35.3333             0.0396              3165.08                     66.402
6     12     0.08          35.3333             0.0404              3243.1                     67.2154
6     12     0.08          35.3333             0.0412              3314.14                     67.9476
6     12     0.08          35.3333             0.042              3361.51                     68.4314
6     12     0.08          35.3333             0.0428              3329.47                     68.1045
6     12     0.08          35.3333             0.0436              3224.99                     67.0274
6     12     0.08          35.3333             0.0444              2645.46                     60.7071
6     12     0.08          35.3333             0.0452              2245.65                     55.9319
6     12     0.08          35.3333             0.046              1809.61                     50.209
6     12     0.08          35.3333             0.0468              1345.72                     43.2978
6     12     0.08          35.3333             0.0476              792.664                     33.2302
6     12     0.08          35.3333             0.0484              195.032                     16.4832
6     12     0.08          35.3333             0.0492              0                     0
6     12     0.08          35.3333             0.05              0                     0
6     12     0.08          35.3333             0.0508              0                     0
6     12     0.08          35.3333             0.0516              0                     0
6     12     0.08          35.3333             0.0524              0                     0
6     12     0.08          35.3333             0.0532              0                     0
6     12     0.08          35.3333             0.054              0                     0
6     12     0.08          35.3333             0.0548              0                     0
6     12     0.08          35.3333             0.0556              0                     0
6     12     0.08          35.3333             0.0564              0                     0
6     12     0.08          35.3333             0.0572              0                     0
6     12     0.08          35.3333             0.058              0                     0
6     12     0.08          35.3333             0.0588              0                     0
6     12     0.08          35.3333             0.0596              0                     0
6     12     0.08          35.3333             0.0604              0                     0
6     12     0.08          35.3333             0.0612              0                     0
6     12     0.08          35.3333             0.062              0                     0
6     12     0.08          35.3333             0.0628              0                     0
6     12     0.08          35.3333             0.0636              0                     0
6     12     0.08          35.3333             0.0644              0                     0
6     12     0.08          35.3333             0.0652              0                     0
6     12     0.08          35.3333             0.066              0                     0
6     12     0.08          35.3333             0.0668              0                     0
6     12     0.08          35.3333             0.0676              0                     0
6     12     0.08          35.3333             0.0684              0                     0
6     12     0.08          35.3333             0.0692              0                     0
6     12     0.08          35.3333             0.07              0                     0
6     12     0.08          35.3333             0.0708              0                     0
6     12     0.08          35.3333             0.0716              0                     0
6     12     0.08          35.3333             0.0724              0                     0
6     12     0.08          35.3333             0.0732              0                     0
6     12     0.08          35.3333             0.074              0                     0
6     12     0.08          35.3333             0.0748              0                     0
6     12     0.08          35.3333             0.0756              0                     0
6     12     0.08          35.3333             0.0764              0                     0
6     12     0.08          35.3333             0.0772              0                     0
6     12     0.08          35.3333             0.078              0                     0
6     12     0.08          35.3333             0.0788              0                     0
*******************************************************************************************************
 Average angle 35.3431 +- 0.133517 deg 
 Average E' 0.0470628 +- 0.000177792 GeV 
