*******************************************************************************************************
Z     A     E(GeV)     Theta(deg)     Energy Loss(GeV)     Sigma(#mub/sr/GeV)     ERROR     Citation     
*******************************************************************************************************
6     12     0.56          28.8             0.0028              0                     0
6     12     0.56          28.8             0.0084              0                     0
6     12     0.56          28.8             0.014              0                     0
6     12     0.56          28.8             0.0196              0                     0
6     12     0.56          28.8             0.0252              391.306                     37.3096
6     12     0.56          28.8             0.0308              18483.9                     256.424
6     12     0.56          28.8             0.0364              67002.2                     488.21
6     12     0.56          28.8             0.042              125634                     668.522
6     12     0.56          28.8             0.0476              180630                     801.599
6     12     0.56          28.8             0.0532              225225                     895.097
6     12     0.56          28.8             0.0588              241717                     927.289
6     12     0.56          28.8             0.0644              225748                     896.136
6     12     0.56          28.8             0.07              206905                     857.921
6     12     0.56          28.8             0.0756              185066                     811.382
6     12     0.56          28.8             0.0812              165202                     766.602
6     12     0.56          28.8             0.0868              144292                     716.446
6     12     0.56          28.8             0.0924              125147                     667.224
6     12     0.56          28.8             0.098              107463                     618.29
6     12     0.56          28.8             0.1036              90900.4                     568.65
6     12     0.56          28.8             0.1092              76941.4                     523.169
6     12     0.56          28.8             0.1148              62441.8                     471.302
6     12     0.56          28.8             0.1204              51403.4                     427.62
6     12     0.56          28.8             0.126              40802.5                     380.983
6     12     0.56          28.8             0.1316              31279.6                     333.574
6     12     0.56          28.8             0.1372              23663.3                     290.135
6     12     0.56          28.8             0.1428              17601.7                     250.23
6     12     0.56          28.8             0.1484              11536.4                     202.58
6     12     0.56          28.8             0.154              7879.48                     167.421
6     12     0.56          28.8             0.1596              4243.89                     122.869
6     12     0.56          28.8             0.1652              2237.56                     89.2173
6     12     0.56          28.8             0.1708              1156.13                     64.1306
6     12     0.56          28.8             0.1764              960.478                     58.4528
6     12     0.56          28.8             0.182              1134.79                     63.5359
6     12     0.56          28.8             0.1876              1341.11                     69.0708
6     12     0.56          28.8             0.1932              1696.84                     77.6932
6     12     0.56          28.8             0.1988              1892.5                     82.0502
6     12     0.56          28.8             0.2044              2166.41                     87.7874
6     12     0.56          28.8             0.21              2404.75                     92.4905
6     12     0.56          28.8             0.2156              2614.64                     96.4423
6     12     0.56          28.8             0.2212              2845.86                     100.616
6     12     0.56          28.8             0.2268              3301.2                     108.367
6     12     0.56          28.8             0.2324              3262.07                     107.723
6     12     0.56          28.8             0.238              3628.47                     113.612
6     12     0.56          28.8             0.2436              3817.01                     116.526
6     12     0.56          28.8             0.2492              4055.35                     120.109
6     12     0.56          28.8             0.2548              4325.71                     124.048
6     12     0.56          28.8             0.2604              4258.12                     123.075
6     12     0.56          28.8             0.266              4706.34                     129.391
6     12     0.56          28.8             0.2716              5339.55                     137.821
6     12     0.56          28.8             0.2772              5538.76                     140.368
6     12     0.56          28.8             0.2828              6275.12                     149.408
6     12     0.56          28.8             0.2884              6790.94                     155.427
6     12     0.56          28.8             0.294              7964.85                     168.326
6     12     0.56          28.8             0.2996              8185.41                     170.64
6     12     0.56          28.8             0.3052              9252.61                     181.424
6     12     0.56          28.8             0.3108              10021                     188.807
6     12     0.56          28.8             0.3164              10568.8                     193.899
6     12     0.56          28.8             0.322              11675.1                     203.795
6     12     0.56          28.8             0.3276              12742.3                     212.905
6     12     0.56          28.8             0.3332              13660.1                     220.439
6     12     0.56          28.8             0.3388              14254.2                     225.182
6     12     0.56          28.8             0.3444              14670.4                     228.446
6     12     0.56          28.8             0.35              15239.6                     232.835
6     12     0.56          28.8             0.3556              15808.8                     237.143
6     12     0.56          28.8             0.3612              15666.5                     236.074
6     12     0.56          28.8             0.3668              16182.3                     239.928
6     12     0.56          28.8             0.3724              15933.3                     238.075
6     12     0.56          28.8             0.378              15776.7                     236.903
6     12     0.56          28.8             0.3836              16068.4                     239.083
6     12     0.56          28.8             0.3892              15709.2                     236.395
6     12     0.56          28.8             0.3948              15897.7                     237.809
6     12     0.56          28.8             0.4004              14805.6                     229.496
6     12     0.56          28.8             0.406              11849.5                     205.31
6     12     0.56          28.8             0.4116              8978.69                     178.718
6     12     0.56          28.8             0.4172              6143.5                     147.833
6     12     0.56          28.8             0.4228              3194.48                     106.601
6     12     0.56          28.8             0.4284              618.975                     46.9244
6     12     0.56          28.8             0.434              0                     0
6     12     0.56          28.8             0.4396              0                     0
6     12     0.56          28.8             0.4452              0                     0
6     12     0.56          28.8             0.4508              0                     0
6     12     0.56          28.8             0.4564              0                     0
6     12     0.56          28.8             0.462              0                     0
6     12     0.56          28.8             0.4676              0                     0
6     12     0.56          28.8             0.4732              0                     0
6     12     0.56          28.8             0.4788              0                     0
6     12     0.56          28.8             0.4844              0                     0
6     12     0.56          28.8             0.49              0                     0
6     12     0.56          28.8             0.4956              0                     0
6     12     0.56          28.8             0.5012              0                     0
6     12     0.56          28.8             0.5068              0                     0
6     12     0.56          28.8             0.5124              0                     0
6     12     0.56          28.8             0.518              0                     0
6     12     0.56          28.8             0.5236              0                     0
6     12     0.56          28.8             0.5292              0                     0
6     12     0.56          28.8             0.5348              0                     0
6     12     0.56          28.8             0.5404              0                     0
6     12     0.56          28.8             0.546              0                     0
6     12     0.56          28.8             0.5516              0                     0
*******************************************************************************************************
 Average angle 28.7332 +- 0.0323048 deg 
 Average E' 0.44966 +- 0.000505554 GeV 
