*******************************************************************************************************
Z     A     E(GeV)     Theta(deg)     Energy Loss(GeV)     Sigma(#mub/sr/GeV)     ERROR     Citation     
*******************************************************************************************************
6     12     3.595          100.667             0.017975              0                     0
6     12     3.595          100.667             0.053925              0                     0
6     12     3.595          100.667             0.089875              0                     0
6     12     3.595          100.667             0.125825              0                     0
6     12     3.595          100.667             0.161775              0                     0
6     12     3.595          100.667             0.197725              0                     0
6     12     3.595          100.667             0.233675              0                     0
6     12     3.595          100.667             0.269625              0                     0
6     12     3.595          100.667             0.305575              0                     0
6     12     3.595          100.667             0.341525              0                     0
6     12     3.595          100.667             0.377475              0                     0
6     12     3.595          100.667             0.413425              0                     0
6     12     3.595          100.667             0.449375              0                     0
6     12     3.595          100.667             0.485325              0                     0
6     12     3.595          100.667             0.521275              0                     0
6     12     3.595          100.667             0.557225              0                     0
6     12     3.595          100.667             0.593175              0                     0
6     12     3.595          100.667             0.629125              0                     0
6     12     3.595          100.667             0.665075              0                     0
6     12     3.595          100.667             0.701025              0                     0
6     12     3.595          100.667             0.736975              0                     0
6     12     3.595          100.667             0.772925              0                     0
6     12     3.595          100.667             0.808875              0                     0
6     12     3.595          100.667             0.844825              0                     0
6     12     3.595          100.667             0.880775              0                     0
6     12     3.595          100.667             0.916725              0                     0
6     12     3.595          100.667             0.952675              0                     0
6     12     3.595          100.667             0.988625              0                     0
6     12     3.595          100.667             1.02458              0                     0
6     12     3.595          100.667             1.06053              0                     0
6     12     3.595          100.667             1.09648              0                     0
6     12     3.595          100.667             1.13243              0                     0
6     12     3.595          100.667             1.16838              0                     0
6     12     3.595          100.667             1.20433              0                     0
6     12     3.595          100.667             1.24028              0                     0
6     12     3.595          100.667             1.27623              0                     0
6     12     3.595          100.667             1.31218              0                     0
6     12     3.595          100.667             1.34813              0                     0
6     12     3.595          100.667             1.38408              0                     0
6     12     3.595          100.667             1.42003              0                     0
6     12     3.595          100.667             1.45598              0                     0
6     12     3.595          100.667             1.49193              0                     0
6     12     3.595          100.667             1.52788              0                     0
6     12     3.595          100.667             1.56383              0                     0
6     12     3.595          100.667             1.59978              0                     0
6     12     3.595          100.667             1.63573              0                     0
6     12     3.595          100.667             1.67168              0                     0
6     12     3.595          100.667             1.70763              0                     0
6     12     3.595          100.667             1.74358              0                     0
6     12     3.595          100.667             1.77953              0                     0
6     12     3.595          100.667             1.81548              0                     0
6     12     3.595          100.667             1.85143              0                     0
6     12     3.595          100.667             1.88738              0                     0
6     12     3.595          100.667             1.92333              0                     0
6     12     3.595          100.667             1.95928              0                     0
6     12     3.595          100.667             1.99523              0                     0
6     12     3.595          100.667             2.03118              0                     0
6     12     3.595          100.667             2.06712              0                     0
6     12     3.595          100.667             2.10308              0                     0
6     12     3.595          100.667             2.13903              0                     0
6     12     3.595          100.667             2.17497              0                     0
6     12     3.595          100.667             2.21093              0                     0
6     12     3.595          100.667             2.24688              0                     0
6     12     3.595          100.667             2.28282              0                     0
6     12     3.595          100.667             2.31878              0                     0
6     12     3.595          100.667             2.35473              0                     0
6     12     3.595          100.667             2.39067              0                     0
6     12     3.595          100.667             2.42663              0                     0
6     12     3.595          100.667             2.46258              0                     0
6     12     3.595          100.667             2.49852              0                     0
6     12     3.595          100.667             2.53448              0                     0
6     12     3.595          100.667             2.57043              0                     0
6     12     3.595          100.667             2.60637              0                     0
6     12     3.595          100.667             2.64233              0                     0
6     12     3.595          100.667             2.67828              0                     0
6     12     3.595          100.667             2.71422              0                     0
6     12     3.595          100.667             2.75018              0                     0
6     12     3.595          100.667             2.78613              0                     0
6     12     3.595          100.667             2.82207              0                     0
6     12     3.595          100.667             2.85803              0                     0
6     12     3.595          100.667             2.89398              0                     0
6     12     3.595          100.667             2.92992              0                     0
6     12     3.595          100.667             2.96588              0.860321                     0.608339
6     12     3.595          100.667             3.00183              0.430161                     0.430161
6     12     3.595          100.667             3.03777              0.430161                     0.430161
6     12     3.595          100.667             3.07373              0.860321                     0.608339
6     12     3.595          100.667             3.10968              2.58096                     1.05367
6     12     3.595          100.667             3.14562              2.58096                     1.05367
6     12     3.595          100.667             3.18158              1.72064                     0.860321
6     12     3.595          100.667             3.21753              3.01112                     1.1381
6     12     3.595          100.667             3.25347              5.59209                     1.55097
6     12     3.595          100.667             3.28943              8.17305                     1.87503
6     12     3.595          100.667             3.32538              6.02225                     1.60951
6     12     3.595          100.667             3.36132              8.17305                     1.87503
6     12     3.595          100.667             3.39728              8.60321                     1.92374
6     12     3.595          100.667             3.43323              15.9159                     2.61657
6     12     3.595          100.667             3.46917              14.1953                     2.47108
6     12     3.595          100.667             3.50513              26.67                     3.38709
6     12     3.595          100.667             3.54108              24.089                     3.21903
*******************************************************************************************************
 Average angle 100.637 +- 5.37926 deg 
 Average E' 0.15877 +- 0.00848659 GeV 
