*******************************************************************************************************
Z     A     E(GeV)     Theta(deg)     Energy Loss(GeV)     Sigma(#mub/sr/GeV)     ERROR     Citation     
*******************************************************************************************************
6     12     0.62          147             0.0031              0                     0
6     12     0.62          147             0.0093              0                     0
6     12     0.62          147             0.0155              0                     0
6     12     0.62          147             0.0217              0                     0
6     12     0.62          147             0.0279              0                     0
6     12     0.62          147             0.0341              0                     0
6     12     0.62          147             0.0403              0                     0
6     12     0.62          147             0.0465              0                     0
6     12     0.62          147             0.0527              0                     0
6     12     0.62          147             0.0589              0                     0
6     12     0.62          147             0.0651              0                     0
6     12     0.62          147             0.0713              0                     0
6     12     0.62          147             0.0775              0                     0
6     12     0.62          147             0.0837              0                     0
6     12     0.62          147             0.0899              0                     0
6     12     0.62          147             0.0961              0                     0
6     12     0.62          147             0.1023              0                     0
6     12     0.62          147             0.1085              0                     0
6     12     0.62          147             0.1147              0                     0
6     12     0.62          147             0.1209              0                     0
6     12     0.62          147             0.1271              0                     0
6     12     0.62          147             0.1333              0                     0
6     12     0.62          147             0.1395              0                     0
6     12     0.62          147             0.1457              0                     0
6     12     0.62          147             0.1519              0                     0
6     12     0.62          147             0.1581              0                     0
6     12     0.62          147             0.1643              0                     0
6     12     0.62          147             0.1705              0                     0
6     12     0.62          147             0.1767              0                     0
6     12     0.62          147             0.1829              0                     0
6     12     0.62          147             0.1891              0                     0
6     12     0.62          147             0.1953              0                     0
6     12     0.62          147             0.2015              0                     0
6     12     0.62          147             0.2077              0                     0
6     12     0.62          147             0.2139              0                     0
6     12     0.62          147             0.2201              0                     0
6     12     0.62          147             0.2263              0                     0
6     12     0.62          147             0.2325              0                     0
6     12     0.62          147             0.2387              0                     0
6     12     0.62          147             0.2449              0                     0
6     12     0.62          147             0.2511              0                     0
6     12     0.62          147             0.2573              2.93235                     2.93235
6     12     0.62          147             0.2635              2.93235                     2.93235
6     12     0.62          147             0.2697              8.79706                     5.07898
6     12     0.62          147             0.2759              11.7294                     5.86471
6     12     0.62          147             0.2821              20.5265                     7.75828
6     12     0.62          147             0.2883              17.5941                     7.18277
6     12     0.62          147             0.2945              29.3235                     9.27291
6     12     0.62          147             0.3007              32.2559                     9.72551
6     12     0.62          147             0.3069              32.2559                     9.72551
6     12     0.62          147             0.3131              46.9176                     11.7294
6     12     0.62          147             0.3193              64.5118                     13.754
6     12     0.62          147             0.3255              82.1059                     15.5166
6     12     0.62          147             0.3317              93.8353                     16.5879
6     12     0.62          147             0.3379              90.9029                     16.3266
6     12     0.62          147             0.3441              67.4441                     14.0631
6     12     0.62          147             0.3503              111.429                     18.0762
6     12     0.62          147             0.3565              120.226                     18.7762
6     12     0.62          147             0.3627              108.497                     17.8368
6     12     0.62          147             0.3689              90.9029                     16.3266
6     12     0.62          147             0.3751              85.0382                     15.7912
6     12     0.62          147             0.3813              105.565                     17.5941
6     12     0.62          147             0.3875              67.4441                     14.0631
6     12     0.62          147             0.3937              114.362                     18.3125
6     12     0.62          147             0.3999              111.429                     18.0762
6     12     0.62          147             0.4061              117.294                     18.5458
6     12     0.62          147             0.4123              79.1735                     15.237
6     12     0.62          147             0.4185              108.497                     17.8368
6     12     0.62          147             0.4247              85.0382                     15.7912
6     12     0.62          147             0.4309              102.632                     17.348
6     12     0.62          147             0.4371              123.159                     19.0038
6     12     0.62          147             0.4433              117.294                     18.5458
6     12     0.62          147             0.4495              111.429                     18.0762
6     12     0.62          147             0.4557              170.076                     22.3321
6     12     0.62          147             0.4619              146.618                     20.7349
6     12     0.62          147             0.4681              178.874                     22.9024
6     12     0.62          147             0.4743              181.806                     23.0894
6     12     0.62          147             0.4805              196.468                     24.0023
6     12     0.62          147             0.4867              243.385                     26.715
6     12     0.62          147             0.4929              260.979                     27.6638
6     12     0.62          147             0.4991              272.709                     28.2786
6     12     0.62          147             0.5053              328.423                     31.0331
6     12     0.62          147             0.5115              281.506                     28.7311
6     12     0.62          147             0.5177              293.235                     29.3235
6     12     0.62          147             0.5239              328.423                     31.0331
6     12     0.62          147             0.5301              307.897                     30.0477
6     12     0.62          147             0.5363              293.235                     29.3235
6     12     0.62          147             0.5425              322.559                     30.7548
6     12     0.62          147             0.5487              252.182                     27.1935
6     12     0.62          147             0.5549              266.844                     27.9729
6     12     0.62          147             0.5611              348.95                     31.9882
6     12     0.62          147             0.5673              272.709                     28.2786
6     12     0.62          147             0.5735              234.588                     26.2278
6     12     0.62          147             0.5797              252.182                     27.1935
6     12     0.62          147             0.5859              199.4                     24.1808
6     12     0.62          147             0.5921              290.303                     29.1765
6     12     0.62          147             0.5983              193.535                     23.8225
6     12     0.62          147             0.6045              237.521                     26.3912
6     12     0.62          147             0.6107              126.091                     19.2287
*******************************************************************************************************
 Average angle 146.98 +- 2.67636 deg 
 Average E' 0.126741 +- 0.00230781 GeV 
