*******************************************************************************************************
Z     A     E(GeV)     Theta(deg)     Energy Loss(GeV)     Sigma(#mub/sr/GeV)     ERROR     Citation     
*******************************************************************************************************
6     12     0.56          163.8             0.0028              0                     0
6     12     0.56          163.8             0.0084              0                     0
6     12     0.56          163.8             0.014              0                     0
6     12     0.56          163.8             0.0196              0                     0
6     12     0.56          163.8             0.0252              0                     0
6     12     0.56          163.8             0.0308              0                     0
6     12     0.56          163.8             0.0364              0                     0
6     12     0.56          163.8             0.042              0                     0
6     12     0.56          163.8             0.0476              0                     0
6     12     0.56          163.8             0.0532              0                     0
6     12     0.56          163.8             0.0588              0                     0
6     12     0.56          163.8             0.0644              0                     0
6     12     0.56          163.8             0.07              0                     0
6     12     0.56          163.8             0.0756              0                     0
6     12     0.56          163.8             0.0812              0                     0
6     12     0.56          163.8             0.0868              0                     0
6     12     0.56          163.8             0.0924              0                     0
6     12     0.56          163.8             0.098              0                     0
6     12     0.56          163.8             0.1036              0                     0
6     12     0.56          163.8             0.1092              0                     0
6     12     0.56          163.8             0.1148              0                     0
6     12     0.56          163.8             0.1204              0                     0
6     12     0.56          163.8             0.126              0                     0
6     12     0.56          163.8             0.1316              0                     0
6     12     0.56          163.8             0.1372              0                     0
6     12     0.56          163.8             0.1428              0                     0
6     12     0.56          163.8             0.1484              0                     0
6     12     0.56          163.8             0.154              0                     0
6     12     0.56          163.8             0.1596              0                     0
6     12     0.56          163.8             0.1652              0                     0
6     12     0.56          163.8             0.1708              0                     0
6     12     0.56          163.8             0.1764              0                     0
6     12     0.56          163.8             0.182              0                     0
6     12     0.56          163.8             0.1876              0                     0
6     12     0.56          163.8             0.1932              0                     0
6     12     0.56          163.8             0.1988              0                     0
6     12     0.56          163.8             0.2044              0                     0
6     12     0.56          163.8             0.21              0                     0
6     12     0.56          163.8             0.2156              0                     0
6     12     0.56          163.8             0.2212              0                     0
6     12     0.56          163.8             0.2268              0                     0
6     12     0.56          163.8             0.2324              6.14269                     6.14269
6     12     0.56          163.8             0.238              12.2854                     8.68707
6     12     0.56          163.8             0.2436              6.14269                     6.14269
6     12     0.56          163.8             0.2492              24.5708                     12.2854
6     12     0.56          163.8             0.2548              30.7134                     13.7355
6     12     0.56          163.8             0.2604              61.4269                     19.4249
6     12     0.56          163.8             0.266              79.8549                     22.1478
6     12     0.56          163.8             0.2716              85.9976                     22.9838
6     12     0.56          163.8             0.2772              98.283                     24.5708
6     12     0.56          163.8             0.2828              110.568                     26.0612
6     12     0.56          163.8             0.2884              122.854                     27.4709
6     12     0.56          163.8             0.294              110.568                     26.0612
6     12     0.56          163.8             0.2996              178.138                     33.0794
6     12     0.56          163.8             0.3052              171.995                     32.504
6     12     0.56          163.8             0.3108              171.995                     32.504
6     12     0.56          163.8             0.3164              153.567                     30.7134
6     12     0.56          163.8             0.322              190.423                     34.201
6     12     0.56          163.8             0.3276              159.71                     31.3217
6     12     0.56          163.8             0.3332              190.423                     34.201
6     12     0.56          163.8             0.3388              178.138                     33.0794
6     12     0.56          163.8             0.3444              159.71                     31.3217
6     12     0.56          163.8             0.35              221.137                     36.8561
6     12     0.56          163.8             0.3556              190.423                     34.201
6     12     0.56          163.8             0.3612              128.996                     28.1493
6     12     0.56          163.8             0.3668              122.854                     27.4709
6     12     0.56          163.8             0.3724              159.71                     31.3217
6     12     0.56          163.8             0.378              196.566                     34.7483
6     12     0.56          163.8             0.3836              208.851                     35.8177
6     12     0.56          163.8             0.3892              221.137                     36.8561
6     12     0.56          163.8             0.3948              128.996                     28.1493
6     12     0.56          163.8             0.4004              196.566                     34.7483
6     12     0.56          163.8             0.406              221.137                     36.8561
6     12     0.56          163.8             0.4116              184.281                     33.6449
6     12     0.56          163.8             0.4172              214.994                     36.3406
6     12     0.56          163.8             0.4228              251.85                     39.3324
6     12     0.56          163.8             0.4284              276.421                     41.2064
6     12     0.56          163.8             0.434              380.847                     48.3676
6     12     0.56          163.8             0.4396              399.275                     49.5239
6     12     0.56          163.8             0.4452              294.849                     42.5578
6     12     0.56          163.8             0.4508              362.419                     47.1829
6     12     0.56          163.8             0.4564              491.415                     54.9419
6     12     0.56          163.8             0.462              448.416                     52.4831
6     12     0.56          163.8             0.4676              405.417                     49.9034
6     12     0.56          163.8             0.4732              423.845                     51.025
6     12     0.56          163.8             0.4788              472.987                     53.9019
6     12     0.56          163.8             0.4844              393.132                     49.1415
6     12     0.56          163.8             0.49              491.415                     54.9419
6     12     0.56          163.8             0.4956              497.558                     55.2842
6     12     0.56          163.8             0.5012              515.986                     56.2987
6     12     0.56          163.8             0.5068              509.843                     55.9625
6     12     0.56          163.8             0.5124              393.132                     49.1415
6     12     0.56          163.8             0.518              386.989                     48.7561
6     12     0.56          163.8             0.5236              399.275                     49.5239
6     12     0.56          163.8             0.5292              362.419                     47.1829
6     12     0.56          163.8             0.5348              417.703                     50.6539
6     12     0.56          163.8             0.5404              337.848                     45.5554
6     12     0.56          163.8             0.546              350.133                     46.3763
6     12     0.56          163.8             0.5516              61.4269                     19.4249
*******************************************************************************************************
 Average angle 163.76 +- 3.42732 deg 
 Average E' 0.120268 +- 0.00251708 GeV 
