*******************************************************************************************************
Z     A     E(GeV)     Theta(deg)     Energy Loss(GeV)     Sigma(nb/sr/GeV)     ERROR     Citation     
*******************************************************************************************************
6     12     0.06          117.167             0.0003              0                     0
6     12     0.06          117.167             0.0009              0                     0
6     12     0.06          117.167             0.0015              0                     0
6     12     0.06          117.167             0.0021              0                     0
6     12     0.06          117.167             0.0027              0                     0
6     12     0.06          117.167             0.0033              0                     0
6     12     0.06          117.167             0.0039              0                     0
6     12     0.06          117.167             0.0045              0                     0
6     12     0.06          117.167             0.0051              0                     0
6     12     0.06          117.167             0.0057              0                     0
6     12     0.06          117.167             0.0063              0                     0
6     12     0.06          117.167             0.0069              0                     0
6     12     0.06          117.167             0.0075              0                     0
6     12     0.06          117.167             0.0081              0                     0
6     12     0.06          117.167             0.0087              0                     0
6     12     0.06          117.167             0.0093              0                     0
6     12     0.06          117.167             0.0099              0                     0
6     12     0.06          117.167             0.0105              0                     0
6     12     0.06          117.167             0.0111              0                     0
6     12     0.06          117.167             0.0117              0                     0
6     12     0.06          117.167             0.0123              0                     0
6     12     0.06          117.167             0.0129              0                     0
6     12     0.06          117.167             0.0135              0                     0
6     12     0.06          117.167             0.0141              0                     0
6     12     0.06          117.167             0.0147              0                     0
6     12     0.06          117.167             0.0153              0                     0
6     12     0.06          117.167             0.0159              0                     0
6     12     0.06          117.167             0.0165              0                     0
6     12     0.06          117.167             0.0171              0.862443                     0.862443
6     12     0.06          117.167             0.0177              2.58733                     1.49379
6     12     0.06          117.167             0.0183              14.6615                     3.55594
6     12     0.06          117.167             0.0189              37.9475                     5.7208
6     12     0.06          117.167             0.0195              36.2226                     5.58927
6     12     0.06          117.167             0.0201              48.2968                     6.45393
6     12     0.06          117.167             0.0207              37.085                     5.65542
6     12     0.06          117.167             0.0213              58.6461                     7.11189
6     12     0.06          117.167             0.0219              55.1963                     6.89954
6     12     0.06          117.167             0.0225              55.1963                     6.89954
6     12     0.06          117.167             0.0231              56.9212                     7.00652
6     12     0.06          117.167             0.0237              58.6461                     7.11189
6     12     0.06          117.167             0.0243              74.1701                     7.99797
6     12     0.06          117.167             0.0249              61.2334                     7.26707
6     12     0.06          117.167             0.0255              69.8579                     7.76199
6     12     0.06          117.167             0.0261              88.8316                     8.75284
6     12     0.06          117.167             0.0267              88.8316                     8.75284
6     12     0.06          117.167             0.0273              89.6941                     8.79523
6     12     0.06          117.167             0.0279              87.9692                     8.71025
6     12     0.06          117.167             0.0285              88.8316                     8.75284
6     12     0.06          117.167             0.0291              104.356                     9.48687
6     12     0.06          117.167             0.0297              103.493                     9.44759
6     12     0.06          117.167             0.0303              102.631                     9.40814
6     12     0.06          117.167             0.0309              70.7203                     7.80975
6     12     0.06          117.167             0.0315              106.08                     9.56495
6     12     0.06          117.167             0.0321              101.768                     9.36853
6     12     0.06          117.167             0.0327              115.567                     9.9835
6     12     0.06          117.167             0.0333              107.805                     9.6424
6     12     0.06          117.167             0.0339              105.218                     9.52599
6     12     0.06          117.167             0.0345              110.393                     9.75743
6     12     0.06          117.167             0.0351              102.631                     9.40814
6     12     0.06          117.167             0.0357              130.229                     10.5979
6     12     0.06          117.167             0.0363              119.017                     10.1314
6     12     0.06          117.167             0.0369              112.98                     9.87111
6     12     0.06          117.167             0.0375              112.98                     9.87111
6     12     0.06          117.167             0.0381              142.303                     11.0783
6     12     0.06          117.167             0.0387              147.478                     11.2779
6     12     0.06          117.167             0.0393              155.24                     11.5709
6     12     0.06          117.167             0.0399              144.028                     11.1452
6     12     0.06          117.167             0.0405              164.727                     11.9192
6     12     0.06          117.167             0.0411              176.801                     12.3483
6     12     0.06          117.167             0.0417              169.901                     12.105
6     12     0.06          117.167             0.0423              194.05                     12.9366
6     12     0.06          117.167             0.0429              189.737                     12.7921
6     12     0.06          117.167             0.0435              199.224                     13.108
6     12     0.06          117.167             0.0441              175.076                     12.2879
6     12     0.06          117.167             0.0447              202.674                     13.221
6     12     0.06          117.167             0.0453              257.87                     14.913
6     12     0.06          117.167             0.0459              225.96                     13.9599
6     12     0.06          117.167             0.0465              247.521                     14.6107
6     12     0.06          117.167             0.0471              259.595                     14.9628
6     12     0.06          117.167             0.0477              272.532                     15.3311
6     12     0.06          117.167             0.0483              318.241                     16.567
6     12     0.06          117.167             0.0489              348.427                     17.3349
6     12     0.06          117.167             0.0495              394.136                     18.4369
6     12     0.06          117.167             0.0501              435.534                     19.381
6     12     0.06          117.167             0.0507              496.767                     20.6986
6     12     0.06          117.167             0.0513              545.926                     21.6986
6     12     0.06          117.167             0.0519              640.795                     23.5085
6     12     0.06          117.167             0.0525              782.236                     25.9737
6     12     0.06          117.167             0.0531              972.836                     28.9658
6     12     0.06          117.167             0.0537              1390.26                     34.6268
6     12     0.06          117.167             0.0543              821.046                     26.6102
6     12     0.06          117.167             0.0549              0                     0
6     12     0.06          117.167             0.0555              0                     0
6     12     0.06          117.167             0.0561              0                     0
6     12     0.06          117.167             0.0567              0                     0
6     12     0.06          117.167             0.0573              0                     0
6     12     0.06          117.167             0.0579              0                     0
6     12     0.06          117.167             0.0585              0                     0
6     12     0.06          117.167             0.0591              0                     0
*******************************************************************************************************
 Average angle 117.153 +- 0.947277 deg 
 Average E' 0.0146998 +- 0.00011886 GeV 
