*******************************************************************************************************
Z     A     E(GeV)     Theta(deg)     Energy Loss(GeV)     Sigma(#mub/sr/GeV)     ERROR     Citation     
*******************************************************************************************************
6     12     0.48          36             0.0024              0                     0
6     12     0.48          36             0.0072              0                     0
6     12     0.48          36             0.012              0                     0
6     12     0.48          36             0.0168              0                     0
6     12     0.48          36             0.0216              0                     0
6     12     0.48          36             0.0264              57.9754                     13.6649
6     12     0.48          36             0.0312              4840.94                     124.868
6     12     0.48          36             0.036              20629.6                     257.769
6     12     0.48          36             0.0408              40270.3                     360.146
6     12     0.48          36             0.0456              62880.7                     450.033
6     12     0.48          36             0.0504              82424.9                     515.246
6     12     0.48          36             0.0552              101956                     573.049
6     12     0.48          36             0.06              108234                     590.427
6     12     0.48          36             0.0648              103773                     578.132
6     12     0.48          36             0.0696              97643.4                     560.799
6     12     0.48          36             0.0744              91314.4                     542.319
6     12     0.48          36             0.0792              83455.5                     518.457
6     12     0.48          36             0.084              76227.9                     495.499
6     12     0.48          36             0.0888              68398                     469.361
6     12     0.48          36             0.0936              61334.7                     444.466
6     12     0.48          36             0.0984              54574.1                     419.256
6     12     0.48          36             0.1032              47955.3                     393.01
6     12     0.48          36             0.108              41574.8                     365.932
6     12     0.48          36             0.1128              35384.3                     337.591
6     12     0.48          36             0.1176              30778.5                     314.854
6     12     0.48          36             0.1224              26417.4                     291.696
6     12     0.48          36             0.1272              21135.2                     260.909
6     12     0.48          36             0.132              17817.8                     239.559
6     12     0.48          36             0.1368              13569.5                     209.058
6     12     0.48          36             0.1416              10976.7                     188.027
6     12     0.48          36             0.1464              8338.79                     163.884
6     12     0.48          36             0.1512              6258.12                     141.974
6     12     0.48          36             0.156              4406.13                     119.128
6     12     0.48          36             0.1608              2715.18                     93.5157
6     12     0.48          36             0.1656              1713.49                     74.2894
6     12     0.48          36             0.1704              1024.23                     57.436
6     12     0.48          36             0.1752              698.925                     47.4461
6     12     0.48          36             0.18              705.367                     47.6643
6     12     0.48          36             0.1848              782.667                     50.2081
6     12     0.48          36             0.1896              927.606                     54.6597
6     12     0.48          36             0.1944              876.072                     53.1197
6     12     0.48          36             0.1992              1040.34                     57.8858
6     12     0.48          36             0.204              1088.65                     59.2147
6     12     0.48          36             0.2088              1256.13                     63.6068
6     12     0.48          36             0.2136              1394.63                     67.0216
6     12     0.48          36             0.2184              1349.54                     65.9292
6     12     0.48          36             0.2232              1578.22                     71.2966
6     12     0.48          36             0.228              1536.35                     70.3445
6     12     0.48          36             0.2328              1803.68                     76.2193
6     12     0.48          36             0.2376              1929.29                     78.8287
6     12     0.48          36             0.2424              1971.16                     79.6795
6     12     0.48          36             0.2472              2109.66                     82.4312
6     12     0.48          36             0.252              2061.35                     81.4819
6     12     0.48          36             0.2568              2273.92                     85.5802
6     12     0.48          36             0.2616              2399.54                     87.9122
6     12     0.48          36             0.2664              2486.5                     89.4911
6     12     0.48          36             0.2712              2731.28                     93.7927
6     12     0.48          36             0.276              2818.25                     95.2741
6     12     0.48          36             0.2808              3178.98                     101.188
6     12     0.48          36             0.2856              3597.69                     107.646
6     12     0.48          36             0.2904              3610.58                     107.838
6     12     0.48          36             0.2952              3980.97                     113.235
6     12     0.48          36             0.3              4618.7                     121.968
6     12     0.48          36             0.3048              5143.7                     128.713
6     12     0.48          36             0.3096              5146.92                     128.754
6     12     0.48          36             0.3144              5832.97                     137.066
6     12     0.48          36             0.3192              6090.63                     140.061
6     12     0.48          36             0.324              6593.09                     145.724
6     12     0.48          36             0.3288              7076.21                     150.968
6     12     0.48          36             0.3336              7501.37                     155.437
6     12     0.48          36             0.3384              8058.58                     161.107
6     12     0.48          36             0.3432              8213.18                     162.645
6     12     0.48          36             0.348              8731.73                     167.701
6     12     0.48          36             0.3528              9195.54                     172.097
6     12     0.48          36             0.3576              9208.42                     172.218
6     12     0.48          36             0.3624              8551.37                     165.96
6     12     0.48          36             0.3672              6625.3                     146.079
6     12     0.48          36             0.372              4006.74                     113.601
6     12     0.48          36             0.3768              1436.5                     68.0203
6     12     0.48          36             0.3816              0                     0
6     12     0.48          36             0.3864              0                     0
6     12     0.48          36             0.3912              0                     0
6     12     0.48          36             0.396              0                     0
6     12     0.48          36             0.4008              0                     0
6     12     0.48          36             0.4056              0                     0
6     12     0.48          36             0.4104              0                     0
6     12     0.48          36             0.4152              0                     0
6     12     0.48          36             0.42              0                     0
6     12     0.48          36             0.4248              0                     0
6     12     0.48          36             0.4296              0                     0
6     12     0.48          36             0.4344              0                     0
6     12     0.48          36             0.4392              0                     0
6     12     0.48          36             0.444              0                     0
6     12     0.48          36             0.4488              0                     0
6     12     0.48          36             0.4536              0                     0
6     12     0.48          36             0.4584              0                     0
6     12     0.48          36             0.4632              0                     0
6     12     0.48          36             0.468              0                     0
6     12     0.48          36             0.4728              0                     0
*******************************************************************************************************
 Average angle 35.9437 +- 0.052841 deg 
 Average E' 0.375785 +- 0.000552444 GeV 
