*******************************************************************************************************
Z     A     E(GeV)     Theta(deg)     Energy Loss(GeV)     Sigma(#mub/sr/GeV)     ERROR     Citation     
*******************************************************************************************************
6     12     3.595          55.3333             0.017975              0                     0
6     12     3.595          55.3333             0.053925              0                     0
6     12     3.595          55.3333             0.089875              0                     0
6     12     3.595          55.3333             0.125825              0                     0
6     12     3.595          55.3333             0.161775              0                     0
6     12     3.595          55.3333             0.197725              0                     0
6     12     3.595          55.3333             0.233675              0                     0
6     12     3.595          55.3333             0.269625              0                     0
6     12     3.595          55.3333             0.305575              0                     0
6     12     3.595          55.3333             0.341525              0                     0
6     12     3.595          55.3333             0.377475              0                     0
6     12     3.595          55.3333             0.413425              0                     0
6     12     3.595          55.3333             0.449375              0                     0
6     12     3.595          55.3333             0.485325              0                     0
6     12     3.595          55.3333             0.521275              0                     0
6     12     3.595          55.3333             0.557225              0                     0
6     12     3.595          55.3333             0.593175              0                     0
6     12     3.595          55.3333             0.629125              0                     0
6     12     3.595          55.3333             0.665075              0                     0
6     12     3.595          55.3333             0.701025              0                     0
6     12     3.595          55.3333             0.736975              0                     0
6     12     3.595          55.3333             0.772925              0                     0
6     12     3.595          55.3333             0.808875              0                     0
6     12     3.595          55.3333             0.844825              0                     0
6     12     3.595          55.3333             0.880775              0                     0
6     12     3.595          55.3333             0.916725              0                     0
6     12     3.595          55.3333             0.952675              0                     0
6     12     3.595          55.3333             0.988625              0                     0
6     12     3.595          55.3333             1.02458              0                     0
6     12     3.595          55.3333             1.06053              0                     0
6     12     3.595          55.3333             1.09648              0                     0
6     12     3.595          55.3333             1.13243              0                     0
6     12     3.595          55.3333             1.16838              0                     0
6     12     3.595          55.3333             1.20433              0                     0
6     12     3.595          55.3333             1.24028              0                     0
6     12     3.595          55.3333             1.27623              0                     0
6     12     3.595          55.3333             1.31218              0                     0
6     12     3.595          55.3333             1.34813              0                     0
6     12     3.595          55.3333             1.38408              0                     0
6     12     3.595          55.3333             1.42003              0                     0
6     12     3.595          55.3333             1.45598              0                     0
6     12     3.595          55.3333             1.49193              0                     0
6     12     3.595          55.3333             1.52788              0                     0
6     12     3.595          55.3333             1.56383              0                     0
6     12     3.595          55.3333             1.59978              0                     0
6     12     3.595          55.3333             1.63573              0                     0
6     12     3.595          55.3333             1.67168              0                     0
6     12     3.595          55.3333             1.70763              0                     0
6     12     3.595          55.3333             1.74358              0                     0
6     12     3.595          55.3333             1.77953              0                     0
6     12     3.595          55.3333             1.81548              0                     0
6     12     3.595          55.3333             1.85143              0                     0
6     12     3.595          55.3333             1.88738              0                     0
6     12     3.595          55.3333             1.92333              0                     0
6     12     3.595          55.3333             1.95928              0                     0
6     12     3.595          55.3333             1.99523              0                     0
6     12     3.595          55.3333             2.03118              0                     0
6     12     3.595          55.3333             2.06712              0.51397                     0.51397
6     12     3.595          55.3333             2.10308              0                     0
6     12     3.595          55.3333             2.13903              0                     0
6     12     3.595          55.3333             2.17497              0                     0
6     12     3.595          55.3333             2.21093              0                     0
6     12     3.595          55.3333             2.24688              0.51397                     0.51397
6     12     3.595          55.3333             2.28282              1.02794                     0.726864
6     12     3.595          55.3333             2.31878              1.02794                     0.726864
6     12     3.595          55.3333             2.35473              1.02794                     0.726864
6     12     3.595          55.3333             2.39067              2.56985                     1.14927
6     12     3.595          55.3333             2.42663              5.65367                     1.70465
6     12     3.595          55.3333             2.46258              5.65367                     1.70465
6     12     3.595          55.3333             2.49852              5.65367                     1.70465
6     12     3.595          55.3333             2.53448              5.65367                     1.70465
6     12     3.595          55.3333             2.57043              12.3353                     2.51793
6     12     3.595          55.3333             2.60637              10.2794                     2.29854
6     12     3.595          55.3333             2.64233              11.3073                     2.41073
6     12     3.595          55.3333             2.67828              10.2794                     2.29854
6     12     3.595          55.3333             2.71422              13.8772                     2.67067
6     12     3.595          55.3333             2.75018              13.8772                     2.67067
6     12     3.595          55.3333             2.78613              17.989                     3.04069
6     12     3.595          55.3333             2.82207              11.3073                     2.41073
6     12     3.595          55.3333             2.85803              20.5588                     3.25063
6     12     3.595          55.3333             2.89398              24.1566                     3.5236
6     12     3.595          55.3333             2.92992              18.5029                     3.08382
6     12     3.595          55.3333             2.96588              25.6985                     3.63432
6     12     3.595          55.3333             3.00183              27.2404                     3.74176
6     12     3.595          55.3333             3.03777              37.5198                     4.39136
6     12     3.595          55.3333             3.07373              32.8941                     4.11176
6     12     3.595          55.3333             3.10968              38.5478                     4.45111
6     12     3.595          55.3333             3.14562              47.2853                     4.92983
6     12     3.595          55.3333             3.18158              51.911                     5.16534
6     12     3.595          55.3333             3.21753              49.8551                     5.06202
6     12     3.595          55.3333             3.25347              54.4808                     5.29165
6     12     3.595          55.3333             3.28943              58.5926                     5.4877
6     12     3.595          55.3333             3.32538              60.6485                     5.58315
6     12     3.595          55.3333             3.36132              59.6206                     5.53563
6     12     3.595          55.3333             3.39728              71.4419                     6.05962
6     12     3.595          55.3333             3.43323              68.358                     5.92739
6     12     3.595          55.3333             3.46917              73.4977                     6.14619
6     12     3.595          55.3333             3.50513              74.0117                     6.16764
6     12     3.595          55.3333             3.54108              60.1345                     5.55944
*******************************************************************************************************
 Average angle 55.3231 +- 1.18489 deg 
 Average E' 0.384105 +- 0.00822662 GeV 
