*******************************************************************************************************
Z     A     E(GeV)     Theta(deg)     Energy Loss(GeV)     Sigma(#mub/sr/GeV)     ERROR     Citation     
*******************************************************************************************************
6     12     1          27             0.005              0                     0
6     12     1          27             0.015              0                     0
6     12     1          27             0.025              2.5151                     2.5151
6     12     1          27             0.035              0                     0
6     12     1          27             0.045              155.936                     19.8039
6     12     1          27             0.055              4383.81                     105.003
6     12     1          27             0.065              10593.6                     163.23
6     12     1          27             0.075              16287.8                     202.399
6     12     1          27             0.085              22301.4                     236.834
6     12     1          27             0.095              27464.9                     262.825
6     12     1          27             0.105              32092.6                     284.106
6     12     1          27             0.115              35055.4                     296.931
6     12     1          27             0.125              34879.4                     296.184
6     12     1          27             0.135              32988                     288.042
6     12     1          27             0.145              29793.8                     273.742
6     12     1          27             0.155              26433.7                     257.843
6     12     1          27             0.165              22271.2                     236.673
6     12     1          27             0.175              18903.5                     218.046
6     12     1          27             0.185              15940.7                     200.231
6     12     1          27             0.195              13138.9                     181.784
6     12     1          27             0.205              10908                     165.634
6     12     1          27             0.215              8579                     146.891
6     12     1          27             0.225              7535.23                     137.666
6     12     1          27             0.235              6031.2                     123.163
6     12     1          27             0.245              4914.5                     111.178
6     12     1          27             0.255              4036.73                     100.761
6     12     1          27             0.265              3430.59                     92.8885
6     12     1          27             0.275              3214.29                     89.9125
6     12     1          27             0.285              3317.41                     91.3434
6     12     1          27             0.295              3747.5                     97.0841
6     12     1          27             0.305              4019.13                     100.541
6     12     1          27             0.315              4554.84                     107.032
6     12     1          27             0.325              4836.53                     110.292
6     12     1          27             0.335              5550.82                     118.156
6     12     1          27             0.345              6086.54                     123.726
6     12     1          27             0.355              6908.97                     131.821
6     12     1          27             0.365              7643.38                     138.65
6     12     1          27             0.375              8410.49                     145.441
6     12     1          27             0.385              9019.14                     150.612
6     12     1          27             0.395              9461.8                     154.264
6     12     1          27             0.405              9698.22                     156.179
6     12     1          27             0.415              10332                     161.202
6     12     1          27             0.425              9909.48                     157.871
6     12     1          27             0.435              9959.79                     158.271
6     12     1          27             0.445              9554.86                     155.021
6     12     1          27             0.455              9263.1                     152.636
6     12     1          27             0.465              8956.26                     150.086
6     12     1          27             0.475              8704.75                     147.964
6     12     1          27             0.485              8206.76                     143.669
6     12     1          27             0.495              7809.38                     140.148
6     12     1          27             0.505              7198.21                     134.552
6     12     1          27             0.515              6946.7                     132.18
6     12     1          27             0.525              6287.74                     125.755
6     12     1          27             0.535              6177.08                     124.643
6     12     1          27             0.545              5432.61                     116.891
6     12     1          27             0.555              5669.03                     119.408
6     12     1          27             0.565              5369.73                     116.213
6     12     1          27             0.575              5002.53                     112.169
6     12     1          27             0.585              4683.11                     108.529
6     12     1          27             0.595              4419.03                     105.424
6     12     1          27             0.605              4522.15                     106.647
6     12     1          27             0.615              4371.24                     104.853
6     12     1          27             0.625              4079.49                     101.293
6     12     1          27             0.635              4019.13                     100.541
6     12     1          27             0.645              4051.82                     100.949
6     12     1          27             0.655              4107.15                     101.636
6     12     1          27             0.665              4215.3                     102.966
6     12     1          27             0.675              4139.85                     102.04
6     12     1          27             0.685              4056.85                     101.012
6     12     1          27             0.695              4172.55                     102.442
6     12     1          27             0.705              4356.15                     104.672
6     12     1          27             0.715              4318.42                     104.217
6     12     1          27             0.725              4577.48                     107.298
6     12     1          27             0.735              4431.6                     105.574
6     12     1          27             0.745              4685.63                     108.558
6     12     1          27             0.755              4841.56                     110.349
6     12     1          27             0.765              4823.96                     110.149
6     12     1          27             0.775              4816.41                     110.062
6     12     1          27             0.785              5186.13                     114.209
6     12     1          27             0.795              4962.29                     111.717
6     12     1          27             0.805              4917.02                     111.206
6     12     1          27             0.815              4959.77                     111.688
6     12     1          27             0.825              4834.02                     110.263
6     12     1          27             0.835              5015.1                     112.31
6     12     1          27             0.845              4967.32                     111.773
6     12     1          27             0.855              5052.83                     112.731
6     12     1          27             0.865              5130.8                     113.598
6     12     1          27             0.875              4801.32                     109.89
6     12     1          27             0.885              5105.65                     113.319
6     12     1          27             0.895              5047.8                     112.675
6     12     1          27             0.905              3257.05                     90.5086
6     12     1          27             0.915              762.075                     43.78
6     12     1          27             0.925              0                     0
6     12     1          27             0.935              0                     0
6     12     1          27             0.945              0                     0
6     12     1          27             0.955              0                     0
6     12     1          27             0.965              0                     0
6     12     1          27             0.975              0                     0
6     12     1          27             0.985              0                     0
*******************************************************************************************************
 Average angle 26.9242 +- 0.0490744 deg 
 Average E' 0.654083 +- 0.00119219 GeV 
