*******************************************************************************************************
Z     A     E(GeV)     Theta(deg)     Energy Loss(GeV)     Sigma(#mub/sr/GeV)     ERROR     Citation     
*******************************************************************************************************
6     12     0.62          59             0.0031              0                     0
6     12     0.62          59             0.0093              0                     0
6     12     0.62          59             0.0155              0                     0
6     12     0.62          59             0.0217              0                     0
6     12     0.62          59             0.0279              0                     0
6     12     0.62          59             0.0341              0                     0
6     12     0.62          59             0.0403              0                     0
6     12     0.62          59             0.0465              0                     0
6     12     0.62          59             0.0527              0                     0
6     12     0.62          59             0.0589              0                     0
6     12     0.62          59             0.0651              0                     0
6     12     0.62          59             0.0713              20.4952                     6.17953
6     12     0.62          59             0.0775              83.844                     12.4987
6     12     0.62          59             0.0837              219.858                     20.2395
6     12     0.62          59             0.0899              327.923                     24.7181
6     12     0.62          59             0.0961              521.696                     31.1773
6     12     0.62          59             0.1023              708.016                     36.3204
6     12     0.62          59             0.1085              1054.57                     44.3269
6     12     0.62          59             0.1147              1280.02                     48.8357
6     12     0.62          59             0.1209              1596.76                     54.5444
6     12     0.62          59             0.1271              1792.4                     57.7892
6     12     0.62          59             0.1333              2131.5                     63.0191
6     12     0.62          59             0.1395              2403.53                     66.9197
6     12     0.62          59             0.1457              2671.83                     70.556
6     12     0.62          59             0.1519              2999.75                     74.7605
6     12     0.62          59             0.1581              3066.83                     75.5917
6     12     0.62          59             0.1643              3316.5                     78.6085
6     12     0.62          59             0.1705              3322.08                     78.6747
6     12     0.62          59             0.1767              3284.82                     78.2322
6     12     0.62          59             0.1829              3148.81                     76.5954
6     12     0.62          59             0.1891              2925.22                     73.826
6     12     0.62          59             0.1953              2869.33                     73.1172
6     12     0.62          59             0.2015              2684.87                     70.728
6     12     0.62          59             0.2077              2396.07                     66.8159
6     12     0.62          59             0.2139              2457.56                     67.6678
6     12     0.62          59             0.2201              2090.51                     62.4102
6     12     0.62          59             0.2263              1934                     60.0286
6     12     0.62          59             0.2325              1771.9                     57.4579
6     12     0.62          59             0.2387              1477.52                     52.4682
6     12     0.62          59             0.2449              1540.87                     53.5812
6     12     0.62          59             0.2511              1347.09                     50.0989
6     12     0.62          59             0.2573              1198.04                     47.246
6     12     0.62          59             0.2635              1119.78                     45.6769
6     12     0.62          59             0.2697              1050.84                     44.2485
6     12     0.62          59             0.2759              1015.44                     43.4968
6     12     0.62          59             0.2821              939.053                     41.8287
6     12     0.62          59             0.2883              840.303                     39.5683
6     12     0.62          59             0.2945              782.544                     38.1842
6     12     0.62          59             0.3007              797.449                     38.5462
6     12     0.62          59             0.3069              735.964                     37.0304
6     12     0.62          59             0.3131              803.039                     38.681
6     12     0.62          59             0.3193              851.482                     39.8307
6     12     0.62          59             0.3255              957.685                     42.2417
6     12     0.62          59             0.3317              931.6                     41.6624
6     12     0.62          59             0.3379              1007.99                     43.3369
6     12     0.62          59             0.3441              1123.51                     45.7528
6     12     0.62          59             0.3503              1170.09                     46.6916
6     12     0.62          59             0.3565              1332.19                     49.821
6     12     0.62          59             0.3627              1470.06                     52.3357
6     12     0.62          59             0.3689              1596.76                     54.5444
6     12     0.62          59             0.3751              1647.07                     55.3969
6     12     0.62          59             0.3813              1701.1                     56.2982
6     12     0.62          59             0.3875              1799.85                     57.9092
6     12     0.62          59             0.3937              1913.51                     59.7097
6     12     0.62          59             0.3999              1911.64                     59.6806
6     12     0.62          59             0.4061              2056.97                     61.9076
6     12     0.62          59             0.4123              2042.07                     61.6829
6     12     0.62          59             0.4185              2116.59                     62.7984
6     12     0.62          59             0.4247              2176.22                     63.6767
6     12     0.62          59             0.4309              2125.91                     62.9364
6     12     0.62          59             0.4371              2140.82                     63.1567
6     12     0.62          59             0.4433              2196.71                     63.9759
6     12     0.62          59             0.4495              2058.84                     61.9356
6     12     0.62          59             0.4557              2027.16                     61.4573
6     12     0.62          59             0.4619              1976.85                     60.69
6     12     0.62          59             0.4681              1917.23                     59.7678
6     12     0.62          59             0.4743              1891.15                     59.3598
6     12     0.62          59             0.4805              1844.57                     58.6242
6     12     0.62          59             0.4867              1745.82                     57.0334
6     12     0.62          59             0.4929              1678.74                     55.927
6     12     0.62          59             0.4991              1645.21                     55.3656
6     12     0.62          59             0.5053              1550.18                     53.7429
6     12     0.62          59             0.5115              1417.89                     51.3986
6     12     0.62          59             0.5177              1412.31                     51.2972
6     12     0.62          59             0.5239              1302.38                     49.2604
6     12     0.62          59             0.5301              1276.29                     48.7646
6     12     0.62          59             0.5363              1184.99                     46.9881
6     12     0.62          59             0.5425              1190.58                     47.0988
6     12     0.62          59             0.5487              1160.77                     46.5054
6     12     0.62          59             0.5549              1082.52                     44.9105
6     12     0.62          59             0.5611              1028.49                     43.7753
6     12     0.62          59             0.5673              965.137                     42.4057
6     12     0.62          59             0.5735              929.737                     41.6207
6     12     0.62          59             0.5797              879.43                     40.4791
6     12     0.62          59             0.5859              570.139                     32.5927
6     12     0.62          59             0.5921              0                     0
6     12     0.62          59             0.5983              0                     0
6     12     0.62          59             0.6045              0                     0
6     12     0.62          59             0.6107              0                     0
*******************************************************************************************************
 Average angle 58.9628 +- 0.220082 deg 
 Average E' 0.300435 +- 0.00112139 GeV 
