*******************************************************************************************************
Z     A     E(GeV)     Theta(deg)     Energy Loss(GeV)     Sigma(#mub/sr/GeV)     ERROR     Citation     
*******************************************************************************************************
6     12     0.4          169.667             0.002              0                     0
6     12     0.4          169.667             0.006              0                     0
6     12     0.4          169.667             0.01              0                     0
6     12     0.4          169.667             0.014              0                     0
6     12     0.4          169.667             0.018              0                     0
6     12     0.4          169.667             0.022              0                     0
6     12     0.4          169.667             0.026              0                     0
6     12     0.4          169.667             0.03              0                     0
6     12     0.4          169.667             0.034              0                     0
6     12     0.4          169.667             0.038              0                     0
6     12     0.4          169.667             0.042              0                     0
6     12     0.4          169.667             0.046              0                     0
6     12     0.4          169.667             0.05              0                     0
6     12     0.4          169.667             0.054              0                     0
6     12     0.4          169.667             0.058              0                     0
6     12     0.4          169.667             0.062              0                     0
6     12     0.4          169.667             0.066              0                     0
6     12     0.4          169.667             0.07              0                     0
6     12     0.4          169.667             0.074              0                     0
6     12     0.4          169.667             0.078              0                     0
6     12     0.4          169.667             0.082              0                     0
6     12     0.4          169.667             0.086              0                     0
6     12     0.4          169.667             0.09              0                     0
6     12     0.4          169.667             0.094              0                     0
6     12     0.4          169.667             0.098              0                     0
6     12     0.4          169.667             0.102              0                     0
6     12     0.4          169.667             0.106              0                     0
6     12     0.4          169.667             0.11              11.7068                     11.7068
6     12     0.4          169.667             0.114              11.7068                     11.7068
6     12     0.4          169.667             0.118              11.7068                     11.7068
6     12     0.4          169.667             0.122              35.1205                     20.2768
6     12     0.4          169.667             0.126              46.8273                     23.4137
6     12     0.4          169.667             0.13              81.9478                     30.9734
6     12     0.4          169.667             0.134              70.241                     28.6758
6     12     0.4          169.667             0.138              93.6546                     33.1119
6     12     0.4          169.667             0.142              140.482                     40.5536
6     12     0.4          169.667             0.146              128.775                     38.8272
6     12     0.4          169.667             0.15              187.309                     46.8273
6     12     0.4          169.667             0.154              222.43                     51.0289
6     12     0.4          169.667             0.158              187.309                     46.8273
6     12     0.4          169.667             0.162              210.723                     49.6679
6     12     0.4          169.667             0.166              304.378                     59.6933
6     12     0.4          169.667             0.17              362.912                     65.1809
6     12     0.4          169.667             0.174              292.671                     58.5341
6     12     0.4          169.667             0.178              526.807                     78.5318
6     12     0.4          169.667             0.182              597.048                     83.6035
6     12     0.4          169.667             0.186              538.514                     79.3996
6     12     0.4          169.667             0.19              561.928                     81.1073
6     12     0.4          169.667             0.194              667.289                     88.3846
6     12     0.4          169.667             0.198              983.374                     107.295
6     12     0.4          169.667             0.202              632.169                     86.0273
6     12     0.4          169.667             0.206              608.755                     84.4191
6     12     0.4          169.667             0.21              690.703                     89.9218
6     12     0.4          169.667             0.214              948.253                     105.361
6     12     0.4          169.667             0.218              643.876                     86.8202
6     12     0.4          169.667             0.222              772.651                     95.1067
6     12     0.4          169.667             0.226              948.253                     105.361
6     12     0.4          169.667             0.23              585.341                     82.7798
6     12     0.4          169.667             0.234              667.289                     88.3846
6     12     0.4          169.667             0.238              561.928                     81.1073
6     12     0.4          169.667             0.242              702.41                     90.6807
6     12     0.4          169.667             0.246              608.755                     84.4191
6     12     0.4          169.667             0.25              479.98                     74.9603
6     12     0.4          169.667             0.254              526.807                     78.5318
6     12     0.4          169.667             0.258              561.928                     81.1073
6     12     0.4          169.667             0.262              491.687                     75.8689
6     12     0.4          169.667             0.266              362.912                     65.1809
6     12     0.4          169.667             0.27              479.98                     74.9603
6     12     0.4          169.667             0.274              421.446                     70.241
6     12     0.4          169.667             0.278              257.55                     54.9099
6     12     0.4          169.667             0.282              421.446                     70.241
6     12     0.4          169.667             0.286              163.896                     43.8029
6     12     0.4          169.667             0.29              245.843                     53.6474
6     12     0.4          169.667             0.294              234.137                     52.3545
6     12     0.4          169.667             0.298              327.791                     61.9467
6     12     0.4          169.667             0.302              327.791                     61.9467
6     12     0.4          169.667             0.306              210.723                     49.6679
6     12     0.4          169.667             0.31              269.257                     56.144
6     12     0.4          169.667             0.314              280.964                     57.3515
6     12     0.4          169.667             0.318              339.498                     63.0432
6     12     0.4          169.667             0.322              316.084                     60.8305
6     12     0.4          169.667             0.326              386.325                     67.2506
6     12     0.4          169.667             0.33              304.378                     59.6933
6     12     0.4          169.667             0.334              515.1                     77.6543
6     12     0.4          169.667             0.338              433.153                     71.2099
6     12     0.4          169.667             0.342              515.1                     77.6543
6     12     0.4          169.667             0.346              643.876                     86.8202
6     12     0.4          169.667             0.35              866.305                     100.706
6     12     0.4          169.667             0.354              807.771                     97.2442
6     12     0.4          169.667             0.358              936.546                     104.709
6     12     0.4          169.667             0.362              1100.44                     113.502
6     12     0.4          169.667             0.366              1041.91                     110.442
6     12     0.4          169.667             0.37              1276.04                     122.223
6     12     0.4          169.667             0.374              1252.63                     121.096
6     12     0.4          169.667             0.378              1557.01                     135.01
6     12     0.4          169.667             0.382              1568.71                     135.516
6     12     0.4          169.667             0.386              1346.29                     125.542
6     12     0.4          169.667             0.39              0                     0
6     12     0.4          169.667             0.394              0                     0
*******************************************************************************************************
 Average angle 169.592 +- 3.06181 deg 
 Average E' 0.116961 +- 0.00211161 GeV 
