*******************************************************************************************************
Z     A     E(GeV)     Theta(deg)     Energy Loss(GeV)     Sigma(nb/sr/GeV)     ERROR     Citation     
*******************************************************************************************************
6     12     0.06          122             0.0003              0                     0
6     12     0.06          122             0.0009              0                     0
6     12     0.06          122             0.0015              0                     0
6     12     0.06          122             0.0021              0.904784                     0.904784
6     12     0.06          122             0.0027              0                     0
6     12     0.06          122             0.0033              0                     0
6     12     0.06          122             0.0039              0.904784                     0.904784
6     12     0.06          122             0.0045              0                     0
6     12     0.06          122             0.0051              0                     0
6     12     0.06          122             0.0057              0                     0
6     12     0.06          122             0.0063              0                     0
6     12     0.06          122             0.0069              0                     0
6     12     0.06          122             0.0075              0                     0
6     12     0.06          122             0.0081              0                     0
6     12     0.06          122             0.0087              0                     0
6     12     0.06          122             0.0093              0                     0
6     12     0.06          122             0.0099              0                     0
6     12     0.06          122             0.0105              0                     0
6     12     0.06          122             0.0111              0                     0
6     12     0.06          122             0.0117              0                     0
6     12     0.06          122             0.0123              0                     0
6     12     0.06          122             0.0129              0                     0
6     12     0.06          122             0.0135              0                     0
6     12     0.06          122             0.0141              0                     0
6     12     0.06          122             0.0147              0                     0
6     12     0.06          122             0.0153              0                     0
6     12     0.06          122             0.0159              0                     0
6     12     0.06          122             0.0165              0                     0
6     12     0.06          122             0.0171              0                     0
6     12     0.06          122             0.0177              3.61913                     1.80957
6     12     0.06          122             0.0183              13.5718                     3.50421
6     12     0.06          122             0.0189              21.7148                     4.43252
6     12     0.06          122             0.0195              40.7153                     6.06947
6     12     0.06          122             0.0201              39.8105                     6.00166
6     12     0.06          122             0.0207              38.0009                     5.86367
6     12     0.06          122             0.0213              54.287                     7.00842
6     12     0.06          122             0.0219              48.8583                     6.64877
6     12     0.06          122             0.0225              49.7631                     6.71005
6     12     0.06          122             0.0231              63.3349                     7.56996
6     12     0.06          122             0.0237              57.0014                     7.1815
6     12     0.06          122             0.0243              57.9062                     7.23827
6     12     0.06          122             0.0249              50.6679                     6.77078
6     12     0.06          122             0.0255              61.5253                     7.46104
6     12     0.06          122             0.0261              68.7636                     7.88772
6     12     0.06          122             0.0267              71.4779                     8.04189
6     12     0.06          122             0.0273              58.8109                     7.2946
6     12     0.06          122             0.0279              81.4305                     8.58353
6     12     0.06          122             0.0285              75.097                     8.24297
6     12     0.06          122             0.0291              67.8588                     7.83566
6     12     0.06          122             0.0297              73.2875                     8.14305
6     12     0.06          122             0.0303              77.8114                     8.39062
6     12     0.06          122             0.0309              67.8588                     7.83566
6     12     0.06          122             0.0315              85.0497                     8.7722
6     12     0.06          122             0.0321              95.9071                     9.31532
6     12     0.06          122             0.0327              86.8592                     8.86503
6     12     0.06          122             0.0333              95.9071                     9.31532
6     12     0.06          122             0.0339              98.6214                     9.44622
6     12     0.06          122             0.0345              91.3831                     9.09296
6     12     0.06          122             0.0351              100.431                     9.53249
6     12     0.06          122             0.0357              114.908                     10.1964
6     12     0.06          122             0.0363              90.4784                     9.04784
6     12     0.06          122             0.0369              125.765                     10.6672
6     12     0.06          122             0.0375              115.812                     10.2365
6     12     0.06          122             0.0381              122.146                     10.5126
6     12     0.06          122             0.0387              123.051                     10.5515
6     12     0.06          122             0.0393              125.765                     10.6672
6     12     0.06          122             0.0399              121.241                     10.4736
6     12     0.06          122             0.0405              155.623                     11.8661
6     12     0.06          122             0.0411              148.385                     11.5869
6     12     0.06          122             0.0417              176.433                     12.6346
6     12     0.06          122             0.0423              160.147                     12.0374
6     12     0.06          122             0.0429              162.861                     12.1389
6     12     0.06          122             0.0435              165.575                     12.2397
6     12     0.06          122             0.0441              197.243                     13.359
6     12     0.06          122             0.0447              197.243                     13.359
6     12     0.06          122             0.0453              201.767                     13.5113
6     12     0.06          122             0.0459              215.338                     13.9583
6     12     0.06          122             0.0465              253.339                     15.1399
6     12     0.06          122             0.0471              254.244                     15.1669
6     12     0.06          122             0.0477              279.578                     15.9046
6     12     0.06          122             0.0483              266.006                     15.5138
6     12     0.06          122             0.0489              312.15                     16.8056
6     12     0.06          122             0.0495              351.961                     17.8451
6     12     0.06          122             0.0501              361.009                     18.073
6     12     0.06          122             0.0507              430.677                     19.74
6     12     0.06          122             0.0513              491.297                     21.0836
6     12     0.06          122             0.0519              543.775                     22.181
6     12     0.06          122             0.0525              740.113                     25.8774
6     12     0.06          122             0.0531              830.591                     27.4136
6     12     0.06          122             0.0537              1154.5                     32.3199
6     12     0.06          122             0.0543              1580.66                     37.8174
6     12     0.06          122             0.0549              4.52392                     2.02316
6     12     0.06          122             0.0555              0                     0
6     12     0.06          122             0.0561              0                     0
6     12     0.06          122             0.0567              0                     0
6     12     0.06          122             0.0573              0                     0
6     12     0.06          122             0.0579              0                     0
6     12     0.06          122             0.0585              0                     0
6     12     0.06          122             0.0591              0                     0
*******************************************************************************************************
 Average angle 121.989 +- 1.03878 deg 
 Average E' 0.0140374 +- 0.000119533 GeV 
