*******************************************************************************************************
Z     A     E(GeV)     Theta(deg)     Energy Loss(GeV)     Sigma(#mub/sr/GeV)     ERROR     Citation     
*******************************************************************************************************
6     12     0.32          35             0.0016              106.502                     20.8868
6     12     0.32          35             0.0048              94.2135                     19.6449
6     12     0.32          35             0.008              204.812                     28.9648
6     12     0.32          35             0.0112              196.62                     28.3796
6     12     0.32          35             0.0144              299.026                     34.9983
6     12     0.32          35             0.0176              270.352                     33.278
6     12     0.32          35             0.0208              2232.45                     95.6277
6     12     0.32          35             0.024              43469.3                     421.972
6     12     0.32          35             0.0272              122547                     708.507
6     12     0.32          35             0.0304              203522                     913.057
6     12     0.32          35             0.0336              267640                     1047.05
6     12     0.32          35             0.0368              304347                     1116.55
6     12     0.32          35             0.04              323513                     1151.17
6     12     0.32          35             0.0432              336117                     1173.38
6     12     0.32          35             0.0464              342999                     1185.33
6     12     0.32          35             0.0496              352584                     1201.78
6     12     0.32          35             0.0528              357831                     1210.69
6     12     0.32          35             0.056              365647                     1223.84
6     12     0.32          35             0.0592              341852                     1183.35
6     12     0.32          35             0.0624              310593                     1127.95
6     12     0.32          35             0.0656              277541                     1066.24
6     12     0.32          35             0.0688              251579                     1015.15
6     12     0.32          35             0.072              223946                     957.776
6     12     0.32          35             0.0752              198991                     902.838
6     12     0.32          35             0.0784              173394                     842.771
6     12     0.32          35             0.0816              152487                     790.33
6     12     0.32          35             0.0848              132202                     735.888
6     12     0.32          35             0.088              113228                     681.036
6     12     0.32          35             0.0912              96429.6                     628.489
6     12     0.32          35             0.0944              81380                     577.366
6     12     0.32          35             0.0976              66510.6                     521.961
6     12     0.32          35             0.1008              53660.7                     468.836
6     12     0.32          35             0.104              42469.8                     417.093
6     12     0.32          35             0.1072              33482.7                     370.342
6     12     0.32          35             0.1104              24643                     317.716
6     12     0.32          35             0.1136              17130.5                     264.897
6     12     0.32          35             0.1168              11334.3                     215.472
6     12     0.32          35             0.12              6828.43                     167.245
6     12     0.32          35             0.1232              3559.63                     120.752
6     12     0.32          35             0.1264              1200.2                     70.1163
6     12     0.32          35             0.1296              344.084                     37.5427
6     12     0.32          35             0.1328              352.277                     37.987
6     12     0.32          35             0.136              290.833                     34.5155
6     12     0.32          35             0.1392              258.063                     32.5129
6     12     0.32          35             0.1424              180.235                     27.1714
6     12     0.32          35             0.1456              135.176                     23.5311
6     12     0.32          35             0.1488              167.946                     26.2287
6     12     0.32          35             0.152              69.6361                     16.8892
6     12     0.32          35             0.1552              20.4812                     9.15947
6     12     0.32          35             0.1584              20.4812                     9.15947
6     12     0.32          35             0.1616              0                     0
6     12     0.32          35             0.1648              0                     0
6     12     0.32          35             0.168              0                     0
6     12     0.32          35             0.1712              0                     0
6     12     0.32          35             0.1744              0                     0
6     12     0.32          35             0.1776              0                     0
6     12     0.32          35             0.1808              0                     0
6     12     0.32          35             0.184              0                     0
6     12     0.32          35             0.1872              0                     0
6     12     0.32          35             0.1904              0                     0
6     12     0.32          35             0.1936              0                     0
6     12     0.32          35             0.1968              0                     0
6     12     0.32          35             0.2              0                     0
6     12     0.32          35             0.2032              0                     0
6     12     0.32          35             0.2064              0                     0
6     12     0.32          35             0.2096              0                     0
6     12     0.32          35             0.2128              0                     0
6     12     0.32          35             0.216              0                     0
6     12     0.32          35             0.2192              0                     0
6     12     0.32          35             0.2224              0                     0
6     12     0.32          35             0.2256              0                     0
6     12     0.32          35             0.2288              0                     0
6     12     0.32          35             0.232              0                     0
6     12     0.32          35             0.2352              0                     0
6     12     0.32          35             0.2384              0                     0
6     12     0.32          35             0.2416              0                     0
6     12     0.32          35             0.2448              0                     0
6     12     0.32          35             0.248              0                     0
6     12     0.32          35             0.2512              0                     0
6     12     0.32          35             0.2544              0                     0
6     12     0.32          35             0.2576              0                     0
6     12     0.32          35             0.2608              0                     0
6     12     0.32          35             0.264              0                     0
6     12     0.32          35             0.2672              0                     0
6     12     0.32          35             0.2704              0                     0
6     12     0.32          35             0.2736              0                     0
6     12     0.32          35             0.2768              0                     0
6     12     0.32          35             0.28              0                     0
6     12     0.32          35             0.2832              0                     0
6     12     0.32          35             0.2864              0                     0
6     12     0.32          35             0.2896              0                     0
6     12     0.32          35             0.2928              0                     0
6     12     0.32          35             0.296              0                     0
6     12     0.32          35             0.2992              0                     0
6     12     0.32          35             0.3024              0                     0
6     12     0.32          35             0.3056              0                     0
6     12     0.32          35             0.3088              0                     0
6     12     0.32          35             0.312              0                     0
6     12     0.32          35             0.3152              0                     0
*******************************************************************************************************
 Average angle 34.9409 +- 0.0297767 deg 
 Average E' 0.261756 +- 0.000223069 GeV 
