*******************************************************************************************************
Z     A     E(GeV)     Theta(deg)     Energy Loss(GeV)     Sigma(#mub/sr/GeV)     ERROR     Citation     
*******************************************************************************************************
6     12     0.56          126             0.0028              0                     0
6     12     0.56          126             0.0084              0                     0
6     12     0.56          126             0.014              0                     0
6     12     0.56          126             0.0196              0                     0
6     12     0.56          126             0.0252              0                     0
6     12     0.56          126             0.0308              0                     0
6     12     0.56          126             0.0364              0                     0
6     12     0.56          126             0.042              0                     0
6     12     0.56          126             0.0476              0                     0
6     12     0.56          126             0.0532              0                     0
6     12     0.56          126             0.0588              0                     0
6     12     0.56          126             0.0644              0                     0
6     12     0.56          126             0.07              0                     0
6     12     0.56          126             0.0756              0                     0
6     12     0.56          126             0.0812              0                     0
6     12     0.56          126             0.0868              0                     0
6     12     0.56          126             0.0924              0                     0
6     12     0.56          126             0.098              0                     0
6     12     0.56          126             0.1036              0                     0
6     12     0.56          126             0.1092              0                     0
6     12     0.56          126             0.1148              0                     0
6     12     0.56          126             0.1204              0                     0
6     12     0.56          126             0.126              0                     0
6     12     0.56          126             0.1316              0                     0
6     12     0.56          126             0.1372              0                     0
6     12     0.56          126             0.1428              0                     0
6     12     0.56          126             0.1484              0                     0
6     12     0.56          126             0.154              0                     0
6     12     0.56          126             0.1596              0                     0
6     12     0.56          126             0.1652              0                     0
6     12     0.56          126             0.1708              0                     0
6     12     0.56          126             0.1764              0                     0
6     12     0.56          126             0.182              0                     0
6     12     0.56          126             0.1876              2.11832                     2.11832
6     12     0.56          126             0.1932              0                     0
6     12     0.56          126             0.1988              6.35495                     3.66903
6     12     0.56          126             0.2044              10.5916                     4.7367
6     12     0.56          126             0.21              21.1832                     6.69871
6     12     0.56          126             0.2156              40.248                     9.23353
6     12     0.56          126             0.2212              57.1946                     11.0071
6     12     0.56          126             0.2268              82.6144                     13.2289
6     12     0.56          126             0.2324              88.9694                     13.7283
6     12     0.56          126             0.238              91.0877                     13.8907
6     12     0.56          126             0.2436              93.206                     14.0513
6     12     0.56          126             0.2492              160.992                     18.4671
6     12     0.56          126             0.2548              184.294                     19.7584
6     12     0.56          126             0.2604              175.82                     19.2988
6     12     0.56          126             0.266              222.423                     21.7063
6     12     0.56          126             0.2716              228.778                     22.0142
6     12     0.56          126             0.2772              269.026                     23.8722
6     12     0.56          126             0.2828              307.156                     25.5079
6     12     0.56          126             0.2884              235.133                     22.3179
6     12     0.56          126             0.294              292.328                     24.8846
6     12     0.56          126             0.2996              281.736                     24.4296
6     12     0.56          126             0.3052              243.607                     22.7164
6     12     0.56          126             0.3108              269.026                     23.8722
6     12     0.56          126             0.3164              252.08                     23.1081
6     12     0.56          126             0.322              275.381                     24.1525
6     12     0.56          126             0.3276              262.671                     23.5886
6     12     0.56          126             0.3332              256.316                     23.3015
6     12     0.56          126             0.3388              249.962                     23.0108
6     12     0.56          126             0.3444              230.897                     22.1159
6     12     0.56          126             0.35              271.145                     23.966
6     12     0.56          126             0.3556              220.305                     21.6027
6     12     0.56          126             0.3612              271.145                     23.966
6     12     0.56          126             0.3668              243.607                     22.7164
6     12     0.56          126             0.3724              288.091                     24.7036
6     12     0.56          126             0.378              279.618                     24.3376
6     12     0.56          126             0.3836              311.393                     25.6832
6     12     0.56          126             0.3892              379.179                     28.3412
6     12     0.56          126             0.3948              381.297                     28.4202
6     12     0.56          126             0.4004              368.587                     27.9425
6     12     0.56          126             0.406              364.351                     27.7815
6     12     0.56          126             0.4116              442.728                     30.6242
6     12     0.56          126             0.4172              446.965                     30.7703
6     12     0.56          126             0.4228              523.225                     33.292
6     12     0.56          126             0.4284              497.805                     32.4732
6     12     0.56          126             0.434              574.064                     34.8719
6     12     0.56          126             0.4396              571.946                     34.8075
6     12     0.56          126             0.4452              502.041                     32.6111
6     12     0.56          126             0.4508              574.064                     34.8719
6     12     0.56          126             0.4564              641.85                     36.8733
6     12     0.56          126             0.462              531.698                     33.5605
6     12     0.56          126             0.4676              631.259                     36.5678
6     12     0.56          126             0.4732              690.572                     38.2472
6     12     0.56          126             0.4788              599.484                     35.6356
6     12     0.56          126             0.4844              635.495                     36.6903
6     12     0.56          126             0.49              650.324                     37.1159
6     12     0.56          126             0.4956              629.14                     36.5064
6     12     0.56          126             0.5012              599.484                     35.6356
6     12     0.56          126             0.5068              629.14                     36.5064
6     12     0.56          126             0.5124              578.301                     35.0004
6     12     0.56          126             0.518              542.289                     33.8931
6     12     0.56          126             0.5236              499.923                     32.5422
6     12     0.56          126             0.5292              510.515                     32.8851
6     12     0.56          126             0.5348              476.622                     31.7748
6     12     0.56          126             0.5404              413.072                     29.5807
6     12     0.56          126             0.546              387.652                     28.6561
6     12     0.56          126             0.5516              0                     0
*******************************************************************************************************
 Average angle 125.976 +- 1.23476 deg 
 Average E' 0.137929 +- 0.00135192 GeV 
