*******************************************************************************************************
Z     A     E(GeV)     Theta(deg)     Energy Loss(GeV)     Sigma(#mub/sr/GeV)     ERROR     Citation     
*******************************************************************************************************
6     12     0.16          96             0.0008              53.3853                     11.1316
6     12     0.16          96             0.0024              64.9907                     12.2821
6     12     0.16          96             0.004              64.9907                     12.2821
6     12     0.16          96             0.0056              78.9173                     13.5342
6     12     0.16          96             0.0072              76.5962                     13.3337
6     12     0.16          96             0.0088              88.2017                     14.3082
6     12     0.16          96             0.0104              90.5228                     14.4953
6     12     0.16          96             0.012              118.376                     16.576
6     12     0.16          96             0.0136              113.734                     16.2477
6     12     0.16          96             0.0152              111.413                     16.081
6     12     0.16          96             0.0168              120.697                     16.7377
6     12     0.16          96             0.0184              109.092                     15.9126
6     12     0.16          96             0.02              120.697                     16.7377
6     12     0.16          96             0.0216              150.871                     18.7133
6     12     0.16          96             0.0232              199.614                     21.525
6     12     0.16          96             0.0248              847.201                     44.3445
6     12     0.16          96             0.0264              2309.49                     73.2158
6     12     0.16          96             0.028              4280.1                     99.6722
6     12     0.16          96             0.0296              6438.73                     122.249
6     12     0.16          96             0.0312              9337.78                     147.221
6     12     0.16          96             0.0328              11914.2                     166.295
6     12     0.16          96             0.0344              14752.9                     185.048
6     12     0.16          96             0.036              17227.2                     199.965
6     12     0.16          96             0.0376              19121.2                     210.671
6     12     0.16          96             0.0392              21286.8                     222.281
6     12     0.16          96             0.0408              23385.1                     232.979
6     12     0.16          96             0.0424              24566.5                     238.791
6     12     0.16          96             0.044              26379.3                     247.445
6     12     0.16          96             0.0456              26866.7                     249.72
6     12     0.16          96             0.0472              27314.7                     251.794
6     12     0.16          96             0.0488              28231.5                     255.985
6     12     0.16          96             0.0504              29791.3                     262.961
6     12     0.16          96             0.052              30443.5                     265.824
6     12     0.16          96             0.0536              30977.4                     268.145
6     12     0.16          96             0.0552              32755.3                     275.732
6     12     0.16          96             0.0568              33145.3                     277.369
6     12     0.16          96             0.0584              32787.8                     275.869
6     12     0.16          96             0.06              31689.9                     271.211
6     12     0.16          96             0.0616              30926.3                     267.923
6     12     0.16          96             0.0632              29705.4                     262.582
6     12     0.16          96             0.0648              29204.1                     260.356
6     12     0.16          96             0.0664              28459                     257.014
6     12     0.16          96             0.068              27166.1                     251.108
6     12     0.16          96             0.0696              26235.4                     246.769
6     12     0.16          96             0.0712              25353.4                     242.585
6     12     0.16          96             0.0728              24424.9                     238.102
6     12     0.16          96             0.0744              23730.9                     234.695
6     12     0.16          96             0.076              22969.6                     230.9
6     12     0.16          96             0.0776              22175.8                     226.875
6     12     0.16          96             0.0792              21291.4                     222.305
6     12     0.16          96             0.0808              19766.5                     214.196
6     12     0.16          96             0.0824              19283.7                     211.564
6     12     0.16          96             0.084              18740.5                     208.563
6     12     0.16          96             0.0856              17642.7                     202.362
6     12     0.16          96             0.0872              16985.8                     198.559
6     12     0.16          96             0.0888              15751                     191.205
6     12     0.16          96             0.0904              14727.4                     184.888
6     12     0.16          96             0.092              14054.2                     180.614
6     12     0.16          96             0.0936              13195.4                     175.008
6     12     0.16          96             0.0952              12383.1                     169.536
6     12     0.16          96             0.0968              11482.5                     163.254
6     12     0.16          96             0.0984              10133.9                     153.368
6     12     0.16          96             0.1              9637.2                     149.562
6     12     0.16          96             0.1016              8365.24                     139.343
6     12     0.16          96             0.1032              4426.33                     101.361
6     12     0.16          96             0.1048              461.898                     32.7431
6     12     0.16          96             0.1064              0                     0
6     12     0.16          96             0.108              0                     0
6     12     0.16          96             0.1096              0                     0
6     12     0.16          96             0.1112              0                     0
6     12     0.16          96             0.1128              0                     0
6     12     0.16          96             0.1144              0                     0
6     12     0.16          96             0.116              0                     0
6     12     0.16          96             0.1176              0                     0
6     12     0.16          96             0.1192              0                     0
6     12     0.16          96             0.1208              0                     0
6     12     0.16          96             0.1224              0                     0
6     12     0.16          96             0.124              0                     0
6     12     0.16          96             0.1256              0                     0
6     12     0.16          96             0.1272              0                     0
6     12     0.16          96             0.1288              0                     0
6     12     0.16          96             0.1304              0                     0
6     12     0.16          96             0.132              0                     0
6     12     0.16          96             0.1336              0                     0
6     12     0.16          96             0.1352              0                     0
6     12     0.16          96             0.1368              0                     0
6     12     0.16          96             0.1384              0                     0
6     12     0.16          96             0.14              0                     0
6     12     0.16          96             0.1416              0                     0
6     12     0.16          96             0.1432              0                     0
6     12     0.16          96             0.1448              0                     0
6     12     0.16          96             0.1464              0                     0
6     12     0.16          96             0.148              0                     0
6     12     0.16          96             0.1496              0                     0
6     12     0.16          96             0.1512              0                     0
6     12     0.16          96             0.1528              0                     0
6     12     0.16          96             0.1544              0                     0
6     12     0.16          96             0.156              0                     0
6     12     0.16          96             0.1576              0                     0
*******************************************************************************************************
 Average angle 95.9734 +- 0.145743 deg 
 Average E' 0.0969806 +- 0.000147272 GeV 
