*******************************************************************************************************
Z     A     E(GeV)     Theta(deg)     Energy Loss(GeV)     Sigma(#mub/sr/GeV)     ERROR     Citation     
*******************************************************************************************************
6     12     0.4          159.333             0.002              0                     0
6     12     0.4          159.333             0.006              0                     0
6     12     0.4          159.333             0.01              0                     0
6     12     0.4          159.333             0.014              0                     0
6     12     0.4          159.333             0.018              0                     0
6     12     0.4          159.333             0.022              0                     0
6     12     0.4          159.333             0.026              0                     0
6     12     0.4          159.333             0.03              0                     0
6     12     0.4          159.333             0.034              0                     0
6     12     0.4          159.333             0.038              0                     0
6     12     0.4          159.333             0.042              0                     0
6     12     0.4          159.333             0.046              0                     0
6     12     0.4          159.333             0.05              0                     0
6     12     0.4          159.333             0.054              0                     0
6     12     0.4          159.333             0.058              0                     0
6     12     0.4          159.333             0.062              0                     0
6     12     0.4          159.333             0.066              0                     0
6     12     0.4          159.333             0.07              0                     0
6     12     0.4          159.333             0.074              0                     0
6     12     0.4          159.333             0.078              0                     0
6     12     0.4          159.333             0.082              0                     0
6     12     0.4          159.333             0.086              0                     0
6     12     0.4          159.333             0.09              0                     0
6     12     0.4          159.333             0.094              0                     0
6     12     0.4          159.333             0.098              0                     0
6     12     0.4          159.333             0.102              0                     0
6     12     0.4          159.333             0.106              0                     0
6     12     0.4          159.333             0.11              0                     0
6     12     0.4          159.333             0.114              11.8998                     8.41445
6     12     0.4          159.333             0.118              11.8998                     8.41445
6     12     0.4          159.333             0.122              41.6494                     15.742
6     12     0.4          159.333             0.126              29.7496                     13.3044
6     12     0.4          159.333             0.13              47.5993                     16.8289
6     12     0.4          159.333             0.134              77.3489                     21.4527
6     12     0.4          159.333             0.138              89.2487                     23.0439
6     12     0.4          159.333             0.142              130.898                     27.9076
6     12     0.4          159.333             0.146              190.397                     33.6578
6     12     0.4          159.333             0.15              166.598                     31.484
6     12     0.4          159.333             0.154              220.147                     36.1919
6     12     0.4          159.333             0.158              220.147                     36.1919
6     12     0.4          159.333             0.162              261.796                     39.4673
6     12     0.4          159.333             0.166              368.895                     46.8497
6     12     0.4          159.333             0.17              487.893                     53.8788
6     12     0.4          159.333             0.174              481.943                     53.5492
6     12     0.4          159.333             0.178              487.893                     53.8788
6     12     0.4          159.333             0.182              594.992                     59.4992
6     12     0.4          159.333             0.186              660.441                     62.6863
6     12     0.4          159.333             0.19              731.84                     65.9878
6     12     0.4          159.333             0.194              612.841                     60.3851
6     12     0.4          159.333             0.198              743.74                     66.5221
6     12     0.4          159.333             0.202              880.588                     72.3839
6     12     0.4          159.333             0.206              797.289                     68.8753
6     12     0.4          159.333             0.21              874.638                     72.1389
6     12     0.4          159.333             0.214              898.437                     73.1138
6     12     0.4          159.333             0.218              767.539                     67.5781
6     12     0.4          159.333             0.222              737.79                     66.2555
6     12     0.4          159.333             0.226              749.689                     66.7876
6     12     0.4          159.333             0.23              696.14                     64.3582
6     12     0.4          159.333             0.234              725.89                     65.719
6     12     0.4          159.333             0.238              594.992                     59.4992
6     12     0.4          159.333             0.242              589.042                     59.2009
6     12     0.4          159.333             0.246              475.993                     53.2177
6     12     0.4          159.333             0.25              505.743                     54.8555
6     12     0.4          159.333             0.254              511.693                     55.1773
6     12     0.4          159.333             0.258              458.144                     52.2103
6     12     0.4          159.333             0.262              470.043                     52.884
6     12     0.4          159.333             0.266              398.644                     48.7022
6     12     0.4          159.333             0.27              374.845                     47.226
6     12     0.4          159.333             0.274              380.795                     47.5993
6     12     0.4          159.333             0.278              321.295                     43.7228
6     12     0.4          159.333             0.282              333.195                     44.5251
6     12     0.4          159.333             0.286              267.746                     39.9133
6     12     0.4          159.333             0.29              226.097                     36.6777
6     12     0.4          159.333             0.294              261.796                     39.4673
6     12     0.4          159.333             0.298              255.846                     39.0162
6     12     0.4          159.333             0.302              273.696                     40.3543
6     12     0.4          159.333             0.306              232.047                     37.1572
6     12     0.4          159.333             0.31              291.546                     41.6494
6     12     0.4          159.333             0.314              297.496                     42.0723
6     12     0.4          159.333             0.318              380.795                     47.5993
6     12     0.4          159.333             0.322              291.546                     41.6494
6     12     0.4          159.333             0.326              374.845                     47.226
6     12     0.4          159.333             0.33              493.843                     54.2063
6     12     0.4          159.333             0.334              624.741                     60.9685
6     12     0.4          159.333             0.338              499.793                     54.5319
6     12     0.4          159.333             0.342              648.541                     62.119
6     12     0.4          159.333             0.346              678.29                     63.5277
6     12     0.4          159.333             0.35              827.038                     70.1485
6     12     0.4          159.333             0.354              868.688                     71.8931
6     12     0.4          159.333             0.358              1070.98                     79.8265
6     12     0.4          159.333             0.362              987.686                     76.6593
6     12     0.4          159.333             0.366              1267.33                     86.8362
6     12     0.4          159.333             0.37              1243.53                     86.0169
6     12     0.4          159.333             0.374              1529.13                     95.3844
6     12     0.4          159.333             0.378              1761.18                     102.366
6     12     0.4          159.333             0.382              1737.38                     101.672
6     12     0.4          159.333             0.386              1481.53                     93.8881
6     12     0.4          159.333             0.39              0                     0
6     12     0.4          159.333             0.394              0                     0
*******************************************************************************************************
 Average angle 159.281 +- 1.99086 deg 
 Average E' 0.115922 +- 0.00144891 GeV 
