*******************************************************************************************************
Z     A     E(GeV)     Theta(deg)     Energy Loss(GeV)     Sigma(nb/sr/GeV)     ERROR     Citation     
*******************************************************************************************************
6     12     0.08          30.1667             0.0004              0                     0
6     12     0.08          30.1667             0.0012              0                     0
6     12     0.08          30.1667             0.002              0                     0
6     12     0.08          30.1667             0.0028              0                     0
6     12     0.08          30.1667             0.0036              0                     0
6     12     0.08          30.1667             0.0044              0                     0
6     12     0.08          30.1667             0.0052              0                     0
6     12     0.08          30.1667             0.006              0                     0
6     12     0.08          30.1667             0.0068              0                     0
6     12     0.08          30.1667             0.0076              0                     0
6     12     0.08          30.1667             0.0084              0                     0
6     12     0.08          30.1667             0.0092              0                     0
6     12     0.08          30.1667             0.01              0                     0
6     12     0.08          30.1667             0.0108              0                     0
6     12     0.08          30.1667             0.0116              0                     0
6     12     0.08          30.1667             0.0124              0                     0
6     12     0.08          30.1667             0.0132              0                     0
6     12     0.08          30.1667             0.014              0                     0
6     12     0.08          30.1667             0.0148              0                     0
6     12     0.08          30.1667             0.0156              0                     0
6     12     0.08          30.1667             0.0164              931.494                     38.6449
6     12     0.08          30.1667             0.0172              3105.51                     70.5616
6     12     0.08          30.1667             0.018              3578.47                     75.7444
6     12     0.08          30.1667             0.0188              3632.99                     76.3192
6     12     0.08          30.1667             0.0196              3657.03                     76.5714
6     12     0.08          30.1667             0.0204              3899.13                     79.0652
6     12     0.08          30.1667             0.0212              3887.9                     78.9514
6     12     0.08          30.1667             0.022              3818.96                     78.2482
6     12     0.08          30.1667             0.0228              3924.78                     79.3249
6     12     0.08          30.1667             0.0236              3899.13                     79.0652
6     12     0.08          30.1667             0.0244              4073.88                     80.8176
6     12     0.08          30.1667             0.0252              3867.06                     78.7394
6     12     0.08          30.1667             0.026              4163.66                     81.7033
6     12     0.08          30.1667             0.0268              4107.55                     81.1509
6     12     0.08          30.1667             0.0276              4205.35                     82.1113
6     12     0.08          30.1667             0.0284              4174.89                     81.8134
6     12     0.08          30.1667             0.0292              4142.82                     81.4986
6     12     0.08          30.1667             0.03              4014.56                     80.2271
6     12     0.08          30.1667             0.0308              3448.61                     74.3574
6     12     0.08          30.1667             0.0316              3219.34                     71.8432
6     12     0.08          30.1667             0.0324              2704.7                     65.8508
6     12     0.08          30.1667             0.0332              2456.19                     62.7528
6     12     0.08          30.1667             0.034              1994.45                     56.5476
6     12     0.08          30.1667             0.0348              1686.63                     52.001
6     12     0.08          30.1667             0.0356              1308.26                     45.7982
6     12     0.08          30.1667             0.0364              899.428                     37.9739
6     12     0.08          30.1667             0.0372              442.5                     26.6353
6     12     0.08          30.1667             0.038              49.701                     8.92657
6     12     0.08          30.1667             0.0388              0                     0
6     12     0.08          30.1667             0.0396              0                     0
6     12     0.08          30.1667             0.0404              0                     0
6     12     0.08          30.1667             0.0412              0                     0
6     12     0.08          30.1667             0.042              0                     0
6     12     0.08          30.1667             0.0428              0                     0
6     12     0.08          30.1667             0.0436              0                     0
6     12     0.08          30.1667             0.0444              0                     0
6     12     0.08          30.1667             0.0452              0                     0
6     12     0.08          30.1667             0.046              0                     0
6     12     0.08          30.1667             0.0468              0                     0
6     12     0.08          30.1667             0.0476              0                     0
6     12     0.08          30.1667             0.0484              0                     0
6     12     0.08          30.1667             0.0492              0                     0
6     12     0.08          30.1667             0.05              0                     0
6     12     0.08          30.1667             0.0508              0                     0
6     12     0.08          30.1667             0.0516              0                     0
6     12     0.08          30.1667             0.0524              0                     0
6     12     0.08          30.1667             0.0532              0                     0
6     12     0.08          30.1667             0.054              0                     0
6     12     0.08          30.1667             0.0548              0                     0
6     12     0.08          30.1667             0.0556              0                     0
6     12     0.08          30.1667             0.0564              0                     0
6     12     0.08          30.1667             0.0572              0                     0
6     12     0.08          30.1667             0.058              0                     0
6     12     0.08          30.1667             0.0588              0                     0
6     12     0.08          30.1667             0.0596              0                     0
6     12     0.08          30.1667             0.0604              0                     0
6     12     0.08          30.1667             0.0612              0                     0
6     12     0.08          30.1667             0.062              0                     0
6     12     0.08          30.1667             0.0628              0                     0
6     12     0.08          30.1667             0.0636              0                     0
6     12     0.08          30.1667             0.0644              0                     0
6     12     0.08          30.1667             0.0652              0                     0
6     12     0.08          30.1667             0.066              0                     0
6     12     0.08          30.1667             0.0668              0                     0
6     12     0.08          30.1667             0.0676              0                     0
6     12     0.08          30.1667             0.0684              0                     0
6     12     0.08          30.1667             0.0692              0                     0
6     12     0.08          30.1667             0.07              0                     0
6     12     0.08          30.1667             0.0708              0                     0
6     12     0.08          30.1667             0.0716              0                     0
6     12     0.08          30.1667             0.0724              0                     0
6     12     0.08          30.1667             0.0732              0                     0
6     12     0.08          30.1667             0.074              0                     0
6     12     0.08          30.1667             0.0748              0                     0
6     12     0.08          30.1667             0.0756              0                     0
6     12     0.08          30.1667             0.0764              0                     0
6     12     0.08          30.1667             0.0772              0                     0
6     12     0.08          30.1667             0.078              0                     0
6     12     0.08          30.1667             0.0788              0                     0
*******************************************************************************************************
 Average angle 30.2507 +- 0.131152 deg 
 Average E' 0.0542867 +- 0.00023536 GeV 
