*******************************************************************************************************
Z     A     E(GeV)     Theta(deg)     Energy Loss(GeV)     Sigma(#mub/sr/GeV)     ERROR     Citation     
*******************************************************************************************************
6     12     0.24          77.3333             0.0012              109.048                     17.0304
6     12     0.24          77.3333             0.0036              143.624                     19.5447
6     12     0.24          77.3333             0.006              101.068                     16.3955
6     12     0.24          77.3333             0.0084              125.006                     18.234
6     12     0.24          77.3333             0.0108              196.818                     22.8796
6     12     0.24          77.3333             0.0132              172.88                     21.4432
6     12     0.24          77.3333             0.0156              164.901                     20.9425
6     12     0.24          77.3333             0.018              162.242                     20.7729
6     12     0.24          77.3333             0.0204              202.137                     23.1867
6     12     0.24          77.3333             0.0228              215.435                     23.9373
6     12     0.24          77.3333             0.0252              239.373                     25.2321
6     12     0.24          77.3333             0.0276              236.713                     25.0915
6     12     0.24          77.3333             0.03              992.067                     51.3673
6     12     0.24          77.3333             0.0324              2638.42                     83.7699
6     12     0.24          77.3333             0.0348              4747.56                     112.37
6     12     0.24          77.3333             0.0372              7537.58                     141.59
6     12     0.24          77.3333             0.0396              10162.7                     164.407
6     12     0.24          77.3333             0.042              13152.2                     187.032
6     12     0.24          77.3333             0.0444              16479.5                     209.357
6     12     0.24          77.3333             0.0468              19466.3                     227.54
6     12     0.24          77.3333             0.0492              22229.7                     243.155
6     12     0.24          77.3333             0.0516              24886.8                     257.277
6     12     0.24          77.3333             0.054              27347                     269.694
6     12     0.24          77.3333             0.0564              29014.6                     277.795
6     12     0.24          77.3333             0.0588              28613                     275.866
6     12     0.24          77.3333             0.0612              28767.3                     276.608
6     12     0.24          77.3333             0.0636              28227.4                     274
6     12     0.24          77.3333             0.066              27405.5                     269.982
6     12     0.24          77.3333             0.0684              26724.6                     266.607
6     12     0.24          77.3333             0.0708              25570.3                     260.786
6     12     0.24          77.3333             0.0732              24314.9                     254.304
6     12     0.24          77.3333             0.0756              23431.9                     249.643
6     12     0.24          77.3333             0.078              22522.3                     244.75
6     12     0.24          77.3333             0.0804              21064.8                     236.698
6     12     0.24          77.3333             0.0828              20442.4                     233.175
6     12     0.24          77.3333             0.0852              19016.8                     224.898
6     12     0.24          77.3333             0.0876              18038.1                     219.034
6     12     0.24          77.3333             0.09              17048.7                     212.942
6     12     0.24          77.3333             0.0924              16067.2                     206.722
6     12     0.24          77.3333             0.0948              14974.1                     199.566
6     12     0.24          77.3333             0.0972              14088.4                     193.574
6     12     0.24          77.3333             0.0996              12904.8                     185.265
6     12     0.24          77.3333             0.102              11910.1                     177.981
6     12     0.24          77.3333             0.1044              10894.1                     170.221
6     12     0.24          77.3333             0.1068              10059                     163.566
6     12     0.24          77.3333             0.1092              9452.56                     158.559
6     12     0.24          77.3333             0.1116              8255.7                     148.181
6     12     0.24          77.3333             0.114              7308.85                     139.425
6     12     0.24          77.3333             0.1164              6699.78                     133.489
6     12     0.24          77.3333             0.1188              5928.46                     125.57
6     12     0.24          77.3333             0.1212              5165.13                     117.208
6     12     0.24          77.3333             0.1236              4322.01                     107.216
6     12     0.24          77.3333             0.126              3798.05                     100.507
6     12     0.24          77.3333             0.1284              3210.25                     92.4029
6     12     0.24          77.3333             0.1308              2577.25                     82.7931
6     12     0.24          77.3333             0.1332              2063.92                     74.0906
6     12     0.24          77.3333             0.1356              1598.48                     65.2033
6     12     0.24          77.3333             0.138              1202.18                     56.5459
6     12     0.24          77.3333             0.1404              811.208                     46.4496
6     12     0.24          77.3333             0.1428              462.787                     35.0838
6     12     0.24          77.3333             0.1452              343.101                     30.2084
6     12     0.24          77.3333             0.1476              220.755                     24.231
6     12     0.24          77.3333             0.15              167.561                     21.1107
6     12     0.24          77.3333             0.1524              148.943                     19.9033
6     12     0.24          77.3333             0.1548              196.818                     22.8796
6     12     0.24          77.3333             0.1572              188.838                     22.411
6     12     0.24          77.3333             0.1596              183.519                     22.0931
6     12     0.24          77.3333             0.162              196.818                     22.8796
6     12     0.24          77.3333             0.1644              175.54                     21.6075
6     12     0.24          77.3333             0.1668              159.582                     20.6019
6     12     0.24          77.3333             0.1692              172.88                     21.4432
6     12     0.24          77.3333             0.1716              199.477                     23.0337
6     12     0.24          77.3333             0.174              178.2                     21.7706
6     12     0.24          77.3333             0.1764              148.943                     19.9033
6     12     0.24          77.3333             0.1788              156.922                     20.4295
6     12     0.24          77.3333             0.1812              175.54                     21.6075
6     12     0.24          77.3333             0.1836              167.561                     21.1107
6     12     0.24          77.3333             0.186              132.985                     18.8069
6     12     0.24          77.3333             0.1884              7.97909                     4.60673
6     12     0.24          77.3333             0.1908              0                     0
6     12     0.24          77.3333             0.1932              0                     0
6     12     0.24          77.3333             0.1956              0                     0
6     12     0.24          77.3333             0.198              0                     0
6     12     0.24          77.3333             0.2004              0                     0
6     12     0.24          77.3333             0.2028              0                     0
6     12     0.24          77.3333             0.2052              0                     0
6     12     0.24          77.3333             0.2076              0                     0
6     12     0.24          77.3333             0.21              0                     0
6     12     0.24          77.3333             0.2124              0                     0
6     12     0.24          77.3333             0.2148              0                     0
6     12     0.24          77.3333             0.2172              0                     0
6     12     0.24          77.3333             0.2196              0                     0
6     12     0.24          77.3333             0.222              0                     0
6     12     0.24          77.3333             0.2244              0                     0
6     12     0.24          77.3333             0.2268              0                     0
6     12     0.24          77.3333             0.2292              0                     0
6     12     0.24          77.3333             0.2316              0                     0
6     12     0.24          77.3333             0.234              0                     0
6     12     0.24          77.3333             0.2364              0                     0
*******************************************************************************************************
 Average angle 77.3033 +- 0.154082 deg 
 Average E' 0.165585 +- 0.000330047 GeV 
