*******************************************************************************************************
Z     A     E(GeV)     Theta(deg)     Energy Loss(GeV)     Sigma(nb/sr/GeV)     ERROR     Citation     
*******************************************************************************************************
6     12     0.08          143.833             0.0004              1.36522                     1.36522
6     12     0.08          143.833             0.0012              1.36522                     1.36522
6     12     0.08          143.833             0.002              1.36522                     1.36522
6     12     0.08          143.833             0.0028              1.36522                     1.36522
6     12     0.08          143.833             0.0036              0                     0
6     12     0.08          143.833             0.0044              1.36522                     1.36522
6     12     0.08          143.833             0.0052              1.36522                     1.36522
6     12     0.08          143.833             0.006              0                     0
6     12     0.08          143.833             0.0068              0                     0
6     12     0.08          143.833             0.0076              0                     0
6     12     0.08          143.833             0.0084              0                     0
6     12     0.08          143.833             0.0092              0                     0
6     12     0.08          143.833             0.01              1.36522                     1.36522
6     12     0.08          143.833             0.0108              1.36522                     1.36522
6     12     0.08          143.833             0.0116              1.36522                     1.36522
6     12     0.08          143.833             0.0124              0                     0
6     12     0.08          143.833             0.0132              1.36522                     1.36522
6     12     0.08          143.833             0.014              0                     0
6     12     0.08          143.833             0.0148              0                     0
6     12     0.08          143.833             0.0156              0                     0
6     12     0.08          143.833             0.0164              0                     0
6     12     0.08          143.833             0.0172              0                     0
6     12     0.08          143.833             0.018              0                     0
6     12     0.08          143.833             0.0188              0                     0
6     12     0.08          143.833             0.0196              0                     0
6     12     0.08          143.833             0.0204              5.46088                     2.73044
6     12     0.08          143.833             0.0212              6.8261                     3.05272
6     12     0.08          143.833             0.022              4.09566                     2.36463
6     12     0.08          143.833             0.0228              16.3826                     4.72926
6     12     0.08          143.833             0.0236              13.6522                     4.3172
6     12     0.08          143.833             0.0244              16.3826                     4.72926
6     12     0.08          143.833             0.0252              13.6522                     4.3172
6     12     0.08          143.833             0.026              10.9218                     3.86142
6     12     0.08          143.833             0.0268              12.287                     4.09566
6     12     0.08          143.833             0.0276              19.1131                     5.10818
6     12     0.08          143.833             0.0284              27.3044                     6.10544
6     12     0.08          143.833             0.0292              21.8435                     5.46088
6     12     0.08          143.833             0.03              20.4783                     5.28747
6     12     0.08          143.833             0.0308              17.7478                     4.92237
6     12     0.08          143.833             0.0316              28.6696                     6.25622
6     12     0.08          143.833             0.0324              13.6522                     4.3172
6     12     0.08          143.833             0.0332              30.0348                     6.40344
6     12     0.08          143.833             0.034              21.8435                     5.46088
6     12     0.08          143.833             0.0348              24.5739                     5.79213
6     12     0.08          143.833             0.0356              27.3044                     6.10544
6     12     0.08          143.833             0.0364              40.9566                     7.47761
6     12     0.08          143.833             0.0372              31.4                     6.54736
6     12     0.08          143.833             0.038              32.7653                     6.68818
6     12     0.08          143.833             0.0388              27.3044                     6.10544
6     12     0.08          143.833             0.0396              24.5739                     5.79213
6     12     0.08          143.833             0.0404              35.4957                     6.96128
6     12     0.08          143.833             0.0412              40.9566                     7.47761
6     12     0.08          143.833             0.042              23.2087                     5.62894
6     12     0.08          143.833             0.0428              28.6696                     6.25622
6     12     0.08          143.833             0.0436              42.3218                     7.60122
6     12     0.08          143.833             0.0444              30.0348                     6.40344
6     12     0.08          143.833             0.0452              31.4                     6.54736
6     12     0.08          143.833             0.046              28.6696                     6.25622
6     12     0.08          143.833             0.0468              46.4174                     7.96053
6     12     0.08          143.833             0.0476              45.0522                     7.84259
6     12     0.08          143.833             0.0484              55.974                     8.74167
6     12     0.08          143.833             0.0492              34.1305                     6.8261
6     12     0.08          143.833             0.05              53.2435                     8.52579
6     12     0.08          143.833             0.0508              50.5131                     8.3043
6     12     0.08          143.833             0.0516              62.8001                     9.25937
6     12     0.08          143.833             0.0524              53.2435                     8.52579
6     12     0.08          143.833             0.0532              53.2435                     8.52579
6     12     0.08          143.833             0.054              53.2435                     8.52579
6     12     0.08          143.833             0.0548              55.974                     8.74167
6     12     0.08          143.833             0.0556              57.3392                     8.84763
6     12     0.08          143.833             0.0564              66.8957                     9.55653
6     12     0.08          143.833             0.0572              75.087                     10.1247
6     12     0.08          143.833             0.058              66.8957                     9.55653
6     12     0.08          143.833             0.0588              66.8957                     9.55653
6     12     0.08          143.833             0.0596              84.6436                     10.7497
6     12     0.08          143.833             0.0604              70.9914                     9.84473
6     12     0.08          143.833             0.0612              65.5305                     9.45851
6     12     0.08          143.833             0.062              64.1653                     9.35947
6     12     0.08          143.833             0.0628              65.5305                     9.45851
6     12     0.08          143.833             0.0636              51.8783                     8.41578
6     12     0.08          143.833             0.0644              83.2784                     10.6627
6     12     0.08          143.833             0.0652              49.1479                     8.19131
6     12     0.08          143.833             0.066              49.1479                     8.19131
6     12     0.08          143.833             0.0668              53.2435                     8.52579
6     12     0.08          143.833             0.0676              62.8001                     9.25937
6     12     0.08          143.833             0.0684              45.0522                     7.84259
6     12     0.08          143.833             0.0692              68.261                     9.65356
6     12     0.08          143.833             0.07              58.7044                     8.95234
6     12     0.08          143.833             0.0708              61.4349                     9.15817
6     12     0.08          143.833             0.0716              57.3392                     8.84763
6     12     0.08          143.833             0.0724              66.8957                     9.55653
6     12     0.08          143.833             0.0732              65.5305                     9.45851
6     12     0.08          143.833             0.074              69.6262                     9.74961
6     12     0.08          143.833             0.0748              80.5479                     10.4864
6     12     0.08          143.833             0.0756              111.948                     12.3626
6     12     0.08          143.833             0.0764              197.957                     16.4394
6     12     0.08          143.833             0.0772              0                     0
6     12     0.08          143.833             0.078              0                     0
6     12     0.08          143.833             0.0788              0                     0
*******************************************************************************************************
 Average angle 143.804 +- 2.94029 deg 
 Average E' 0.0234741 +- 0.000479964 GeV 
