*******************************************************************************************************
Z     A     E(GeV)     Theta(deg)     Energy Loss(GeV)     Sigma(nb/sr/GeV)     ERROR     Citation     
*******************************************************************************************************
6     12     0.08          138.667             0.0004              1.21989                     1.21989
6     12     0.08          138.667             0.0012              0                     0
6     12     0.08          138.667             0.002              0                     0
6     12     0.08          138.667             0.0028              0                     0
6     12     0.08          138.667             0.0036              1.21989                     1.21989
6     12     0.08          138.667             0.0044              1.21989                     1.21989
6     12     0.08          138.667             0.0052              0                     0
6     12     0.08          138.667             0.006              0                     0
6     12     0.08          138.667             0.0068              0                     0
6     12     0.08          138.667             0.0076              0                     0
6     12     0.08          138.667             0.0084              0                     0
6     12     0.08          138.667             0.0092              0                     0
6     12     0.08          138.667             0.01              1.21989                     1.21989
6     12     0.08          138.667             0.0108              0                     0
6     12     0.08          138.667             0.0116              0                     0
6     12     0.08          138.667             0.0124              0                     0
6     12     0.08          138.667             0.0132              0                     0
6     12     0.08          138.667             0.014              1.21989                     1.21989
6     12     0.08          138.667             0.0148              0                     0
6     12     0.08          138.667             0.0156              0                     0
6     12     0.08          138.667             0.0164              0                     0
6     12     0.08          138.667             0.0172              1.21989                     1.21989
6     12     0.08          138.667             0.018              1.21989                     1.21989
6     12     0.08          138.667             0.0188              0                     0
6     12     0.08          138.667             0.0196              0                     0
6     12     0.08          138.667             0.0204              2.43979                     1.72519
6     12     0.08          138.667             0.0212              8.53926                     3.22754
6     12     0.08          138.667             0.022              8.53926                     3.22754
6     12     0.08          138.667             0.0228              19.5183                     4.87958
6     12     0.08          138.667             0.0236              19.5183                     4.87958
6     12     0.08          138.667             0.0244              13.4188                     4.04593
6     12     0.08          138.667             0.0252              20.7382                     5.02975
6     12     0.08          138.667             0.026              18.2984                     4.72463
6     12     0.08          138.667             0.0268              24.3979                     5.45553
6     12     0.08          138.667             0.0276              20.7382                     5.02975
6     12     0.08          138.667             0.0284              10.979                     3.65968
6     12     0.08          138.667             0.0292              25.6178                     5.59026
6     12     0.08          138.667             0.03              20.7382                     5.02975
6     12     0.08          138.667             0.0308              25.6178                     5.59026
6     12     0.08          138.667             0.0316              20.7382                     5.02975
6     12     0.08          138.667             0.0324              24.3979                     5.45553
6     12     0.08          138.667             0.0332              26.8377                     5.72181
6     12     0.08          138.667             0.034              23.178                     5.31739
6     12     0.08          138.667             0.0348              19.5183                     4.87958
6     12     0.08          138.667             0.0356              25.6178                     5.59026
6     12     0.08          138.667             0.0364              25.6178                     5.59026
6     12     0.08          138.667             0.0372              35.3769                     6.56933
6     12     0.08          138.667             0.038              23.178                     5.31739
6     12     0.08          138.667             0.0388              31.7172                     6.22026
6     12     0.08          138.667             0.0396              34.157                     6.45507
6     12     0.08          138.667             0.0404              28.0576                     5.85041
6     12     0.08          138.667             0.0412              40.2565                     7.00776
6     12     0.08          138.667             0.042              41.4764                     7.11314
6     12     0.08          138.667             0.0428              35.3769                     6.56933
6     12     0.08          138.667             0.0436              37.8167                     6.79208
6     12     0.08          138.667             0.0444              42.6963                     7.21699
6     12     0.08          138.667             0.0452              43.9162                     7.31936
6     12     0.08          138.667             0.046              47.5759                     7.61823
6     12     0.08          138.667             0.0468              41.4764                     7.11314
6     12     0.08          138.667             0.0476              36.5968                     6.68163
6     12     0.08          138.667             0.0484              57.335                     8.36317
6     12     0.08          138.667             0.0492              47.5759                     7.61823
6     12     0.08          138.667             0.05              51.2355                     7.90582
6     12     0.08          138.667             0.0508              45.1361                     7.42032
6     12     0.08          138.667             0.0516              48.7958                     7.71529
6     12     0.08          138.667             0.0524              47.5759                     7.61823
6     12     0.08          138.667             0.0532              68.3141                     9.12885
6     12     0.08          138.667             0.054              45.1361                     7.42032
6     12     0.08          138.667             0.0548              52.4554                     7.99938
6     12     0.08          138.667             0.0556              79.2931                     9.8351
6     12     0.08          138.667             0.0564              78.0732                     9.75915
6     12     0.08          138.667             0.0572              67.0942                     9.04697
6     12     0.08          138.667             0.058              69.5339                     9.21
6     12     0.08          138.667             0.0588              64.6544                     8.88096
6     12     0.08          138.667             0.0596              62.2146                     8.71178
6     12     0.08          138.667             0.0604              76.8533                     9.68261
6     12     0.08          138.667             0.0612              57.335                     8.36317
6     12     0.08          138.667             0.062              62.2146                     8.71178
6     12     0.08          138.667             0.0628              57.335                     8.36317
6     12     0.08          138.667             0.0636              79.2931                     9.8351
6     12     0.08          138.667             0.0644              56.1151                     8.27372
6     12     0.08          138.667             0.0652              41.4764                     7.11314
6     12     0.08          138.667             0.066              53.6753                     8.09186
6     12     0.08          138.667             0.0668              65.8743                     8.96435
6     12     0.08          138.667             0.0676              70.7538                     9.29043
6     12     0.08          138.667             0.0684              70.7538                     9.29043
6     12     0.08          138.667             0.0692              80.513                     9.91046
6     12     0.08          138.667             0.07              51.2355                     7.90582
6     12     0.08          138.667             0.0708              59.7748                     8.53926
6     12     0.08          138.667             0.0716              63.4345                     8.79678
6     12     0.08          138.667             0.0724              56.1151                     8.27372
6     12     0.08          138.667             0.0732              60.9947                     8.62595
6     12     0.08          138.667             0.074              73.1936                     9.44926
6     12     0.08          138.667             0.0748              86.6125                     10.279
6     12     0.08          138.667             0.0756              132.968                     12.7361
6     12     0.08          138.667             0.0764              141.508                     13.1387
6     12     0.08          138.667             0.0772              0                     0
6     12     0.08          138.667             0.078              0                     0
6     12     0.08          138.667             0.0788              0                     0
*******************************************************************************************************
 Average angle 138.638 +- 2.65874 deg 
 Average E' 0.0238781 +- 0.000457925 GeV 
