*******************************************************************************************************
Z     A     E(GeV)     Theta(deg)     Energy Loss(GeV)     Sigma(nb/sr/GeV)     ERROR     Citation     
*******************************************************************************************************
6     12     0.08          92.1667             0.0004              0.806241                     0.806241
6     12     0.08          92.1667             0.0012              0                     0
6     12     0.08          92.1667             0.002              0.806241                     0.806241
6     12     0.08          92.1667             0.0028              0                     0
6     12     0.08          92.1667             0.0036              0                     0
6     12     0.08          92.1667             0.0044              0                     0
6     12     0.08          92.1667             0.0052              0                     0
6     12     0.08          92.1667             0.006              0                     0
6     12     0.08          92.1667             0.0068              0.806241                     0.806241
6     12     0.08          92.1667             0.0076              0                     0
6     12     0.08          92.1667             0.0084              0                     0
6     12     0.08          92.1667             0.0092              0                     0
6     12     0.08          92.1667             0.01              0.806241                     0.806241
6     12     0.08          92.1667             0.0108              0.806241                     0.806241
6     12     0.08          92.1667             0.0116              0                     0
6     12     0.08          92.1667             0.0124              0                     0
6     12     0.08          92.1667             0.0132              1.61248                     1.1402
6     12     0.08          92.1667             0.014              2.41872                     1.39645
6     12     0.08          92.1667             0.0148              0                     0
6     12     0.08          92.1667             0.0156              0.806241                     0.806241
6     12     0.08          92.1667             0.0164              1.61248                     1.1402
6     12     0.08          92.1667             0.0172              0                     0
6     12     0.08          92.1667             0.018              6.44993                     2.2804
6     12     0.08          92.1667             0.0188              14.5123                     3.42059
6     12     0.08          92.1667             0.0196              29.0247                     4.83745
6     12     0.08          92.1667             0.0204              41.9246                     5.81389
6     12     0.08          92.1667             0.0212              58.0494                     6.84119
6     12     0.08          92.1667             0.022              68.5305                     7.43318
6     12     0.08          92.1667             0.0228              79.8179                     8.022
6     12     0.08          92.1667             0.0236              78.2054                     7.94056
6     12     0.08          92.1667             0.0244              79.8179                     8.022
6     12     0.08          92.1667             0.0252              89.4928                     8.49428
6     12     0.08          92.1667             0.026              89.4928                     8.49428
6     12     0.08          92.1667             0.0268              95.9427                     8.79506
6     12     0.08          92.1667             0.0276              97.5552                     8.86866
6     12     0.08          92.1667             0.0284              83.8491                     8.22208
6     12     0.08          92.1667             0.0292              97.5552                     8.86866
6     12     0.08          92.1667             0.03              90.299                     8.53246
6     12     0.08          92.1667             0.0308              94.3302                     8.72083
6     12     0.08          92.1667             0.0316              95.1365                     8.75802
6     12     0.08          92.1667             0.0324              87.0741                     8.37871
6     12     0.08          92.1667             0.0332              104.005                     9.15714
6     12     0.08          92.1667             0.034              90.299                     8.53246
6     12     0.08          92.1667             0.0348              110.455                     9.43681
6     12     0.08          92.1667             0.0356              94.3302                     8.72083
6     12     0.08          92.1667             0.0364              109.649                     9.40231
6     12     0.08          92.1667             0.0372              115.293                     9.64125
6     12     0.08          92.1667             0.038              119.324                     9.80835
6     12     0.08          92.1667             0.0388              99.9739                     8.97792
6     12     0.08          92.1667             0.0396              115.293                     9.64125
6     12     0.08          92.1667             0.0404              120.936                     9.8744
6     12     0.08          92.1667             0.0412              104.811                     9.19257
6     12     0.08          92.1667             0.042              111.261                     9.47119
6     12     0.08          92.1667             0.0428              133.836                     10.3877
6     12     0.08          92.1667             0.0436              126.58                     10.1022
6     12     0.08          92.1667             0.0444              120.936                     9.8744
6     12     0.08          92.1667             0.0452              130.611                     10.2618
6     12     0.08          92.1667             0.046              141.092                     10.6656
6     12     0.08          92.1667             0.0468              117.711                     9.74185
6     12     0.08          92.1667             0.0476              140.286                     10.6351
6     12     0.08          92.1667             0.0484              131.417                     10.2934
6     12     0.08          92.1667             0.0492              159.636                     11.3448
6     12     0.08          92.1667             0.05              170.117                     11.7113
6     12     0.08          92.1667             0.0508              164.473                     11.5154
6     12     0.08          92.1667             0.0516              144.317                     10.7868
6     12     0.08          92.1667             0.0524              179.792                     12.0398
6     12     0.08          92.1667             0.0532              187.854                     12.3067
6     12     0.08          92.1667             0.054              187.048                     12.2803
6     12     0.08          92.1667             0.0548              200.754                     12.7223
6     12     0.08          92.1667             0.0556              212.041                     13.075
6     12     0.08          92.1667             0.0564              246.71                     14.1035
6     12     0.08          92.1667             0.0572              227.36                     13.5391
6     12     0.08          92.1667             0.058              216.879                     13.2233
6     12     0.08          92.1667             0.0588              219.298                     13.2969
6     12     0.08          92.1667             0.0596              213.654                     13.1247
6     12     0.08          92.1667             0.0604              230.585                     13.6348
6     12     0.08          92.1667             0.0612              187.048                     12.2803
6     12     0.08          92.1667             0.062              197.529                     12.6197
6     12     0.08          92.1667             0.0628              197.529                     12.6197
6     12     0.08          92.1667             0.0636              199.948                     12.6967
6     12     0.08          92.1667             0.0644              197.529                     12.6197
6     12     0.08          92.1667             0.0652              169.311                     11.6835
6     12     0.08          92.1667             0.066              166.086                     11.5717
6     12     0.08          92.1667             0.0668              183.017                     12.1473
6     12     0.08          92.1667             0.0676              164.473                     11.5154
6     12     0.08          92.1667             0.0684              157.217                     11.2585
6     12     0.08          92.1667             0.0692              168.504                     11.6557
6     12     0.08          92.1667             0.07              167.698                     11.6278
6     12     0.08          92.1667             0.0708              177.373                     11.9585
6     12     0.08          92.1667             0.0716              179.792                     12.0398
6     12     0.08          92.1667             0.0724              198.335                     12.6454
6     12     0.08          92.1667             0.0732              216.073                     13.1987
6     12     0.08          92.1667             0.074              97.5552                     8.86866
6     12     0.08          92.1667             0.0748              0                     0
6     12     0.08          92.1667             0.0756              0                     0
6     12     0.08          92.1667             0.0764              0                     0
6     12     0.08          92.1667             0.0772              0                     0
6     12     0.08          92.1667             0.078              0                     0
6     12     0.08          92.1667             0.0788              0                     0
*******************************************************************************************************
 Average angle 92.1363 +- 0.839478 deg 
 Average E' 0.0284595 +- 0.000259302 GeV 
