*******************************************************************************************************
Z     A     E(GeV)     Theta(deg)     Energy Loss(GeV)     Sigma(#mub/sr/GeV)     ERROR     Citation     
*******************************************************************************************************
6     12     0.4          97.3333             0.002              0                     0
6     12     0.4          97.3333             0.006              0                     0
6     12     0.4          97.3333             0.01              0                     0
6     12     0.4          97.3333             0.014              0                     0
6     12     0.4          97.3333             0.018              0                     0
6     12     0.4          97.3333             0.022              0                     0
6     12     0.4          97.3333             0.026              0                     0
6     12     0.4          97.3333             0.03              0                     0
6     12     0.4          97.3333             0.034              0                     0
6     12     0.4          97.3333             0.038              0                     0
6     12     0.4          97.3333             0.042              0                     0
6     12     0.4          97.3333             0.046              0                     0
6     12     0.4          97.3333             0.05              0                     0
6     12     0.4          97.3333             0.054              0                     0
6     12     0.4          97.3333             0.058              2.11723                     2.11723
6     12     0.4          97.3333             0.062              6.35168                     3.66714
6     12     0.4          97.3333             0.066              6.35168                     3.66714
6     12     0.4          97.3333             0.07              59.2823                     11.2033
6     12     0.4          97.3333             0.074              88.9235                     13.7212
6     12     0.4          97.3333             0.078              182.081                     19.6343
6     12     0.4          97.3333             0.082              258.302                     23.3855
6     12     0.4          97.3333             0.086              313.349                     25.7572
6     12     0.4          97.3333             0.09              427.68                     30.0914
6     12     0.4          97.3333             0.094              520.837                     33.2074
6     12     0.4          97.3333             0.098              711.388                     38.8094
6     12     0.4          97.3333             0.102              772.787                     40.4495
6     12     0.4          97.3333             0.106              946.4                     44.7632
6     12     0.4          97.3333             0.11              1012.03                     46.2893
6     12     0.4          97.3333             0.114              1221.64                     50.8575
6     12     0.4          97.3333             0.118              1454.53                     55.4939
6     12     0.4          97.3333             0.122              1568.86                     57.6337
6     12     0.4          97.3333             0.126              1782.7                     61.436
6     12     0.4          97.3333             0.13              1854.69                     62.6642
6     12     0.4          97.3333             0.134              2034.65                     65.634
6     12     0.4          97.3333             0.138              2220.97                     68.5733
6     12     0.4          97.3333             0.142              2170.16                     67.7843
6     12     0.4          97.3333             0.146              2276.02                     69.4179
6     12     0.4          97.3333             0.15              2453.86                     72.079
6     12     0.4          97.3333             0.154              2375.53                     70.9192
6     12     0.4          97.3333             0.158              2468.68                     72.2964
6     12     0.4          97.3333             0.162              2335.3                     70.3161
6     12     0.4          97.3333             0.166              2278.13                     69.4502
6     12     0.4          97.3333             0.17              2210.38                     68.4097
6     12     0.4          97.3333             0.174              1985.96                     64.8438
6     12     0.4          97.3333             0.178              1884.33                     63.1629
6     12     0.4          97.3333             0.182              1793.29                     61.6182
6     12     0.4          97.3333             0.186              1706.48                     60.1083
6     12     0.4          97.3333             0.19              1617.56                     58.5213
6     12     0.4          97.3333             0.194              1592.15                     58.0599
6     12     0.4          97.3333             0.198              1391.02                     54.2687
6     12     0.4          97.3333             0.202              1365.61                     53.7709
6     12     0.4          97.3333             0.206              1291.51                     52.2916
6     12     0.4          97.3333             0.21              1187.76                     50.1474
6     12     0.4          97.3333             0.214              1043.79                     47.01
6     12     0.4          97.3333             0.218              870.18                     42.9228
6     12     0.4          97.3333             0.222              766.436                     40.283
6     12     0.4          97.3333             0.226              662.692                     37.4575
6     12     0.4          97.3333             0.23              637.285                     36.7325
6     12     0.4          97.3333             0.234              624.582                     36.3645
6     12     0.4          97.3333             0.238              412.859                     29.5654
6     12     0.4          97.3333             0.242              467.907                     31.4748
6     12     0.4          97.3333             0.246              404.39                     29.2606
6     12     0.4          97.3333             0.25              351.459                     27.2785
6     12     0.4          97.3333             0.254              336.639                     26.6972
6     12     0.4          97.3333             0.258              387.452                     28.6413
6     12     0.4          97.3333             0.262              347.225                     27.1137
6     12     0.4          97.3333             0.266              357.811                     27.5239
6     12     0.4          97.3333             0.27              389.569                     28.7194
6     12     0.4          97.3333             0.274              374.749                     28.1679
6     12     0.4          97.3333             0.278              448.852                     30.8273
6     12     0.4          97.3333             0.282              404.39                     29.2606
6     12     0.4          97.3333             0.286              423.445                     29.9421
6     12     0.4          97.3333             0.29              518.72                     33.1398
6     12     0.4          97.3333             0.294              508.134                     32.7999
6     12     0.4          97.3333             0.298              522.955                     33.2748
6     12     0.4          97.3333             0.302              571.651                     34.7896
6     12     0.4          97.3333             0.306              569.534                     34.7251
6     12     0.4          97.3333             0.31              709.271                     38.7516
6     12     0.4          97.3333             0.314              779.139                     40.6154
6     12     0.4          97.3333             0.318              872.297                     42.975
6     12     0.4          97.3333             0.322              965.455                     45.2116
6     12     0.4          97.3333             0.326              1024.74                     46.579
6     12     0.4          97.3333             0.33              1172.94                     49.8336
6     12     0.4          97.3333             0.334              1395.25                     54.3513
6     12     0.4          97.3333             0.338              1484.18                     56.0565
6     12     0.4          97.3333             0.342              1556.16                     57.3999
6     12     0.4          97.3333             0.346              1757.3                     60.9967
6     12     0.4          97.3333             0.35              1858.92                     62.7356
6     12     0.4          97.3333             0.354              1977.49                     64.7054
6     12     0.4          97.3333             0.358              2134.16                     67.2198
6     12     0.4          97.3333             0.362              2462.33                     72.2033
6     12     0.4          97.3333             0.366              2589.37                     74.0424
6     12     0.4          97.3333             0.37              2834.96                     77.4743
6     12     0.4          97.3333             0.374              3169.49                     81.9178
6     12     0.4          97.3333             0.378              1431.24                     55.0479
6     12     0.4          97.3333             0.382              0                     0
6     12     0.4          97.3333             0.386              0                     0
6     12     0.4          97.3333             0.39              0                     0
6     12     0.4          97.3333             0.394              0                     0
*******************************************************************************************************
 Average angle 97.3169 +- 0.460861 deg 
 Average E' 0.169623 +- 0.000803278 GeV 
