*******************************************************************************************************
Z     A     E(GeV)     Theta(deg)     Energy Loss(GeV)     Sigma(nb/sr/GeV)     ERROR     Citation     
*******************************************************************************************************
6     12     0.06          39.8333             0.0003              0                     0
6     12     0.06          39.8333             0.0009              0                     0
6     12     0.06          39.8333             0.0015              0                     0
6     12     0.06          39.8333             0.0021              0                     0
6     12     0.06          39.8333             0.0027              0                     0
6     12     0.06          39.8333             0.0033              0                     0
6     12     0.06          39.8333             0.0039              0                     0
6     12     0.06          39.8333             0.0045              0                     0
6     12     0.06          39.8333             0.0051              0                     0
6     12     0.06          39.8333             0.0057              0                     0
6     12     0.06          39.8333             0.0063              0                     0
6     12     0.06          39.8333             0.0069              0                     0
6     12     0.06          39.8333             0.0075              0                     0
6     12     0.06          39.8333             0.0081              0                     0
6     12     0.06          39.8333             0.0087              0                     0
6     12     0.06          39.8333             0.0093              0                     0
6     12     0.06          39.8333             0.0099              0                     0
6     12     0.06          39.8333             0.0105              0                     0
6     12     0.06          39.8333             0.0111              0                     0
6     12     0.06          39.8333             0.0117              0                     0
6     12     0.06          39.8333             0.0123              0                     0
6     12     0.06          39.8333             0.0129              0                     0
6     12     0.06          39.8333             0.0135              0                     0
6     12     0.06          39.8333             0.0141              0                     0
6     12     0.06          39.8333             0.0147              0                     0
6     12     0.06          39.8333             0.0153              0                     0
6     12     0.06          39.8333             0.0159              1.19786                     1.19786
6     12     0.06          39.8333             0.0165              882.826                     32.5193
6     12     0.06          39.8333             0.0171              2022                     49.2146
6     12     0.06          39.8333             0.0177              2311.88                     52.6243
6     12     0.06          39.8333             0.0183              2437.65                     54.0368
6     12     0.06          39.8333             0.0189              2562.23                     55.4004
6     12     0.06          39.8333             0.0195              2547.86                     55.2448
6     12     0.06          39.8333             0.0201              2523.9                     54.9845
6     12     0.06          39.8333             0.0207              2674.83                     56.6046
6     12     0.06          39.8333             0.0213              2595.77                     55.7619
6     12     0.06          39.8333             0.0219              2406.51                     53.6905
6     12     0.06          39.8333             0.0225              2148.97                     50.7363
6     12     0.06          39.8333             0.0231              1820.75                     46.7014
6     12     0.06          39.8333             0.0237              1494.93                     42.317
6     12     0.06          39.8333             0.0243              1215.83                     38.1628
6     12     0.06          39.8333             0.0249              910.377                     33.0228
6     12     0.06          39.8333             0.0255              542.633                     25.4951
6     12     0.06          39.8333             0.0261              221.605                     16.2927
6     12     0.06          39.8333             0.0267              9.58292                     3.38807
6     12     0.06          39.8333             0.0273              0                     0
6     12     0.06          39.8333             0.0279              0                     0
6     12     0.06          39.8333             0.0285              0                     0
6     12     0.06          39.8333             0.0291              0                     0
6     12     0.06          39.8333             0.0297              0                     0
6     12     0.06          39.8333             0.0303              0                     0
6     12     0.06          39.8333             0.0309              0                     0
6     12     0.06          39.8333             0.0315              0                     0
6     12     0.06          39.8333             0.0321              0                     0
6     12     0.06          39.8333             0.0327              0                     0
6     12     0.06          39.8333             0.0333              0                     0
6     12     0.06          39.8333             0.0339              0                     0
6     12     0.06          39.8333             0.0345              0                     0
6     12     0.06          39.8333             0.0351              0                     0
6     12     0.06          39.8333             0.0357              0                     0
6     12     0.06          39.8333             0.0363              0                     0
6     12     0.06          39.8333             0.0369              0                     0
6     12     0.06          39.8333             0.0375              0                     0
6     12     0.06          39.8333             0.0381              0                     0
6     12     0.06          39.8333             0.0387              0                     0
6     12     0.06          39.8333             0.0393              0                     0
6     12     0.06          39.8333             0.0399              0                     0
6     12     0.06          39.8333             0.0405              0                     0
6     12     0.06          39.8333             0.0411              0                     0
6     12     0.06          39.8333             0.0417              0                     0
6     12     0.06          39.8333             0.0423              0                     0
6     12     0.06          39.8333             0.0429              0                     0
6     12     0.06          39.8333             0.0435              0                     0
6     12     0.06          39.8333             0.0441              0                     0
6     12     0.06          39.8333             0.0447              0                     0
6     12     0.06          39.8333             0.0453              0                     0
6     12     0.06          39.8333             0.0459              0                     0
6     12     0.06          39.8333             0.0465              0                     0
6     12     0.06          39.8333             0.0471              0                     0
6     12     0.06          39.8333             0.0477              0                     0
6     12     0.06          39.8333             0.0483              0                     0
6     12     0.06          39.8333             0.0489              0                     0
6     12     0.06          39.8333             0.0495              0                     0
6     12     0.06          39.8333             0.0501              0                     0
6     12     0.06          39.8333             0.0507              0                     0
6     12     0.06          39.8333             0.0513              0                     0
6     12     0.06          39.8333             0.0519              0                     0
6     12     0.06          39.8333             0.0525              0                     0
6     12     0.06          39.8333             0.0531              0                     0
6     12     0.06          39.8333             0.0537              0                     0
6     12     0.06          39.8333             0.0543              0                     0
6     12     0.06          39.8333             0.0549              0                     0
6     12     0.06          39.8333             0.0555              0                     0
6     12     0.06          39.8333             0.0561              0                     0
6     12     0.06          39.8333             0.0567              0                     0
6     12     0.06          39.8333             0.0573              0                     0
6     12     0.06          39.8333             0.0579              0                     0
6     12     0.06          39.8333             0.0585              0                     0
6     12     0.06          39.8333             0.0591              0                     0
*******************************************************************************************************
 Average angle 39.9804 +- 0.247207 deg 
 Average E' 0.0394189 +- 0.000243736 GeV 
