*******************************************************************************************************
Z     A     E(GeV)     Theta(deg)     Energy Loss(GeV)     Sigma(#mub/sr/GeV)     ERROR     Citation     
*******************************************************************************************************
6     12     0.56          18             0.0028              0                     0
6     12     0.56          18             0.0084              0                     0
6     12     0.56          18             0.014              0                     0
6     12     0.56          18             0.0196              23115                     358.039
6     12     0.56          18             0.0252              497339                     1660.77
6     12     0.56          18             0.0308              1.13045e+06                     2503.85
6     12     0.56          18             0.0364              1.40285e+06                     2789.25
6     12     0.56          18             0.042              1.48871e+06                     2873.35
6     12     0.56          18             0.0476              1.52631e+06                     2909.4
6     12     0.56          18             0.0532              1.56643e+06                     2947.4
6     12     0.56          18             0.0588              1.48448e+06                     2869.26
6     12     0.56          18             0.0644              1.2247e+06                     2606.14
6     12     0.56          18             0.07              994783                     2348.81
6     12     0.56          18             0.0756              792005                     2095.79
6     12     0.56          18             0.0812              618992                     1852.79
6     12     0.56          18             0.0868              468977                     1612.72
6     12     0.56          18             0.0924              349781                     1392.78
6     12     0.56          18             0.098              251159                     1180.21
6     12     0.56          18             0.1036              168382                     966.344
6     12     0.56          18             0.1092              106785                     769.552
6     12     0.56          18             0.1148              59928.2                     576.499
6     12     0.56          18             0.1204              27951                     393.715
6     12     0.56          18             0.126              9333.63                     227.514
6     12     0.56          18             0.1316              1730.3                     97.9589
6     12     0.56          18             0.1372              621.133                     58.6915
6     12     0.56          18             0.1428              648.862                     59.9873
6     12     0.56          18             0.1484              682.137                     61.5062
6     12     0.56          18             0.154              626.679                     58.953
6     12     0.56          18             0.1596              621.133                     58.6915
6     12     0.56          18             0.1652              887.333                     70.1498
6     12     0.56          18             0.1708              1164.62                     80.3667
6     12     0.56          18             0.1764              1852.31                     101.354
6     12     0.56          18             0.182              2207.24                     110.639
6     12     0.56          18             0.1876              2645.36                     121.123
6     12     0.56          18             0.1932              2567.72                     119.332
6     12     0.56          18             0.1988              2828.37                     125.242
6     12     0.56          18             0.2044              2950.38                     127.915
6     12     0.56          18             0.21              2723                     122.887
6     12     0.56          18             0.2156              2467.89                     116.989
6     12     0.56          18             0.2212              2051.96                     106.676
6     12     0.56          18             0.2268              2079.69                     107.395
6     12     0.56          18             0.2324              1575.02                     93.46
6     12     0.56          18             0.238              1170.17                     80.5578
6     12     0.56          18             0.2436              632.224                     59.2132
6     12     0.56          18             0.2492              44.3666                     15.686
6     12     0.56          18             0.2548              0                     0
6     12     0.56          18             0.2604              0                     0
6     12     0.56          18             0.266              0                     0
6     12     0.56          18             0.2716              0                     0
6     12     0.56          18             0.2772              0                     0
6     12     0.56          18             0.2828              0                     0
6     12     0.56          18             0.2884              0                     0
6     12     0.56          18             0.294              0                     0
6     12     0.56          18             0.2996              0                     0
6     12     0.56          18             0.3052              0                     0
6     12     0.56          18             0.3108              0                     0
6     12     0.56          18             0.3164              0                     0
6     12     0.56          18             0.322              0                     0
6     12     0.56          18             0.3276              0                     0
6     12     0.56          18             0.3332              0                     0
6     12     0.56          18             0.3388              0                     0
6     12     0.56          18             0.3444              0                     0
6     12     0.56          18             0.35              0                     0
6     12     0.56          18             0.3556              0                     0
6     12     0.56          18             0.3612              0                     0
6     12     0.56          18             0.3668              0                     0
6     12     0.56          18             0.3724              0                     0
6     12     0.56          18             0.378              0                     0
6     12     0.56          18             0.3836              0                     0
6     12     0.56          18             0.3892              0                     0
6     12     0.56          18             0.3948              0                     0
6     12     0.56          18             0.4004              0                     0
6     12     0.56          18             0.406              0                     0
6     12     0.56          18             0.4116              0                     0
6     12     0.56          18             0.4172              0                     0
6     12     0.56          18             0.4228              0                     0
6     12     0.56          18             0.4284              0                     0
6     12     0.56          18             0.434              0                     0
6     12     0.56          18             0.4396              0                     0
6     12     0.56          18             0.4452              0                     0
6     12     0.56          18             0.4508              0                     0
6     12     0.56          18             0.4564              0                     0
6     12     0.56          18             0.462              0                     0
6     12     0.56          18             0.4676              0                     0
6     12     0.56          18             0.4732              0                     0
6     12     0.56          18             0.4788              0                     0
6     12     0.56          18             0.4844              0                     0
6     12     0.56          18             0.49              0                     0
6     12     0.56          18             0.4956              0                     0
6     12     0.56          18             0.5012              0                     0
6     12     0.56          18             0.5068              0                     0
6     12     0.56          18             0.5124              0                     0
6     12     0.56          18             0.518              0                     0
6     12     0.56          18             0.5236              0                     0
6     12     0.56          18             0.5292              0                     0
6     12     0.56          18             0.5348              0                     0
6     12     0.56          18             0.5404              0                     0
6     12     0.56          18             0.546              0                     0
6     12     0.56          18             0.5516              0                     0
*******************************************************************************************************
 Average angle 17.8951 +- 0.0111727 deg 
 Average E' 0.50319 +- 0.000314163 GeV 
