*******************************************************************************************************
Z     A     E(GeV)     Theta(deg)     Energy Loss(GeV)     Sigma(#mub/sr/GeV)     ERROR     Citation     
*******************************************************************************************************
6     12     0.56          88.2             0.0028              0                     0
6     12     0.56          88.2             0.0084              0                     0
6     12     0.56          88.2             0.014              0                     0
6     12     0.56          88.2             0.0196              0                     0
6     12     0.56          88.2             0.0252              0                     0
6     12     0.56          88.2             0.0308              0                     0
6     12     0.56          88.2             0.0364              0                     0
6     12     0.56          88.2             0.042              0                     0
6     12     0.56          88.2             0.0476              0                     0
6     12     0.56          88.2             0.0532              0                     0
6     12     0.56          88.2             0.0588              0                     0
6     12     0.56          88.2             0.0644              0                     0
6     12     0.56          88.2             0.07              0                     0
6     12     0.56          88.2             0.0756              0                     0
6     12     0.56          88.2             0.0812              0                     0
6     12     0.56          88.2             0.0868              0                     0
6     12     0.56          88.2             0.0924              0                     0
6     12     0.56          88.2             0.098              0                     0
6     12     0.56          88.2             0.1036              0                     0
6     12     0.56          88.2             0.1092              0                     0
6     12     0.56          88.2             0.1148              0                     0
6     12     0.56          88.2             0.1204              1.7146                     1.7146
6     12     0.56          88.2             0.126              29.1482                     7.06948
6     12     0.56          88.2             0.1316              44.5796                     8.74279
6     12     0.56          88.2             0.1372              78.8717                     11.629
6     12     0.56          88.2             0.1428              106.305                     13.5008
6     12     0.56          88.2             0.1484              114.878                     14.0346
6     12     0.56          88.2             0.154              214.325                     19.1698
6     12     0.56          88.2             0.1596              253.761                     20.859
6     12     0.56          88.2             0.1652              318.916                     23.384
6     12     0.56          88.2             0.1708              373.783                     25.3158
6     12     0.56          88.2             0.1764              428.65                     27.1102
6     12     0.56          88.2             0.182              488.661                     28.9458
6     12     0.56          88.2             0.1876              500.664                     29.2991
6     12     0.56          88.2             0.1932              649.834                     33.3797
6     12     0.56          88.2             0.1988              656.692                     33.5554
6     12     0.56          88.2             0.2044              706.416                     34.8026
6     12     0.56          88.2             0.21              847.013                     38.1089
6     12     0.56          88.2             0.2156              903.595                     39.3612
6     12     0.56          88.2             0.2212              946.46                     40.284
6     12     0.56          88.2             0.2268              960.177                     40.5749
6     12     0.56          88.2             0.2324              859.015                     38.378
6     12     0.56          88.2             0.238              859.015                     38.378
6     12     0.56          88.2             0.2436              862.444                     38.4545
6     12     0.56          88.2             0.2492              761.283                     36.1289
6     12     0.56          88.2             0.2548              787.002                     36.7341
6     12     0.56          88.2             0.2604              793.86                     36.8938
6     12     0.56          88.2             0.266              797.29                     36.9734
6     12     0.56          88.2             0.2716              764.712                     36.2102
6     12     0.56          88.2             0.2772              713.274                     34.9711
6     12     0.56          88.2             0.2828              704.701                     34.7603
6     12     0.56          88.2             0.2884              690.984                     34.4204
6     12     0.56          88.2             0.294              641.261                     33.1588
6     12     0.56          88.2             0.2996              632.688                     32.9364
6     12     0.56          88.2             0.3052              586.394                     31.7085
6     12     0.56          88.2             0.3108              596.681                     31.9855
6     12     0.56          88.2             0.3164              546.958                     30.6238
6     12     0.56          88.2             0.322              572.677                     31.3355
6     12     0.56          88.2             0.3276              589.823                     31.8011
6     12     0.56          88.2             0.3332              545.243                     30.5757
6     12     0.56          88.2             0.3388              560.675                     31.0054
6     12     0.56          88.2             0.3444              574.391                     31.3824
6     12     0.56          88.2             0.35              612.113                     32.3964
6     12     0.56          88.2             0.3556              624.115                     32.7125
6     12     0.56          88.2             0.3612              584.679                     31.6621
6     12     0.56          88.2             0.3668              742.422                     35.6785
6     12     0.56          88.2             0.3724              696.128                     34.5483
6     12     0.56          88.2             0.378              730.42                     35.389
6     12     0.56          88.2             0.3836              780.144                     36.5737
6     12     0.56          88.2             0.3892              831.582                     37.7602
6     12     0.56          88.2             0.3948              871.017                     38.6452
6     12     0.56          88.2             0.4004              980.752                     41.0073
6     12     0.56          88.2             0.406              1102.49                     43.4779
6     12     0.56          88.2             0.4116              1097.34                     43.3764
6     12     0.56          88.2             0.4172              1116.21                     43.7475
6     12     0.56          88.2             0.4228              1150.5                     44.4145
6     12     0.56          88.2             0.4284              1217.37                     45.687
6     12     0.56          88.2             0.434              1177.93                     44.9409
6     12     0.56          88.2             0.4396              1215.65                     45.6548
6     12     0.56          88.2             0.4452              1294.52                     47.1126
6     12     0.56          88.2             0.4508              1153.93                     44.4806
6     12     0.56          88.2             0.4564              1207.08                     45.4935
6     12     0.56          88.2             0.462              1231.08                     45.9436
6     12     0.56          88.2             0.4676              1159.07                     44.5796
6     12     0.56          88.2             0.4732              1258.52                     46.4527
6     12     0.56          88.2             0.4788              1177.93                     44.9409
6     12     0.56          88.2             0.4844              1152.21                     44.4475
6     12     0.56          88.2             0.49              1078.48                     43.002
6     12     0.56          88.2             0.4956              1042.48                     42.278
6     12     0.56          88.2             0.5012              994.469                     41.2931
6     12     0.56          88.2             0.5068              953.318                     40.4297
6     12     0.56          88.2             0.5124              876.161                     38.7591
6     12     0.56          88.2             0.518              835.011                     37.838
6     12     0.56          88.2             0.5236              893.307                     39.1365
6     12     0.56          88.2             0.5292              783.573                     36.654
6     12     0.56          88.2             0.5348              718.418                     35.097
6     12     0.56          88.2             0.5404              485.232                     28.8441
6     12     0.56          88.2             0.546              0                     0
6     12     0.56          88.2             0.5516              0                     0
*******************************************************************************************************
 Average angle 88.1752 +- 0.48407 deg 
 Average E' 0.19197 +- 0.00105389 GeV 
