*******************************************************************************************************
Z     A     E(GeV)     Theta(deg)     Energy Loss(GeV)     Sigma(#mub/sr/GeV)     ERROR     Citation     
*******************************************************************************************************
6     12     0.32          40             0.0016              109.656                     20.0203
6     12     0.32          40             0.0048              138.897                     22.5321
6     12     0.32          40             0.008              186.414                     26.1032
6     12     0.32          40             0.0112              222.966                     28.5479
6     12     0.32          40             0.0144              307.035                     33.5003
6     12     0.32          40             0.0176              241.242                     29.6949
6     12     0.32          40             0.0208              270.484                     31.4431
6     12     0.32          40             0.024              7368.85                     164.117
6     12     0.32          40             0.0272              37012.4                     367.814
6     12     0.32          40             0.0304              77091.5                     530.833
6     12     0.32          40             0.0336              117934                     656.561
6     12     0.32          40             0.0368              152966                     747.742
6     12     0.32          40             0.04              180515                     812.29
6     12     0.32          40             0.0432              194295                     842.724
6     12     0.32          40             0.0464              202183                     859.66
6     12     0.32          40             0.0496              210747                     877.678
6     12     0.32          40             0.0528              217100                     890.808
6     12     0.32          40             0.056              221815                     900.43
6     12     0.32          40             0.0592              211774                     879.814
6     12     0.32          40             0.0624              194087                     842.272
6     12     0.32          40             0.0656              178936                     808.729
6     12     0.32          40             0.0688              163895                     773.993
6     12     0.32          40             0.072              146273                     731.201
6     12     0.32          40             0.0752              132716                     696.492
6     12     0.32          40             0.0784              119663                     661.356
6     12     0.32          40             0.0816              108391                     629.435
6     12     0.32          40             0.0848              95740.2                     591.564
6     12     0.32          40             0.088              84449.4                     555.588
6     12     0.32          40             0.0912              74529.2                     521.937
6     12     0.32          40             0.0944              63574.6                     482.055
6     12     0.32          40             0.0976              54853.3                     447.771
6     12     0.32          40             0.1008              46508.6                     412.307
6     12     0.32          40             0.104              39190.9                     378.484
6     12     0.32          40             0.1072              30970.4                     336.456
6     12     0.32          40             0.1104              25509.5                     305.356
6     12     0.32          40             0.1136              20077.9                     270.903
6     12     0.32          40             0.1168              15439.5                     237.559
6     12     0.32          40             0.12              11181.2                     202.162
6     12     0.32          40             0.1232              7529.68                     165.899
6     12     0.32          40             0.1264              5190.36                     137.738
6     12     0.32          40             0.1296              2978.97                     104.349
6     12     0.32          40             0.1328              1363.38                     70.5933
6     12     0.32          40             0.136              489.795                     42.3118
6     12     0.32          40             0.1392              325.311                     34.4829
6     12     0.32          40             0.1424              369.174                     36.7341
6     12     0.32          40             0.1456              310.691                     33.6991
6     12     0.32          40             0.1488              263.173                     31.0153
6     12     0.32          40             0.152              321.656                     34.2887
6     12     0.32          40             0.1552              281.449                     32.0741
6     12     0.32          40             0.1584              372.829                     36.9155
6     12     0.32          40             0.1616              285.104                     32.2817
6     12     0.32          40             0.1648              332.622                     34.8682
6     12     0.32          40             0.168              336.277                     35.0593
6     12     0.32          40             0.1712              402.07                     38.3359
6     12     0.32          40             0.1744              453.243                     40.7024
6     12     0.32          40             0.1776              467.863                     41.3537
6     12     0.32          40             0.1808              464.208                     41.1918
6     12     0.32          40             0.184              424.001                     39.3675
6     12     0.32          40             0.1872              361.863                     36.3686
6     12     0.32          40             0.1904              226.621                     28.7809
6     12     0.32          40             0.1936              76.7589                     16.7502
6     12     0.32          40             0.1968              0                     0
6     12     0.32          40             0.2              0                     0
6     12     0.32          40             0.2032              0                     0
6     12     0.32          40             0.2064              0                     0
6     12     0.32          40             0.2096              0                     0
6     12     0.32          40             0.2128              0                     0
6     12     0.32          40             0.216              0                     0
6     12     0.32          40             0.2192              0                     0
6     12     0.32          40             0.2224              0                     0
6     12     0.32          40             0.2256              0                     0
6     12     0.32          40             0.2288              0                     0
6     12     0.32          40             0.232              0                     0
6     12     0.32          40             0.2352              0                     0
6     12     0.32          40             0.2384              0                     0
6     12     0.32          40             0.2416              0                     0
6     12     0.32          40             0.2448              0                     0
6     12     0.32          40             0.248              0                     0
6     12     0.32          40             0.2512              0                     0
6     12     0.32          40             0.2544              0                     0
6     12     0.32          40             0.2576              0                     0
6     12     0.32          40             0.2608              0                     0
6     12     0.32          40             0.264              0                     0
6     12     0.32          40             0.2672              0                     0
6     12     0.32          40             0.2704              0                     0
6     12     0.32          40             0.2736              0                     0
6     12     0.32          40             0.2768              0                     0
6     12     0.32          40             0.28              0                     0
6     12     0.32          40             0.2832              0                     0
6     12     0.32          40             0.2864              0                     0
6     12     0.32          40             0.2896              0                     0
6     12     0.32          40             0.2928              0                     0
6     12     0.32          40             0.296              0                     0
6     12     0.32          40             0.2992              0                     0
6     12     0.32          40             0.3024              0                     0
6     12     0.32          40             0.3056              0                     0
6     12     0.32          40             0.3088              0                     0
6     12     0.32          40             0.312              0                     0
6     12     0.32          40             0.3152              0                     0
*******************************************************************************************************
 Average angle 39.9484 +- 0.0410464 deg 
 Average E' 0.257577 +- 0.000264657 GeV 
