*******************************************************************************************************
Z     A     E(GeV)     Theta(deg)     Energy Loss(GeV)     Sigma(#mub/sr/GeV)     ERROR     Citation     
*******************************************************************************************************
6     12     1          83.6667             0.005              0                     0
6     12     1          83.6667             0.015              0                     0
6     12     1          83.6667             0.025              0                     0
6     12     1          83.6667             0.035              0                     0
6     12     1          83.6667             0.045              0                     0
6     12     1          83.6667             0.055              0                     0
6     12     1          83.6667             0.065              0                     0
6     12     1          83.6667             0.075              0                     0
6     12     1          83.6667             0.085              0                     0
6     12     1          83.6667             0.095              0                     0
6     12     1          83.6667             0.105              0                     0
6     12     1          83.6667             0.115              0                     0
6     12     1          83.6667             0.125              0                     0
6     12     1          83.6667             0.135              0                     0
6     12     1          83.6667             0.145              0                     0
6     12     1          83.6667             0.155              0                     0
6     12     1          83.6667             0.165              0                     0
6     12     1          83.6667             0.175              0                     0
6     12     1          83.6667             0.185              0                     0
6     12     1          83.6667             0.195              0                     0
6     12     1          83.6667             0.205              0                     0
6     12     1          83.6667             0.215              0                     0
6     12     1          83.6667             0.225              0                     0
6     12     1          83.6667             0.235              0                     0
6     12     1          83.6667             0.245              0                     0
6     12     1          83.6667             0.255              0                     0
6     12     1          83.6667             0.265              0                     0
6     12     1          83.6667             0.275              0                     0
6     12     1          83.6667             0.285              0                     0
6     12     1          83.6667             0.295              0                     0
6     12     1          83.6667             0.305              0                     0
6     12     1          83.6667             0.315              0                     0
6     12     1          83.6667             0.325              1.14884                     1.14884
6     12     1          83.6667             0.335              0                     0
6     12     1          83.6667             0.345              0                     0
6     12     1          83.6667             0.355              1.14884                     1.14884
6     12     1          83.6667             0.365              1.14884                     1.14884
6     12     1          83.6667             0.375              2.29768                     1.62471
6     12     1          83.6667             0.385              4.59537                     2.29768
6     12     1          83.6667             0.395              5.74421                     2.56889
6     12     1          83.6667             0.405              11.4884                     3.63296
6     12     1          83.6667             0.415              10.3396                     3.44653
6     12     1          83.6667             0.425              21.828                     5.00769
6     12     1          83.6667             0.435              32.1676                     6.0791
6     12     1          83.6667             0.445              35.6141                     6.39648
6     12     1          83.6667             0.455              39.0606                     6.69884
6     12     1          83.6667             0.465              59.7398                     8.28442
6     12     1          83.6667             0.475              59.7398                     8.28442
6     12     1          83.6667             0.485              63.1863                     8.52004
6     12     1          83.6667             0.495              87.312                     10.0154
6     12     1          83.6667             0.505              86.1631                     9.94926
6     12     1          83.6667             0.515              94.205                     10.4032
6     12     1          83.6667             0.525              76.9724                     9.40368
6     12     1          83.6667             0.535              72.377                     9.11865
6     12     1          83.6667             0.545              67.7817                     8.82442
6     12     1          83.6667             0.555              68.9305                     8.89889
6     12     1          83.6667             0.565              76.9724                     9.40368
6     12     1          83.6667             0.575              72.377                     9.11865
6     12     1          83.6667             0.585              67.7817                     8.82442
6     12     1          83.6667             0.595              86.1631                     9.94926
6     12     1          83.6667             0.605              81.5678                     9.68031
6     12     1          83.6667             0.615              83.8654                     9.81571
6     12     1          83.6667             0.625              105.693                     11.0193
6     12     1          83.6667             0.635              85.0143                     9.88271
6     12     1          83.6667             0.645              112.586                     11.373
6     12     1          83.6667             0.655              122.926                     11.8837
6     12     1          83.6667             0.665              110.289                     11.2563
6     12     1          83.6667             0.675              107.991                     11.1384
6     12     1          83.6667             0.685              140.159                     12.6894
6     12     1          83.6667             0.695              129.819                     12.2124
6     12     1          83.6667             0.705              163.136                     13.69
6     12     1          83.6667             0.715              155.094                     13.3483
6     12     1          83.6667             0.725              152.796                     13.2491
6     12     1          83.6667             0.735              160.838                     13.5933
6     12     1          83.6667             0.745              158.54                     13.4958
6     12     1          83.6667             0.755              179.219                     14.349
6     12     1          83.6667             0.765              157.391                     13.4468
6     12     1          83.6667             0.775              179.219                     14.349
6     12     1          83.6667             0.785              173.475                     14.1172
6     12     1          83.6667             0.795              194.154                     14.9349
6     12     1          83.6667             0.805              175.773                     14.2104
6     12     1          83.6667             0.815              183.815                     14.5318
6     12     1          83.6667             0.825              241.257                     16.6483
6     12     1          83.6667             0.835              203.345                     15.2843
6     12     1          83.6667             0.845              249.299                     16.9235
6     12     1          83.6667             0.855              229.768                     16.2471
6     12     1          83.6667             0.865              306.741                     18.7722
6     12     1          83.6667             0.875              294.103                     18.3815
6     12     1          83.6667             0.885              305.592                     18.737
6     12     1          83.6667             0.895              332.015                     19.5303
6     12     1          83.6667             0.905              348.099                     19.9978
6     12     1          83.6667             0.915              386.011                     21.0586
6     12     1          83.6667             0.925              408.988                     21.6763
6     12     1          83.6667             0.935              437.709                     22.4245
6     12     1          83.6667             0.945              419.327                     21.9486
6     12     1          83.6667             0.955              468.727                     23.2055
6     12     1          83.6667             0.965              476.769                     23.4037
6     12     1          83.6667             0.975              557.188                     25.3006
6     12     1          83.6667             0.985              526.17                     24.5863
*******************************************************************************************************
 Average angle 83.649 +- 0.874528 deg 
 Average E' 0.18491 +- 0.00193319 GeV 
