*******************************************************************************************************
Z     A     E(GeV)     Theta(deg)     Energy Loss(GeV)     Sigma(#mub/sr/GeV)     ERROR     Citation     
*******************************************************************************************************
6     12     0.32          70             0.0016              30.0035                     8.66127
6     12     0.32          70             0.0048              47.5056                     10.8985
6     12     0.32          70             0.008              85.01                     14.5791
6     12     0.32          70             0.0112              67.5079                     12.9919
6     12     0.32          70             0.0144              120.014                     17.3225
6     12     0.32          70             0.0176              107.513                     16.3955
6     12     0.32          70             0.0208              170.02                     20.6179
6     12     0.32          70             0.024              147.517                     19.2051
6     12     0.32          70             0.0272              167.52                     20.4658
6     12     0.32          70             0.0304              207.524                     22.7788
6     12     0.32          70             0.0336              255.03                     25.2517
6     12     0.32          70             0.0368              767.59                     43.8087
6     12     0.32          70             0.04              2012.74                     70.9396
6     12     0.32          70             0.0432              3592.92                     94.7806
6     12     0.32          70             0.0464              5553.15                     117.833
6     12     0.32          70             0.0496              8338.48                     144.391
6     12     0.32          70             0.0528              10473.7                     161.825
6     12     0.32          70             0.056              13149                     181.319
6     12     0.32          70             0.0592              15116.8                     194.413
6     12     0.32          70             0.0624              15746.8                     198.423
6     12     0.32          70             0.0656              17094.5                     206.74
6     12     0.32          70             0.0688              18012.1                     212.216
6     12     0.32          70             0.072              18509.7                     215.127
6     12     0.32          70             0.0752              19039.7                     218.185
6     12     0.32          70             0.0784              18797.2                     216.791
6     12     0.32          70             0.0816              18289.6                     213.844
6     12     0.32          70             0.0848              17634.6                     209.98
6     12     0.32          70             0.088              16812                     205.024
6     12     0.32          70             0.0912              16599.4                     203.724
6     12     0.32          70             0.0944              15149.3                     194.622
6     12     0.32          70             0.0976              14734.2                     191.937
6     12     0.32          70             0.1008              13841.6                     186.033
6     12     0.32          70             0.104              12779                     178.749
6     12     0.32          70             0.1072              12183.9                     174.538
6     12     0.32          70             0.1104              11476.3                     169.394
6     12     0.32          70             0.1136              10733.8                     163.822
6     12     0.32          70             0.1168              9628.63                     155.159
6     12     0.32          70             0.12              9126.07                     151.056
6     12     0.32          70             0.1232              8270.97                     143.805
6     12     0.32          70             0.1264              7393.37                     135.962
6     12     0.32          70             0.1296              6825.8                     130.639
6     12     0.32          70             0.1328              6205.73                     124.564
6     12     0.32          70             0.136              5410.63                     116.311
6     12     0.32          70             0.1392              4745.56                     108.928
6     12     0.32          70             0.1424              4132.98                     101.655
6     12     0.32          70             0.1456              3517.91                     93.786
6     12     0.32          70             0.1488              3135.37                     88.54
6     12     0.32          70             0.152              2712.82                     82.358
6     12     0.32          70             0.1552              2155.25                     73.4082
6     12     0.32          70             0.1584              1847.72                     67.9693
6     12     0.32          70             0.1616              1452.67                     60.2669
6     12     0.32          70             0.1648              1045.12                     51.1186
6     12     0.32          70             0.168              790.093                     44.4462
6     12     0.32          70             0.1712              620.073                     39.3746
6     12     0.32          70             0.1744              447.552                     33.4516
6     12     0.32          70             0.1776              340.04                     29.1582
6     12     0.32          70             0.1808              267.531                     25.8632
6     12     0.32          70             0.184              300.035                     27.3893
6     12     0.32          70             0.1872              315.037                     28.0657
6     12     0.32          70             0.1904              327.538                     28.6172
6     12     0.32          70             0.1936              345.04                     29.3718
6     12     0.32          70             0.1968              322.538                     28.3979
6     12     0.32          70             0.2              385.045                     31.0278
6     12     0.32          70             0.2032              400.047                     31.6265
6     12     0.32          70             0.2064              395.046                     31.4282
6     12     0.32          70             0.2096              387.545                     31.1284
6     12     0.32          70             0.2128              437.551                     33.0758
6     12     0.32          70             0.216              410.048                     32.0194
6     12     0.32          70             0.2192              477.556                     34.5547
6     12     0.32          70             0.2224              517.561                     35.9729
6     12     0.32          70             0.2256              522.561                     36.1463
6     12     0.32          70             0.2288              562.566                     37.5044
6     12     0.32          70             0.232              575.067                     37.9188
6     12     0.32          70             0.2352              615.072                     39.2156
6     12     0.32          70             0.2384              675.079                     41.084
6     12     0.32          70             0.2416              765.09                     43.7373
6     12     0.32          70             0.2448              772.59                     43.9511
6     12     0.32          70             0.248              912.607                     47.768
6     12     0.32          70             0.2512              1002.62                     50.0683
6     12     0.32          70             0.2544              1035.12                     50.8734
6     12     0.32          70             0.2576              1260.15                     56.1314
6     12     0.32          70             0.2608              1302.65                     57.0702
6     12     0.32          70             0.264              1502.68                     61.2954
6     12     0.32          70             0.2672              1622.69                     63.6962
6     12     0.32          70             0.2704              1647.69                     64.185
6     12     0.32          70             0.2736              455.053                     33.7308
6     12     0.32          70             0.2768              0                     0
6     12     0.32          70             0.28              0                     0
6     12     0.32          70             0.2832              0                     0
6     12     0.32          70             0.2864              0                     0
6     12     0.32          70             0.2896              0                     0
6     12     0.32          70             0.2928              0                     0
6     12     0.32          70             0.296              0                     0
6     12     0.32          70             0.2992              0                     0
6     12     0.32          70             0.3024              0                     0
6     12     0.32          70             0.3056              0                     0
6     12     0.32          70             0.3088              0                     0
6     12     0.32          70             0.312              0                     0
6     12     0.32          70             0.3152              0                     0
*******************************************************************************************************
 Average angle 69.9695 +- 0.169056 deg 
 Average E' 0.222615 +- 0.00053787 GeV 
