*******************************************************************************************************
Z     A     E(GeV)     Theta(deg)     Energy Loss(GeV)     Sigma(#mub/sr/GeV)     ERROR     Citation     
*******************************************************************************************************
6     12     0.68          83.6667             0.0034              0                     0
6     12     0.68          83.6667             0.0102              0                     0
6     12     0.68          83.6667             0.017              0                     0
6     12     0.68          83.6667             0.0238              0                     0
6     12     0.68          83.6667             0.0306              0                     0
6     12     0.68          83.6667             0.0374              0                     0
6     12     0.68          83.6667             0.0442              0                     0
6     12     0.68          83.6667             0.051              0                     0
6     12     0.68          83.6667             0.0578              0                     0
6     12     0.68          83.6667             0.0646              0                     0
6     12     0.68          83.6667             0.0714              0                     0
6     12     0.68          83.6667             0.0782              0                     0
6     12     0.68          83.6667             0.085              0                     0
6     12     0.68          83.6667             0.0918              0                     0
6     12     0.68          83.6667             0.0986              0                     0
6     12     0.68          83.6667             0.1054              0                     0
6     12     0.68          83.6667             0.1122              0                     0
6     12     0.68          83.6667             0.119              0                     0
6     12     0.68          83.6667             0.1258              0                     0
6     12     0.68          83.6667             0.1326              0                     0
6     12     0.68          83.6667             0.1394              0                     0
6     12     0.68          83.6667             0.1462              0                     0
6     12     0.68          83.6667             0.153              0                     0
6     12     0.68          83.6667             0.1598              0                     0
6     12     0.68          83.6667             0.1666              3.00637                     2.12583
6     12     0.68          83.6667             0.1734              9.01912                     3.68204
6     12     0.68          83.6667             0.1802              18.0382                     5.20719
6     12     0.68          83.6667             0.187              22.5478                     5.82182
6     12     0.68          83.6667             0.1938              49.6052                     8.63515
6     12     0.68          83.6667             0.2006              67.6434                     10.0837
6     12     0.68          83.6667             0.2074              72.153                     10.4144
6     12     0.68          83.6667             0.2142              111.236                     12.9309
6     12     0.68          83.6667             0.221              130.777                     14.0208
6     12     0.68          83.6667             0.2278              171.363                     16.0497
6     12     0.68          83.6667             0.2346              252.535                     19.4835
6     12     0.68          83.6667             0.2414              252.535                     19.4835
6     12     0.68          83.6667             0.2482              305.147                     21.4171
6     12     0.68          83.6667             0.255              288.612                     20.8288
6     12     0.68          83.6667             0.2618              393.835                     24.3312
6     12     0.68          83.6667             0.2686              428.408                     25.3767
6     12     0.68          83.6667             0.2754              425.402                     25.2875
6     12     0.68          83.6667             0.2822              405.861                     24.6999
6     12     0.68          83.6667             0.289              484.026                     26.9737
6     12     0.68          83.6667             0.2958              481.02                     26.8898
6     12     0.68          83.6667             0.3026              473.504                     26.6789
6     12     0.68          83.6667             0.3094              411.873                     24.8822
6     12     0.68          83.6667             0.3162              428.408                     25.3767
6     12     0.68          83.6667             0.323              399.848                     24.5162
6     12     0.68          83.6667             0.3298              416.383                     25.018
6     12     0.68          83.6667             0.3366              402.854                     24.6082
6     12     0.68          83.6667             0.3434              359.262                     23.2387
6     12     0.68          83.6667             0.3502              351.746                     22.9943
6     12     0.68          83.6667             0.357              333.708                     22.397
6     12     0.68          83.6667             0.3638              351.746                     22.9943
6     12     0.68          83.6667             0.3706              333.708                     22.397
6     12     0.68          83.6667             0.3774              341.224                     22.6478
6     12     0.68          83.6667             0.3842              329.198                     22.2451
6     12     0.68          83.6667             0.391              309.657                     21.5748
6     12     0.68          83.6667             0.3978              330.701                     22.2959
6     12     0.68          83.6667             0.4046              398.345                     24.4701
6     12     0.68          83.6667             0.4114              377.3                     23.815
6     12     0.68          83.6667             0.4182              399.848                     24.5162
6     12     0.68          83.6667             0.425              404.357                     24.6541
6     12     0.68          83.6667             0.4318              485.53                     27.0156
6     12     0.68          83.6667             0.4386              521.606                     28.0013
6     12     0.68          83.6667             0.4454              599.772                     30.0261
6     12     0.68          83.6667             0.4522              485.53                     27.0156
6     12     0.68          83.6667             0.459              610.294                     30.2884
6     12     0.68          83.6667             0.4658              601.275                     30.0637
6     12     0.68          83.6667             0.4726              640.358                     31.0254
6     12     0.68          83.6667             0.4794              674.931                     31.852
6     12     0.68          83.6667             0.4862              604.281                     30.1388
6     12     0.68          83.6667             0.493              688.46                     32.1696
6     12     0.68          83.6667             0.4998              689.963                     32.2047
6     12     0.68          83.6667             0.5066              650.88                     31.2793
6     12     0.68          83.6667             0.5134              619.313                     30.5114
6     12     0.68          83.6667             0.5202              631.339                     30.8062
6     12     0.68          83.6667             0.527              670.422                     31.7454
6     12     0.68          83.6667             0.5338              622.32                     30.5853
6     12     0.68          83.6667             0.5406              631.339                     30.8062
6     12     0.68          83.6667             0.5474              572.714                     29.341
6     12     0.68          83.6667             0.5542              599.772                     30.0261
6     12     0.68          83.6667             0.561              632.842                     30.8428
6     12     0.68          83.6667             0.5678              583.237                     29.6094
6     12     0.68          83.6667             0.5746              506.574                     27.5949
6     12     0.68          83.6667             0.5814              526.116                     28.1221
6     12     0.68          83.6667             0.5882              494.549                     27.2654
6     12     0.68          83.6667             0.595              468.994                     26.5516
6     12     0.68          83.6667             0.6018              443.44                     25.8181
6     12     0.68          83.6667             0.6086              478.014                     26.8057
6     12     0.68          83.6667             0.6154              383.313                     24.004
6     12     0.68          83.6667             0.6222              423.899                     25.2428
6     12     0.68          83.6667             0.629              444.943                     25.8618
6     12     0.68          83.6667             0.6358              453.963                     26.1226
6     12     0.68          83.6667             0.6426              395.338                     24.3776
6     12     0.68          83.6667             0.6494              464.485                     26.4236
6     12     0.68          83.6667             0.6562              512.587                     27.7581
6     12     0.68          83.6667             0.663              257.045                     19.6567
6     12     0.68          83.6667             0.6698              0                     0
*******************************************************************************************************
 Average angle 83.6303 +- 0.586191 deg 
 Average E' 0.222126 +- 0.00155695 GeV 
