*******************************************************************************************************
Z     A     E(GeV)     Theta(deg)     Energy Loss(GeV)     Sigma(#mub/sr/GeV)     ERROR     Citation     
*******************************************************************************************************
6     12     0.16          76             0.0008              78.5087                     13.6666
6     12     0.16          76             0.0024              71.3715                     13.0306
6     12     0.16          76             0.004              66.6134                     12.5888
6     12     0.16          76             0.0056              73.7506                     13.246
6     12     0.16          76             0.0072              92.783                     14.8572
6     12     0.16          76             0.0088              109.436                     16.1355
6     12     0.16          76             0.0104              123.711                     17.1556
6     12     0.16          76             0.012              157.017                     19.3275
6     12     0.16          76             0.0136              142.743                     18.428
6     12     0.16          76             0.0152              147.501                     18.7327
6     12     0.16          76             0.0168              164.154                     19.7619
6     12     0.16          76             0.0184              152.259                     19.0324
6     12     0.16          76             0.02              157.017                     19.3275
6     12     0.16          76             0.0216              963.515                     47.8775
6     12     0.16          76             0.0232              4774.75                     106.58
6     12     0.16          76             0.0248              11214.8                     163.342
6     12     0.16          76             0.0264              18687.4                     210.852
6     12     0.16          76             0.028              26300.4                     250.14
6     12     0.16          76             0.0296              34079.9                     284.742
6     12     0.16          76             0.0312              40853.1                     311.755
6     12     0.16          76             0.0328              47050.5                     334.568
6     12     0.16          76             0.0344              51458.9                     349.89
6     12     0.16          76             0.036              54263.8                     359.3
6     12     0.16          76             0.0376              57025.8                     368.331
6     12     0.16          76             0.0392              59036.1                     374.767
6     12     0.16          76             0.0408              61060.7                     381.138
6     12     0.16          76             0.0424              62274                     384.907
6     12     0.16          76             0.044              64015.5                     390.251
6     12     0.16          76             0.0456              66044.8                     396.389
6     12     0.16          76             0.0472              66118.6                     396.61
6     12     0.16          76             0.0488              69565.8                     406.818
6     12     0.16          76             0.0504              70917.1                     410.75
6     12     0.16          76             0.052              72135.2                     414.262
6     12     0.16          76             0.0536              73343.8                     417.718
6     12     0.16          76             0.0552              77071.7                     428.203
6     12     0.16          76             0.0568              78028.1                     430.851
6     12     0.16          76             0.0584              75244.6                     423.097
6     12     0.16          76             0.06              73460.3                     418.05
6     12     0.16          76             0.0616              70600.7                     409.832
6     12     0.16          76             0.0632              67795.8                     401.609
6     12     0.16          76             0.0648              65412                     394.485
6     12     0.16          76             0.0664              61836.3                     383.551
6     12     0.16          76             0.068              59431.1                     376.018
6     12     0.16          76             0.0696              57256.6                     369.075
6     12     0.16          76             0.0712              54780                     361.005
6     12     0.16          76             0.0728              51808.6                     351.077
6     12     0.16          76             0.0744              48753.9                     340.57
6     12     0.16          76             0.076              35985.5                     292.594
6     12     0.16          76             0.0776              21632.7                     226.86
6     12     0.16          76             0.0792              7753.33                     135.814
6     12     0.16          76             0.0808              104.678                     15.7808
6     12     0.16          76             0.0824              0                     0
6     12     0.16          76             0.084              0                     0
6     12     0.16          76             0.0856              0                     0
6     12     0.16          76             0.0872              0                     0
6     12     0.16          76             0.0888              0                     0
6     12     0.16          76             0.0904              0                     0
6     12     0.16          76             0.092              0                     0
6     12     0.16          76             0.0936              0                     0
6     12     0.16          76             0.0952              0                     0
6     12     0.16          76             0.0968              0                     0
6     12     0.16          76             0.0984              0                     0
6     12     0.16          76             0.1              0                     0
6     12     0.16          76             0.1016              0                     0
6     12     0.16          76             0.1032              0                     0
6     12     0.16          76             0.1048              0                     0
6     12     0.16          76             0.1064              0                     0
6     12     0.16          76             0.108              0                     0
6     12     0.16          76             0.1096              0                     0
6     12     0.16          76             0.1112              0                     0
6     12     0.16          76             0.1128              0                     0
6     12     0.16          76             0.1144              0                     0
6     12     0.16          76             0.116              0                     0
6     12     0.16          76             0.1176              0                     0
6     12     0.16          76             0.1192              0                     0
6     12     0.16          76             0.1208              0                     0
6     12     0.16          76             0.1224              0                     0
6     12     0.16          76             0.124              0                     0
6     12     0.16          76             0.1256              0                     0
6     12     0.16          76             0.1272              0                     0
6     12     0.16          76             0.1288              0                     0
6     12     0.16          76             0.1304              0                     0
6     12     0.16          76             0.132              0                     0
6     12     0.16          76             0.1336              0                     0
6     12     0.16          76             0.1352              0                     0
6     12     0.16          76             0.1368              0                     0
6     12     0.16          76             0.1384              0                     0
6     12     0.16          76             0.14              0                     0
6     12     0.16          76             0.1416              0                     0
6     12     0.16          76             0.1432              0                     0
6     12     0.16          76             0.1448              0                     0
6     12     0.16          76             0.1464              0                     0
6     12     0.16          76             0.148              0                     0
6     12     0.16          76             0.1496              0                     0
6     12     0.16          76             0.1512              0                     0
6     12     0.16          76             0.1528              0                     0
6     12     0.16          76             0.1544              0                     0
6     12     0.16          76             0.156              0                     0
6     12     0.16          76             0.1576              0                     0
*******************************************************************************************************
 Average angle 75.9813 +- 0.0845763 deg 
 Average E' 0.107282 +- 0.000119417 GeV 
