*******************************************************************************************************
Z     A     E(GeV)     Theta(deg)     Energy Loss(GeV)     Sigma(nb/sr/GeV)     ERROR     Citation     
*******************************************************************************************************
6     12     0.08          71.5             0.0004              0                     0
6     12     0.08          71.5             0.0012              0                     0
6     12     0.08          71.5             0.002              0                     0
6     12     0.08          71.5             0.0028              0                     0
6     12     0.08          71.5             0.0036              0                     0
6     12     0.08          71.5             0.0044              0                     0
6     12     0.08          71.5             0.0052              0                     0
6     12     0.08          71.5             0.006              0                     0
6     12     0.08          71.5             0.0068              0                     0
6     12     0.08          71.5             0.0076              0                     0
6     12     0.08          71.5             0.0084              0                     0
6     12     0.08          71.5             0.0092              0                     0
6     12     0.08          71.5             0.01              0                     0
6     12     0.08          71.5             0.0108              0                     0
6     12     0.08          71.5             0.0116              0                     0
6     12     0.08          71.5             0.0124              0                     0
6     12     0.08          71.5             0.0132              0                     0
6     12     0.08          71.5             0.014              0                     0
6     12     0.08          71.5             0.0148              0                     0
6     12     0.08          71.5             0.0156              0                     0
6     12     0.08          71.5             0.0164              0                     0
6     12     0.08          71.5             0.0172              5.09741                     2.08101
6     12     0.08          71.5             0.018              52.6732                     6.6895
6     12     0.08          71.5             0.0188              74.7619                     7.96965
6     12     0.08          71.5             0.0196              141.028                     10.9459
6     12     0.08          71.5             0.0204              166.515                     11.8939
6     12     0.08          71.5             0.0212              161.418                     11.7105
6     12     0.08          71.5             0.022              189.454                     12.6867
6     12     0.08          71.5             0.0228              206.445                     13.2434
6     12     0.08          71.5             0.0236              188.604                     12.6583
6     12     0.08          71.5             0.0244              188.604                     12.6583
6     12     0.08          71.5             0.0252              175.011                     12.1936
6     12     0.08          71.5             0.026              221.737                     13.7252
6     12     0.08          71.5             0.0268              230.233                     13.9856
6     12     0.08          71.5             0.0276              215.79                     13.5399
6     12     0.08          71.5             0.0284              225.985                     13.856
6     12     0.08          71.5             0.0292              198.799                     12.9959
6     12     0.08          71.5             0.03              245.525                     14.4426
6     12     0.08          71.5             0.0308              190.303                     12.7152
6     12     0.08          71.5             0.0316              241.277                     14.3172
6     12     0.08          71.5             0.0324              259.968                     14.8614
6     12     0.08          71.5             0.0332              268.463                     15.1022
6     12     0.08          71.5             0.034              247.224                     14.4925
6     12     0.08          71.5             0.0348              244.675                     14.4176
6     12     0.08          71.5             0.0356              259.118                     14.8371
6     12     0.08          71.5             0.0364              258.269                     14.8127
6     12     0.08          71.5             0.0372              266.764                     15.0544
6     12     0.08          71.5             0.038              266.764                     15.0544
6     12     0.08          71.5             0.0388              257.419                     14.7883
6     12     0.08          71.5             0.0396              248.923                     14.5423
6     12     0.08          71.5             0.0404              274.41                     15.2686
6     12     0.08          71.5             0.0412              235.33                     14.1396
6     12     0.08          71.5             0.042              275.26                     15.2922
6     12     0.08          71.5             0.0428              277.809                     15.3629
6     12     0.08          71.5             0.0436              288.003                     15.6422
6     12     0.08          71.5             0.0444              292.251                     15.7571
6     12     0.08          71.5             0.0452              293.101                     15.78
6     12     0.08          71.5             0.046              283.756                     15.5264
6     12     0.08          71.5             0.0468              341.526                     17.0338
6     12     0.08          71.5             0.0476              338.128                     16.9488
6     12     0.08          71.5             0.0484              340.677                     17.0126
6     12     0.08          71.5             0.0492              360.217                     17.4937
6     12     0.08          71.5             0.05              350.022                     17.2443
6     12     0.08          71.5             0.0508              375.509                     17.8611
6     12     0.08          71.5             0.0516              403.545                     18.5159
6     12     0.08          71.5             0.0524              376.358                     17.8813
6     12     0.08          71.5             0.0532              428.182                     19.0727
6     12     0.08          71.5             0.054              457.917                     19.7239
6     12     0.08          71.5             0.0548              452.82                     19.6138
6     12     0.08          71.5             0.0556              480.855                     20.2119
6     12     0.08          71.5             0.0564              517.387                     20.9656
6     12     0.08          71.5             0.0572              522.484                     21.0686
6     12     0.08          71.5             0.058              517.387                     20.9656
6     12     0.08          71.5             0.0588              496.147                     20.5307
6     12     0.08          71.5             0.0596              483.404                     20.2653
6     12     0.08          71.5             0.0604              468.112                     19.9422
6     12     0.08          71.5             0.0612              489.351                     20.3896
6     12     0.08          71.5             0.062              463.864                     19.8515
6     12     0.08          71.5             0.0628              440.076                     19.3358
6     12     0.08          71.5             0.0636              398.447                     18.3986
6     12     0.08          71.5             0.0644              389.102                     18.1815
6     12     0.08          71.5             0.0652              392.5                     18.2608
6     12     0.08          71.5             0.066              373.81                     17.8207
6     12     0.08          71.5             0.0668              400.996                     18.4573
6     12     0.08          71.5             0.0676              373.81                     17.8207
6     12     0.08          71.5             0.0684              398.447                     18.3986
6     12     0.08          71.5             0.0692              373.81                     17.8207
6     12     0.08          71.5             0.07              356.818                     17.411
6     12     0.08          71.5             0.0708              203.896                     13.1614
6     12     0.08          71.5             0.0716              0                     0
6     12     0.08          71.5             0.0724              0                     0
6     12     0.08          71.5             0.0732              0                     0
6     12     0.08          71.5             0.074              0                     0
6     12     0.08          71.5             0.0748              0                     0
6     12     0.08          71.5             0.0756              0                     0
6     12     0.08          71.5             0.0764              0                     0
6     12     0.08          71.5             0.0772              0                     0
6     12     0.08          71.5             0.078              0                     0
6     12     0.08          71.5             0.0788              0                     0
*******************************************************************************************************
 Average angle 71.4672 +- 0.455844 deg 
 Average E' 0.0309833 +- 0.000197623 GeV 
