0.000e+00 9.85418e-03 2.59353e-03
5.000e+00 1.40819e-02 3.64691e-03
1.000e+01 1.87488e-02 4.83296e-03
1.500e+01 2.40088e-02 6.06554e-03
2.000e+01 2.97133e-02 7.23262e-03
2.500e+01 3.59431e-02 8.30007e-03
3.000e+01 4.12416e-02 9.12132e-03
3.500e+01 4.32175e-02 9.30986e-03
4.000e+01 4.29293e-02 8.94846e-03
4.500e+01 4.14342e-02 8.35525e-03
5.000e+01 3.90660e-02 7.66473e-03
5.500e+01 3.60543e-02 6.93524e-03
6.000e+01 3.27301e-02 6.19194e-03
6.500e+01 2.94045e-02 5.49397e-03
7.000e+01 2.62725e-02 4.85345e-03
7.500e+01 2.33610e-02 4.29158e-03
8.000e+01 2.07232e-02 3.79605e-03
8.500e+01 1.84000e-02 3.36445e-03
9.000e+01 1.64238e-02 2.98787e-03
9.500e+01 1.47663e-02 2.66818e-03
1.000e+02 1.33167e-02 2.41103e-03
1.050e+02 1.20607e-02 2.19731e-03
1.100e+02 1.09515e-02 2.02340e-03
1.150e+02 1.00156e-02 1.86977e-03
1.200e+02 9.26760e-03 1.74183e-03
1.250e+02 8.64694e-03 1.63269e-03
1.300e+02 8.07986e-03 1.54556e-03
1.350e+02 7.56130e-03 1.47429e-03
1.400e+02 7.13942e-03 1.40704e-03
1.450e+02 6.81716e-03 1.34951e-03
1.500e+02 6.57140e-03 1.30278e-03
1.550e+02 6.35381e-03 1.26531e-03
1.600e+02 6.13786e-03 1.23850e-03
1.650e+02 5.96233e-03 1.21768e-03
1.700e+02 5.84456e-03 1.19750e-03
1.750e+02 5.77810e-03 1.17921e-03
1.800e+02 5.72637e-03 1.16228e-03
1.850e+02 5.66235e-03 1.14819e-03
1.900e+02 5.61131e-03 1.13598e-03
1.950e+02 5.58060e-03 1.12431e-03
2.000e+02 5.56605e-03 1.11203e-03
2.050e+02 5.55305e-03 1.09924e-03
2.100e+02 5.52412e-03 1.08747e-03
2.150e+02 5.49805e-03 1.07539e-03
2.200e+02 5.48066e-03 1.06352e-03
2.250e+02 5.47297e-03 1.05108e-03
2.300e+02 5.44673e-03 1.03828e-03
2.350e+02 5.44316e-03 1.02534e-03
2.400e+02 5.42707e-03 1.01240e-03
2.450e+02 5.41677e-03 9.99102e-04
2.500e+02 5.41129e-03 9.85850e-04
2.550e+02 5.40496e-03 9.71653e-04
2.600e+02 5.39073e-03 9.57929e-04
2.650e+02 5.39384e-03 9.43557e-04
2.700e+02 5.39657e-03 9.29091e-04
2.750e+02 5.39985e-03 9.14719e-04
2.800e+02 5.40566e-03 8.99821e-04
2.850e+02 5.41409e-03 8.85472e-04
2.900e+02 5.42914e-03 8.70593e-04
2.950e+02 5.44646e-03 8.55589e-04
3.000e+02 5.46538e-03 8.40842e-04
3.050e+02 5.48658e-03 8.25843e-04
3.100e+02 5.51565e-03 8.10849e-04
3.150e+02 5.54191e-03 7.96161e-04
3.200e+02 5.57159e-03 7.81210e-04
3.250e+02 5.60285e-03 7.66098e-04
3.300e+02 5.63267e-03 7.51990e-04
3.350e+02 5.66400e-03 7.37332e-04
3.400e+02 5.69227e-03 7.23134e-04
3.450e+02 5.71805e-03 7.09132e-04
3.500e+02 5.74214e-03 6.95405e-04
3.550e+02 5.76465e-03 6.81299e-04
3.600e+02 5.78275e-03 6.67364e-04
3.650e+02 5.79481e-03 6.53745e-04
3.700e+02 5.80631e-03 6.40237e-04
3.750e+02 5.81308e-03 6.27026e-04
3.800e+02 5.81594e-03 6.14052e-04
3.850e+02 5.81706e-03 6.01346e-04
3.900e+02 5.81210e-03 5.88881e-04
3.950e+02 5.80395e-03 5.76577e-04
4.000e+02 5.79872e-03 5.64473e-04
4.050e+02 5.79284e-03 5.52647e-04
4.100e+02 5.78050e-03 5.41158e-04
4.150e+02 5.76595e-03 5.29688e-04
4.200e+02 5.74924e-03 5.18470e-04
4.250e+02 5.72346e-03 5.07559e-04
4.300e+02 5.69764e-03 4.96894e-04
4.350e+02 5.67064e-03 4.86262e-04
4.400e+02 5.63948e-03 4.75840e-04
4.450e+02 5.60889e-03 4.65636e-04
4.500e+02 5.58514e-03 4.55559e-04
4.550e+02 5.55553e-03 4.45574e-04
4.600e+02 5.52606e-03 4.35741e-04
4.650e+02 5.49691e-03 4.26139e-04
4.700e+02 5.46780e-03 4.16755e-04
4.750e+02 5.43895e-03 4.07549e-04
4.800e+02 5.41007e-03 3.98551e-04
4.850e+02 5.38098e-03 3.89755e-04
4.900e+02 5.35189e-03 3.81201e-04
4.950e+02 5.32263e-03 3.72915e-04
5.000e+02 5.29326e-03 3.64794e-04
5.050e+02 5.26395e-03 3.56848e-04
5.100e+02 5.23436e-03 3.49099e-04
5.150e+02 5.20457e-03 3.41587e-04
5.200e+02 5.17476e-03 3.34243e-04
5.250e+02 5.14521e-03 3.27059e-04
5.300e+02 5.11537e-03 3.20048e-04
5.350e+02 5.08533e-03 3.13243e-04
5.400e+02 5.05513e-03 3.06588e-04
5.450e+02 5.02494e-03 3.00099e-04
5.500e+02 4.99492e-03 2.93753e-04
5.550e+02 4.96463e-03 2.87575e-04
5.600e+02 4.93421e-03 2.81559e-04
5.650e+02 4.90363e-03 2.75724e-04
5.700e+02 4.87310e-03 2.70021e-04
5.750e+02 4.84255e-03 2.64456e-04
5.800e+02 4.81222e-03 2.59017e-04
5.850e+02 4.78174e-03 2.53719e-04
5.900e+02 4.75125e-03 2.48545e-04
5.950e+02 4.72088e-03 2.43491e-04
6.000e+02 4.69057e-03 2.38549e-04
6.050e+02 4.66033e-03 2.33738e-04
6.100e+02 4.62998e-03 2.29055e-04
6.150e+02 4.59970e-03 2.24488e-04
6.200e+02 4.56962e-03 2.20012e-04
6.250e+02 4.53952e-03 2.15648e-04
6.300e+02 4.50953e-03 2.11393e-04
6.350e+02 4.47958e-03 2.07243e-04
6.400e+02 4.44975e-03 2.03193e-04
6.450e+02 4.41998e-03 1.99246e-04
6.500e+02 4.39025e-03 1.95400e-04
6.550e+02 4.36070e-03 1.91635e-04
6.600e+02 4.33117e-03 1.87961e-04
6.650e+02 4.30185e-03 1.84362e-04
6.700e+02 4.27265e-03 1.80849e-04
6.750e+02 4.24363e-03 1.77405e-04
6.800e+02 4.21469e-03 1.74046e-04
6.850e+02 4.18580e-03 1.70765e-04
6.900e+02 4.15710e-03 1.67558e-04
6.950e+02 4.12856e-03 1.64425e-04
7.000e+02 4.10010e-03 1.61361e-04
7.050e+02 4.07179e-03 1.58364e-04
7.100e+02 4.04363e-03 1.55435e-04
7.150e+02 4.01560e-03 1.52575e-04
7.200e+02 3.98958e-03 1.49772e-04
7.250e+02 3.96191e-03 1.47030e-04
7.300e+02 3.93436e-03 1.44347e-04
7.350e+02 3.90693e-03 1.41726e-04
7.400e+02 3.87958e-03 1.39161e-04
7.450e+02 3.85242e-03 1.36656e-04
7.500e+02 3.82543e-03 1.34199e-04
7.550e+02 3.79860e-03 1.31793e-04
7.600e+02 3.77192e-03 1.29441e-04
7.650e+02 3.74531e-03 1.27138e-04
7.700e+02 3.71893e-03 1.24886e-04
7.750e+02 3.69275e-03 1.22676e-04
7.800e+02 3.66052e-03 1.20521e-04
7.850e+02 3.63464e-03 1.18405e-04
7.900e+02 3.60891e-03 1.16334e-04
7.950e+02 3.58325e-03 1.14304e-04
8.000e+02 3.55785e-03 1.12317e-04
8.050e+02 3.53262e-03 1.10369e-04
8.100e+02 3.50757e-03 1.08459e-04
8.150e+02 3.48276e-03 1.06585e-04
8.200e+02 3.45798e-03 1.04749e-04
8.250e+02 3.43337e-03 1.02951e-04
8.300e+02 3.40899e-03 1.01189e-04
8.350e+02 3.38480e-03 9.94623e-05
8.400e+02 3.36077e-03 9.77685e-05
8.450e+02 3.33691e-03 9.61071e-05
8.500e+02 3.31308e-03 9.44788e-05
8.550e+02 3.28951e-03 9.28818e-05
8.600e+02 3.26615e-03 9.13138e-05
8.650e+02 3.24294e-03 8.97818e-05
8.700e+02 3.21986e-03 8.82774e-05
8.750e+02 3.19690e-03 8.67994e-05
8.800e+02 3.17421e-03 8.53482e-05
8.850e+02 3.15167e-03 8.39273e-05
8.900e+02 3.12930e-03 8.25350e-05
8.950e+02 3.10710e-03 8.11677e-05
9.000e+02 3.08507e-03 7.98251e-05
9.050e+02 3.06311e-03 7.85099e-05
9.100e+02 3.04138e-03 7.72197e-05
9.150e+02 3.01983e-03 7.59527e-05
9.200e+02 2.99844e-03 7.47087e-05
9.250e+02 2.97723e-03 7.34879e-05
9.300e+02 2.95614e-03 7.22896e-05
9.350e+02 2.93526e-03 7.11119e-05
9.400e+02 2.91455e-03 6.99562e-05
9.450e+02 2.89401e-03 6.88208e-05
9.500e+02 2.87363e-03 6.77058e-05
9.550e+02 2.85335e-03 6.66126e-05
9.600e+02 2.83326e-03 6.55389e-05
9.650e+02 2.81333e-03 6.44848e-05
9.700e+02 2.79355e-03 6.34507e-05
9.750e+02 2.77393e-03 6.24351e-05
9.800e+02 2.75446e-03 6.14374e-05
9.850e+02 2.73512e-03 6.04589e-05
9.900e+02 2.71594e-03 5.94978e-05
9.950e+02 2.69692e-03 5.85546e-05
1.000e+03 2.67806e-03 5.76264e-05
