*******************************************************************************************************
Z     A     E(GeV)     Theta(deg)     Energy Loss(GeV)     Sigma(nb/sr/GeV)     ERROR     Citation     
*******************************************************************************************************
6     12     0.12          128             0.0006              2.15159                     0.219595
6     12     0.12          128             0.0018              2.39812                     0.231835
6     12     0.12          128             0.003              3.29462                     0.271735
6     12     0.12          128             0.0042              3.92216                     0.296487
6     12     0.12          128             0.0054              4.19111                     0.306484
6     12     0.12          128             0.0066              4.48247                     0.316958
6     12     0.12          128             0.0078              5.24449                     0.342843
6     12     0.12          128             0.009              5.37896                     0.347211
6     12     0.12          128             0.0102              6.63405                     0.385597
6     12     0.12          128             0.0114              6.52199                     0.382326
6     12     0.12          128             0.0126              6.79094                     0.390129
6     12     0.12          128             0.0138              7.19436                     0.40155
6     12     0.12          128             0.015              7.19436                     0.40155
6     12     0.12          128             0.0162              7.37366                     0.406523
6     12     0.12          128             0.0174              7.59779                     0.412655
6     12     0.12          128             0.0186              6.67888                     0.386897
6     12     0.12          128             0.0198              8.00121                     0.423469
6     12     0.12          128             0.021              6.88059                     0.392696
6     12     0.12          128             0.0222              6.29787                     0.375699
6     12     0.12          128             0.0234              7.19436                     0.40155
6     12     0.12          128             0.0246              7.57537                     0.412046
6     12     0.12          128             0.0258              7.37366                     0.406523
6     12     0.12          128             0.027              7.03748                     0.397148
6     12     0.12          128             0.0282              7.05989                     0.39778
6     12     0.12          128             0.0294              6.903                     0.393335
6     12     0.12          128             0.0306              6.99265                     0.395881
6     12     0.12          128             0.0318              6.76853                     0.389485
6     12     0.12          128             0.033              7.21678                     0.402175
6     12     0.12          128             0.0342              7.0823                     0.398411
6     12     0.12          128             0.0354              7.12713                     0.399669
6     12     0.12          128             0.0366              6.25304                     0.37436
6     12     0.12          128             0.0378              6.65647                     0.386247
6     12     0.12          128             0.039              6.97024                     0.395246
6     12     0.12          128             0.0402              5.9841                     0.366221
6     12     0.12          128             0.0414              5.58067                     0.353661
6     12     0.12          128             0.0426              5.2669                     0.343575
6     12     0.12          128             0.0438              5.0876                     0.337676
6     12     0.12          128             0.045              5.78239                     0.359996
6     12     0.12          128             0.0462              5.46861                     0.350092
6     12     0.12          128             0.0474              4.61694                     0.321678
6     12     0.12          128             0.0486              4.57212                     0.320112
6     12     0.12          128             0.0498              4.32558                     0.311362
6     12     0.12          128             0.051              4.07905                     0.302359
6     12     0.12          128             0.0522              3.96699                     0.298177
6     12     0.12          128             0.0534              3.56356                     0.282609
6     12     0.12          128             0.0546              3.40668                     0.276318
6     12     0.12          128             0.0558              3.11532                     0.264238
6     12     0.12          128             0.057              2.95843                     0.257498
6     12     0.12          128             0.0582              2.89119                     0.254555
6     12     0.12          128             0.0594              2.66707                     0.24449
6     12     0.12          128             0.0606              2.24123                     0.224123
6     12     0.12          128             0.0618              2.51018                     0.23719
6     12     0.12          128             0.063              2.12917                     0.218449
6     12     0.12          128             0.0642              1.92746                     0.207844
6     12     0.12          128             0.0654              1.36715                     0.175046
6     12     0.12          128             0.0666              1.61369                     0.190175
6     12     0.12          128             0.0678              1.56886                     0.187515
6     12     0.12          128             0.069              0.291361                     0.0808089
6     12     0.12          128             0.0702              0                     0
6     12     0.12          128             0.0714              0                     0
6     12     0.12          128             0.0726              0                     0
6     12     0.12          128             0.0738              0                     0
6     12     0.12          128             0.075              0                     0
6     12     0.12          128             0.0762              0                     0
6     12     0.12          128             0.0774              0                     0
6     12     0.12          128             0.0786              0                     0
6     12     0.12          128             0.0798              0                     0
6     12     0.12          128             0.081              0                     0
6     12     0.12          128             0.0822              0                     0
6     12     0.12          128             0.0834              0                     0
6     12     0.12          128             0.0846              0                     0
6     12     0.12          128             0.0858              0                     0
6     12     0.12          128             0.087              0                     0
6     12     0.12          128             0.0882              0                     0
6     12     0.12          128             0.0894              0                     0
6     12     0.12          128             0.0906              0                     0
6     12     0.12          128             0.0918              0                     0
6     12     0.12          128             0.093              0                     0
6     12     0.12          128             0.0942              0                     0
6     12     0.12          128             0.0954              0                     0
6     12     0.12          128             0.0966              0                     0
6     12     0.12          128             0.0978              0                     0
6     12     0.12          128             0.099              0                     0
6     12     0.12          128             0.1002              0                     0
6     12     0.12          128             0.1014              0                     0
6     12     0.12          128             0.1026              0                     0
6     12     0.12          128             0.1038              0                     0
6     12     0.12          128             0.105              0                     0
6     12     0.12          128             0.1062              0                     0
6     12     0.12          128             0.1074              0                     0
6     12     0.12          128             0.1086              0                     0
6     12     0.12          128             0.1098              0                     0
6     12     0.12          128             0.111              0                     0
6     12     0.12          128             0.1122              0                     0
6     12     0.12          128             0.1134              0                     0
6     12     0.12          128             0.1146              0                     0
6     12     0.12          128             0.1158              0                     0
6     12     0.12          128             0.117              0                     0
6     12     0.12          128             0.1182              0                     0
*******************************************************************************************************
 Average angle 128.491 +- 1.12298 deg 
 Average E' 0.0896691 +- 0.000783682 GeV 
