*******************************************************************************************************
Z     A     E(GeV)     Theta(deg)     Energy Loss(GeV)     Sigma(nb/sr/GeV)     ERROR     Citation     
*******************************************************************************************************
6     12     0.16          100             0.0008              2.96617                     0.28542
6     12     0.16          100             0.0024              4.00982                     0.331855
6     12     0.16          100             0.004              5.74009                     0.39705
6     12     0.16          100             0.0056              6.48163                     0.421918
6     12     0.16          100             0.0072              8.34921                     0.47886
6     12     0.16          100             0.0088              8.43161                     0.481217
6     12     0.16          100             0.0104              10.1893                     0.529004
6     12     0.16          100             0.012              11.7274                     0.567526
6     12     0.16          100             0.0136              12.2492                     0.580015
6     12     0.16          100             0.0152              12.6062                     0.588408
6     12     0.16          100             0.0168              13.1006                     0.599834
6     12     0.16          100             0.0184              14.0893                     0.622058
6     12     0.16          100             0.02              14.3914                     0.628692
6     12     0.16          100             0.0216              15.0506                     0.642928
6     12     0.16          100             0.0232              15.1604                     0.64527
6     12     0.16          100             0.0248              16.1491                     0.665979
6     12     0.16          100             0.0264              15.8196                     0.659149
6     12     0.16          100             0.028              15.3527                     0.649349
6     12     0.16          100             0.0296              14.2266                     0.625082
6     12     0.16          100             0.0312              15.4625                     0.651668
6     12     0.16          100             0.0328              16.8083                     0.679435
6     12     0.16          100             0.0344              16.1491                     0.665979
6     12     0.16          100             0.036              16.6984                     0.677211
6     12     0.16          100             0.0376              16.1766                     0.666545
6     12     0.16          100             0.0392              14.0344                     0.620844
6     12     0.16          100             0.0408              14.9682                     0.641166
6     12     0.16          100             0.0424              15.2153                     0.646438
6     12     0.16          100             0.044              14.2816                     0.626287
6     12     0.16          100             0.0456              15.1879                     0.645854
6     12     0.16          100             0.0472              13.0731                     0.599205
6     12     0.16          100             0.0488              12.8809                     0.594783
6     12     0.16          100             0.0504              12.0569                     0.575446
6     12     0.16          100             0.052              11.4527                     0.560841
6     12     0.16          100             0.0536              11.5626                     0.563525
6     12     0.16          100             0.0552              10.9309                     0.547916
6     12     0.16          100             0.0568              10.4365                     0.535382
6     12     0.16          100             0.0584              9.8323                     0.519653
6     12     0.16          100             0.06              10.1344                     0.527576
6     12     0.16          100             0.0616              9.77737                     0.5182
6     12     0.16          100             0.0632              8.78865                     0.4913
6     12     0.16          100             0.0648              7.88232                     0.465279
6     12     0.16          100             0.0664              6.67388                     0.42813
6     12     0.16          100             0.068              6.75627                     0.430764
6     12     0.16          100             0.0696              5.9598                     0.404578
6     12     0.16          100             0.0712              5.4929                     0.388407
6     12     0.16          100             0.0728              5.21826                     0.378572
6     12     0.16          100             0.0744              4.66897                     0.358094
6     12     0.16          100             0.076              4.28447                     0.343032
6     12     0.16          100             0.0776              4.09221                     0.335247
6     12     0.16          100             0.0792              3.98236                     0.330717
6     12     0.16          100             0.0808              3.46053                     0.308289
6     12     0.16          100             0.0824              2.60913                     0.267691
6     12     0.16          100             0.084              2.91124                     0.282765
6     12     0.16          100             0.0856              2.96617                     0.28542
6     12     0.16          100             0.0872              2.03237                     0.236259
6     12     0.16          100             0.0888              1.89505                     0.228137
6     12     0.16          100             0.0904              2.0873                     0.23943
6     12     0.16          100             0.092              1.84012                     0.224807
6     12     0.16          100             0.0936              1.97745                     0.233044
6     12     0.16          100             0.0952              1.53801                     0.205526
6     12     0.16          100             0.0968              1.40069                     0.196136
6     12     0.16          100             0.0984              1.40069                     0.196136
6     12     0.16          100             0.1              1.64787                     0.212739
6     12     0.16          100             0.1016              1.42816                     0.198049
6     12     0.16          100             0.1032              1.34576                     0.192252
6     12     0.16          100             0.1048              1.15351                     0.17799
6     12     0.16          100             0.1064              0.54929                     0.122825
6     12     0.16          100             0.108              0.0274645                     0.0274645
6     12     0.16          100             0.1096              0                     0
6     12     0.16          100             0.1112              0                     0
6     12     0.16          100             0.1128              0                     0
6     12     0.16          100             0.1144              0                     0
6     12     0.16          100             0.116              0                     0
6     12     0.16          100             0.1176              0                     0
6     12     0.16          100             0.1192              0                     0
6     12     0.16          100             0.1208              0                     0
6     12     0.16          100             0.1224              0                     0
6     12     0.16          100             0.124              0                     0
6     12     0.16          100             0.1256              0                     0
6     12     0.16          100             0.1272              0                     0
6     12     0.16          100             0.1288              0                     0
6     12     0.16          100             0.1304              0                     0
6     12     0.16          100             0.132              0                     0
6     12     0.16          100             0.1336              0                     0
6     12     0.16          100             0.1352              0                     0
6     12     0.16          100             0.1368              0                     0
6     12     0.16          100             0.1384              0                     0
6     12     0.16          100             0.14              0                     0
6     12     0.16          100             0.1416              0                     0
6     12     0.16          100             0.1432              0                     0
6     12     0.16          100             0.1448              0                     0
6     12     0.16          100             0.1464              0                     0
6     12     0.16          100             0.148              0                     0
6     12     0.16          100             0.1496              0                     0
6     12     0.16          100             0.1512              0                     0
6     12     0.16          100             0.1528              0                     0
6     12     0.16          100             0.1544              0                     0
6     12     0.16          100             0.156              0                     0
6     12     0.16          100             0.1576              0                     0
*******************************************************************************************************
 Average angle 99.9683 +- 0.688341 deg 
 Average E' 0.119789 +- 0.000824819 GeV 
