*******************************************************************************************************
Z     A     E(GeV)     Theta(deg)     Energy Loss(GeV)     Sigma(nb/sr/GeV)     ERROR     Citation     
*******************************************************************************************************
6     12     0.48          30.6667             0.0024              47.1754                     1.5528
6     12     0.48          30.6667             0.0072              86.173                     2.09866
6     12     0.48          30.6667             0.012              125.273                     2.53038
6     12     0.48          30.6667             0.0168              157.984                     2.8416
6     12     0.48          30.6667             0.0216              180.984                     3.04142
6     12     0.48          30.6667             0.0264              188.702                     3.10559
6     12     0.48          30.6667             0.0312              194.017                     3.14903
6     12     0.48          30.6667             0.036              206.437                     3.24826
6     12     0.48          30.6667             0.0408              206.13                     3.24585
6     12     0.48          30.6667             0.0456              196.47                     3.16888
6     12     0.48          30.6667             0.0504              193.966                     3.14862
6     12     0.48          30.6667             0.0552              185.839                     3.08195
6     12     0.48          30.6667             0.06              162.686                     2.88358
6     12     0.48          30.6667             0.0648              155.786                     2.82177
6     12     0.48          30.6667             0.0696              131.151                     2.58906
6     12     0.48          30.6667             0.0744              120.877                     2.48559
6     12     0.48          30.6667             0.0792              104.266                     2.30849
6     12     0.48          30.6667             0.084              88.4219                     2.12587
6     12     0.48          30.6667             0.0888              78.1997                     1.99921
6     12     0.48          30.6667             0.0936              63.8375                     1.80632
6     12     0.48          30.6667             0.0984              54.9442                     1.67578
6     12     0.48          30.6667             0.1032              43.6998                     1.4945
6     12     0.48          30.6667             0.108              38.4865                     1.40253
6     12     0.48          30.6667             0.1128              28.111                     1.19866
6     12     0.48          30.6667             0.1176              25.7599                     1.14744
6     12     0.48          30.6667             0.1224              23.1532                     1.08783
6     12     0.48          30.6667             0.1272              16.7133                     0.924246
6     12     0.48          30.6667             0.132              16.2533                     0.911438
6     12     0.48          30.6667             0.1368              12.5733                     0.801643
6     12     0.48          30.6667             0.1416              12.6755                     0.804896
6     12     0.48          30.6667             0.1464              11.6533                     0.771758
6     12     0.48          30.6667             0.1512              10.0689                     0.717376
6     12     0.48          30.6667             0.156              9.76219                     0.706367
6     12     0.48          30.6667             0.1608              9.71107                     0.704515
6     12     0.48          30.6667             0.1656              9.91552                     0.711893
6     12     0.48          30.6667             0.1704              9.40441                     0.693302
6     12     0.48          30.6667             0.1752              7.61553                     0.623888
6     12     0.48          30.6667             0.18              7.81997                     0.632207
6     12     0.48          30.6667             0.1848              9.04663                     0.679987
6     12     0.48          30.6667             0.1896              8.73997                     0.668362
6     12     0.48          30.6667             0.1944              9.45552                     0.695184
6     12     0.48          30.6667             0.1992              10.0689                     0.717376
6     12     0.48          30.6667             0.204              9.8133                     0.708214
6     12     0.48          30.6667             0.2088              9.50663                     0.69706
6     12     0.48          30.6667             0.2136              10.3244                     0.726423
6     12     0.48          30.6667             0.2184              11.0911                     0.752911
6     12     0.48          30.6667             0.2232              11.04                     0.751174
6     12     0.48          30.6667             0.228              13.2888                     0.824139
6     12     0.48          30.6667             0.2328              11.04                     0.751174
6     12     0.48          30.6667             0.2376              10.4777                     0.731797
6     12     0.48          30.6667             0.2424              10.7333                     0.740668
6     12     0.48          30.6667             0.2472              11.2955                     0.759818
6     12     0.48          30.6667             0.252              11.04                     0.751174
6     12     0.48          30.6667             0.2568              11.3977                     0.763249
6     12     0.48          30.6667             0.2616              10.4266                     0.73001
6     12     0.48          30.6667             0.2664              11.5511                     0.768366
6     12     0.48          30.6667             0.2712              9.76219                     0.706367
6     12     0.48          30.6667             0.276              11.1933                     0.756373
6     12     0.48          30.6667             0.2808              10.5288                     0.73358
6     12     0.48          30.6667             0.2856              11.7044                     0.773449
6     12     0.48          30.6667             0.2904              9.45552                     0.695184
6     12     0.48          30.6667             0.2952              10.5288                     0.73358
6     12     0.48          30.6667             0.3              10.2222                     0.722818
6     12     0.48          30.6667             0.3048              9.71107                     0.704515
6     12     0.48          30.6667             0.3096              9.50663                     0.69706
6     12     0.48          30.6667             0.3144              10.3755                     0.728218
6     12     0.48          30.6667             0.3192              9.96663                     0.713725
6     12     0.48          30.6667             0.324              7.81997                     0.632207
6     12     0.48          30.6667             0.3288              6.43998                     0.573719
6     12     0.48          30.6667             0.3336              5.97998                     0.552849
6     12     0.48          30.6667             0.3384              2.70888                     0.372093
6     12     0.48          30.6667             0.3432              0.408887                     0.144564
6     12     0.48          30.6667             0.348              0                     0
6     12     0.48          30.6667             0.3528              0                     0
6     12     0.48          30.6667             0.3576              0                     0
6     12     0.48          30.6667             0.3624              0                     0
6     12     0.48          30.6667             0.3672              0                     0
6     12     0.48          30.6667             0.372              0                     0
6     12     0.48          30.6667             0.3768              0                     0
6     12     0.48          30.6667             0.3816              0                     0
6     12     0.48          30.6667             0.3864              0                     0
6     12     0.48          30.6667             0.3912              0                     0
6     12     0.48          30.6667             0.396              0                     0
6     12     0.48          30.6667             0.4008              0                     0
6     12     0.48          30.6667             0.4056              0                     0
6     12     0.48          30.6667             0.4104              0                     0
6     12     0.48          30.6667             0.4152              0                     0
6     12     0.48          30.6667             0.42              0                     0
6     12     0.48          30.6667             0.4248              0                     0
6     12     0.48          30.6667             0.4296              0                     0
6     12     0.48          30.6667             0.4344              0                     0
6     12     0.48          30.6667             0.4392              0                     0
6     12     0.48          30.6667             0.444              0                     0
6     12     0.48          30.6667             0.4488              0                     0
6     12     0.48          30.6667             0.4536              0                     0
6     12     0.48          30.6667             0.4584              0                     0
6     12     0.48          30.6667             0.4632              0                     0
6     12     0.48          30.6667             0.468              0                     0
6     12     0.48          30.6667             0.4728              0                     0
*******************************************************************************************************
 Average angle 30.6105 +- 0.116159 deg 
 Average E' 0.407102 +- 0.00154485 GeV 
