*******************************************************************************************************
Z     A     E(GeV)     Theta(deg)     Energy Loss(GeV)     Sigma(nb/sr/GeV)     ERROR     Citation     
*******************************************************************************************************
6     12     1          10             0.005              0                     0
6     12     1          10             0.015              0                     0
6     12     1          10             0.025              0                     0
6     12     1          10             0.035              0                     0
6     12     1          10             0.045              0                     0
6     12     1          10             0.055              0                     0
6     12     1          10             0.065              0                     0
6     12     1          10             0.075              0                     0
6     12     1          10             0.085              0                     0
6     12     1          10             0.095              0                     0
6     12     1          10             0.105              0                     0
6     12     1          10             0.115              0                     0
6     12     1          10             0.125              0                     0
6     12     1          10             0.135              0                     0
6     12     1          10             0.145              0                     0
6     12     1          10             0.155              0                     0
6     12     1          10             0.165              0                     0
6     12     1          10             0.175              0                     0
6     12     1          10             0.185              0.673075                     0.475936
6     12     1          10             0.195              1.00961                     0.5829
6     12     1          10             0.205              1.34615                     0.673075
6     12     1          10             0.215              3.36538                     1.06423
6     12     1          10             0.225              2.6923                     0.951872
6     12     1          10             0.235              8.41344                     1.68269
6     12     1          10             0.245              5.72114                     1.38758
6     12     1          10             0.255              10.0961                     1.84329
6     12     1          10             0.265              15.4807                     2.28251
6     12     1          10             0.275              21.5384                     2.6923
6     12     1          10             0.285              21.5384                     2.6923
6     12     1          10             0.295              30.2884                     3.19268
6     12     1          10             0.305              37.6922                     3.56158
6     12     1          10             0.315              54.8556                     4.29662
6     12     1          10             0.325              49.1345                     4.0664
6     12     1          10             0.335              58.5575                     4.43924
6     12     1          10             0.345              55.5287                     4.3229
6     12     1          10             0.355              55.5287                     4.3229
6     12     1          10             0.365              52.1633                     4.18986
6     12     1          10             0.375              55.8652                     4.33598
6     12     1          10             0.385              44.423                     3.86652
6     12     1          10             0.395              41.7307                     3.74752
6     12     1          10             0.405              38.3653                     3.59324
6     12     1          10             0.415              28.6057                     3.10272
6     12     1          10             0.425              27.2595                     3.02884
6     12     1          10             0.435              17.1634                     2.40336
6     12     1          10             0.445              15.1442                     2.25756
6     12     1          10             0.455              10.7692                     1.90374
6     12     1          10             0.465              8.74998                     1.71601
6     12     1          10             0.475              8.74998                     1.71601
6     12     1          10             0.485              2.01923                     0.824345
6     12     1          10             0.495              2.6923                     0.951872
6     12     1          10             0.505              0                     0
6     12     1          10             0.515              0                     0
6     12     1          10             0.525              0                     0
6     12     1          10             0.535              0                     0
6     12     1          10             0.545              0                     0
6     12     1          10             0.555              0                     0
6     12     1          10             0.565              0                     0
6     12     1          10             0.575              0                     0
6     12     1          10             0.585              0                     0
6     12     1          10             0.595              0                     0
6     12     1          10             0.605              0                     0
6     12     1          10             0.615              0                     0
6     12     1          10             0.625              0                     0
6     12     1          10             0.635              0                     0
6     12     1          10             0.645              0                     0
6     12     1          10             0.655              0                     0
6     12     1          10             0.665              0                     0
6     12     1          10             0.675              0                     0
6     12     1          10             0.685              0                     0
6     12     1          10             0.695              0                     0
6     12     1          10             0.705              0                     0
6     12     1          10             0.715              0                     0
6     12     1          10             0.725              0                     0
6     12     1          10             0.735              0                     0
6     12     1          10             0.745              0                     0
6     12     1          10             0.755              0                     0
6     12     1          10             0.765              0                     0
6     12     1          10             0.775              0                     0
6     12     1          10             0.785              0                     0
6     12     1          10             0.795              0                     0
6     12     1          10             0.805              0                     0
6     12     1          10             0.815              0                     0
6     12     1          10             0.825              0                     0
6     12     1          10             0.835              0                     0
6     12     1          10             0.845              0                     0
6     12     1          10             0.855              0                     0
6     12     1          10             0.865              0                     0
6     12     1          10             0.875              0                     0
6     12     1          10             0.885              0                     0
6     12     1          10             0.895              0                     0
6     12     1          10             0.905              0                     0
6     12     1          10             0.915              0                     0
6     12     1          10             0.925              0                     0
6     12     1          10             0.935              0                     0
6     12     1          10             0.945              0                     0
6     12     1          10             0.955              0                     0
6     12     1          10             0.965              0                     0
6     12     1          10             0.975              0                     0
6     12     1          10             0.985              0                     0
*******************************************************************************************************
 Average angle 10.7881 +- 0.223064 deg 
 Average E' 0.646238 +- 0.0133622 GeV 
