*******************************************************************************************************
Z     A     E(GeV)     Theta(deg)     Energy Loss(GeV)     Sigma(nb/sr/GeV)     ERROR     Citation     
*******************************************************************************************************
6     12     0.16          68             0.0008              31.0092                     0.951096
6     12     0.16          68             0.0024              40.2274                     1.08328
6     12     0.16          68             0.004              50.6708                     1.21579
6     12     0.16          68             0.0056              55.2507                     1.26954
6     12     0.16          68             0.0072              63.9729                     1.36608
6     12     0.16          68             0.0088              66.9776                     1.3978
6     12     0.16          68             0.0104              74.5913                     1.47511
6     12     0.16          68             0.012              80.1631                     1.52921
6     12     0.16          68             0.0136              84.568                     1.57066
6     12     0.16          68             0.0152              85.6181                     1.58038
6     12     0.16          68             0.0168              90.869                     1.62812
6     12     0.16          68             0.0184              91.9192                     1.6375
6     12     0.16          68             0.02              88.3894                     1.60575
6     12     0.16          68             0.0216              88.4769                     1.60655
6     12     0.16          68             0.0232              82.2634                     1.54911
6     12     0.16          68             0.0248              81.5925                     1.54278
6     12     0.16          68             0.0264              79.9005                     1.5267
6     12     0.16          68             0.028              76.8375                     1.49715
6     12     0.16          68             0.0296              72.3743                     1.45302
6     12     0.16          68             0.0312              70.3323                     1.43237
6     12     0.16          68             0.0328              69.3697                     1.42254
6     12     0.16          68             0.0344              64.9356                     1.37632
6     12     0.16          68             0.036              62.0476                     1.34537
6     12     0.16          68             0.0376              59.393                     1.31627
6     12     0.16          68             0.0392              57.6427                     1.29673
6     12     0.16          68             0.0408              51.4292                     1.22485
6     12     0.16          68             0.0424              49.0663                     1.19638
6     12     0.16          68             0.044              46.1784                     1.16064
6     12     0.16          68             0.0456              42.7945                     1.11731
6     12     0.16          68             0.0472              41.7151                     1.10313
6     12     0.16          68             0.0488              35.8225                     1.02225
6     12     0.16          68             0.0504              36.0851                     1.02599
6     12     0.16          68             0.052              32.2636                     0.970142
6     12     0.16          68             0.0536              28.0921                     0.905255
6     12     0.16          68             0.0552              28.5297                     0.912278
6     12     0.16          68             0.0568              22.5495                     0.81105
6     12     0.16          68             0.0584              15.7234                     0.677255
6     12     0.16          68             0.06              10.3559                     0.549632
6     12     0.16          68             0.0616              5.48423                     0.399978
6     12     0.16          68             0.0632              1.45857                     0.206273
6     12     0.16          68             0.0648              0                     0
6     12     0.16          68             0.0664              0                     0
6     12     0.16          68             0.068              0                     0
6     12     0.16          68             0.0696              0                     0
6     12     0.16          68             0.0712              0                     0
6     12     0.16          68             0.0728              0                     0
6     12     0.16          68             0.0744              0                     0
6     12     0.16          68             0.076              0                     0
6     12     0.16          68             0.0776              0                     0
6     12     0.16          68             0.0792              0                     0
6     12     0.16          68             0.0808              0                     0
6     12     0.16          68             0.0824              0                     0
6     12     0.16          68             0.084              0                     0
6     12     0.16          68             0.0856              0                     0
6     12     0.16          68             0.0872              0                     0
6     12     0.16          68             0.0888              0                     0
6     12     0.16          68             0.0904              0                     0
6     12     0.16          68             0.092              0                     0
6     12     0.16          68             0.0936              0                     0
6     12     0.16          68             0.0952              0                     0
6     12     0.16          68             0.0968              0                     0
6     12     0.16          68             0.0984              0                     0
6     12     0.16          68             0.1              0                     0
6     12     0.16          68             0.1016              0                     0
6     12     0.16          68             0.1032              0                     0
6     12     0.16          68             0.1048              0                     0
6     12     0.16          68             0.1064              0                     0
6     12     0.16          68             0.108              0                     0
6     12     0.16          68             0.1096              0                     0
6     12     0.16          68             0.1112              0                     0
6     12     0.16          68             0.1128              0                     0
6     12     0.16          68             0.1144              0                     0
6     12     0.16          68             0.116              0                     0
6     12     0.16          68             0.1176              0                     0
6     12     0.16          68             0.1192              0                     0
6     12     0.16          68             0.1208              0                     0
6     12     0.16          68             0.1224              0                     0
6     12     0.16          68             0.124              0                     0
6     12     0.16          68             0.1256              0                     0
6     12     0.16          68             0.1272              0                     0
6     12     0.16          68             0.1288              0                     0
6     12     0.16          68             0.1304              0                     0
6     12     0.16          68             0.132              0                     0
6     12     0.16          68             0.1336              0                     0
6     12     0.16          68             0.1352              0                     0
6     12     0.16          68             0.1368              0                     0
6     12     0.16          68             0.1384              0                     0
6     12     0.16          68             0.14              0                     0
6     12     0.16          68             0.1416              0                     0
6     12     0.16          68             0.1432              0                     0
6     12     0.16          68             0.1448              0                     0
6     12     0.16          68             0.1464              0                     0
6     12     0.16          68             0.148              0                     0
6     12     0.16          68             0.1496              0                     0
6     12     0.16          68             0.1512              0                     0
6     12     0.16          68             0.1528              0                     0
6     12     0.16          68             0.1544              0                     0
6     12     0.16          68             0.156              0                     0
6     12     0.16          68             0.1576              0                     0
*******************************************************************************************************
 Average angle 67.9724 +- 0.246567 deg 
 Average E' 0.133731 +- 0.000485105 GeV 
