*******************************************************************************************************
Z     A     E(GeV)     Theta(deg)     Energy Loss(GeV)     Sigma(nb/sr/GeV)     ERROR     Citation     
*******************************************************************************************************
6     12     0.4          45.6667             0.002              3.10651                     0.35402
6     12     0.4          45.6667             0.006              8.71436                     0.592937
6     12     0.4          45.6667             0.01              15.6536                     0.79469
6     12     0.4          45.6667             0.014              21.1807                     0.924404
6     12     0.4          45.6667             0.018              26.1431                     1.027
6     12     0.4          45.6667             0.022              31.1458                     1.12096
6     12     0.4          45.6667             0.026              34.6557                     1.18244
6     12     0.4          45.6667             0.03              39.6181                     1.26426
6     12     0.4          45.6667             0.034              43.7735                     1.32891
6     12     0.4          45.6667             0.038              48.5745                     1.39989
6     12     0.4          45.6667             0.042              47.5256                     1.3847
6     12     0.4          45.6667             0.046              54.1824                     1.4785
6     12     0.4          45.6667             0.05              53.2948                     1.46634
6     12     0.4          45.6667             0.054              56.603                     1.51116
6     12     0.4          45.6667             0.058              50.1883                     1.42296
6     12     0.4          45.6667             0.062              54.0613                     1.47684
6     12     0.4          45.6667             0.066              49.8252                     1.4178
6     12     0.4          45.6667             0.07              46.2749                     1.36636
6     12     0.4          45.6667             0.074              46.4766                     1.36933
6     12     0.4          45.6667             0.078              44.7418                     1.34353
6     12     0.4          45.6667             0.082              39.7391                     1.26619
6     12     0.4          45.6667             0.086              35.5837                     1.19816
6     12     0.4          45.6667             0.09              33.0823                     1.15528
6     12     0.4          45.6667             0.094              30.8634                     1.11587
6     12     0.4          45.6667             0.098              25.2152                     1.00861
6     12     0.4          45.6667             0.102              25.4572                     1.01344
6     12     0.4          45.6667             0.106              20.3739                     0.906625
6     12     0.4          45.6667             0.11              18.3566                     0.860573
6     12     0.4          45.6667             0.114              16.3798                     0.812915
6     12     0.4          45.6667             0.118              14.9274                     0.776038
6     12     0.4          45.6667             0.122              11.9419                     0.694109
6     12     0.4          45.6667             0.126              12.0629                     0.697618
6     12     0.4          45.6667             0.13              8.79505                     0.595676
6     12     0.4          45.6667             0.134              8.31092                     0.579049
6     12     0.4          45.6667             0.138              7.42335                     0.547256
6     12     0.4          45.6667             0.142              6.09199                     0.495759
6     12     0.4          45.6667             0.146              5.20441                     0.458223
6     12     0.4          45.6667             0.15              6.65681                     0.518232
6     12     0.4          45.6667             0.154              5.04304                     0.451063
6     12     0.4          45.6667             0.158              4.5589                     0.428866
6     12     0.4          45.6667             0.162              4.63959                     0.432644
6     12     0.4          45.6667             0.166              4.43787                     0.423134
6     12     0.4          45.6667             0.17              4.15546                     0.40945
6     12     0.4          45.6667             0.174              3.5503                     0.378463
6     12     0.4          45.6667             0.178              3.83271                     0.393227
6     12     0.4          45.6667             0.182              4.59925                     0.430759
6     12     0.4          45.6667             0.186              4.07477                     0.405455
6     12     0.4          45.6667             0.19              2.90479                     0.342333
6     12     0.4          45.6667             0.194              4.15546                     0.40945
6     12     0.4          45.6667             0.198              4.03443                     0.403443
6     12     0.4          45.6667             0.202              4.03443                     0.403443
6     12     0.4          45.6667             0.206              3.5503                     0.378463
6     12     0.4          45.6667             0.21              3.95374                     0.399388
6     12     0.4          45.6667             0.214              4.19581                     0.411433
6     12     0.4          45.6667             0.218              4.19581                     0.411433
6     12     0.4          45.6667             0.222              4.72028                     0.43639
6     12     0.4          45.6667             0.226              4.76063                     0.438251
6     12     0.4          45.6667             0.23              5.60786                     0.475652
6     12     0.4          45.6667             0.234              4.07477                     0.405455
6     12     0.4          45.6667             0.238              4.67994                     0.434521
6     12     0.4          45.6667             0.242              4.96235                     0.44744
6     12     0.4          45.6667             0.246              4.76063                     0.438251
6     12     0.4          45.6667             0.25              5.52717                     0.472218
6     12     0.4          45.6667             0.254              4.03443                     0.403443
6     12     0.4          45.6667             0.258              4.5589                     0.428866
6     12     0.4          45.6667             0.262              4.88166                     0.443787
6     12     0.4          45.6667             0.266              4.35718                     0.41927
6     12     0.4          45.6667             0.27              5.00269                     0.449255
6     12     0.4          45.6667             0.274              5.20441                     0.458223
6     12     0.4          45.6667             0.278              4.51856                     0.426964
6     12     0.4          45.6667             0.282              4.31684                     0.417325
6     12     0.4          45.6667             0.286              5.00269                     0.449255
6     12     0.4          45.6667             0.29              5.52717                     0.472218
6     12     0.4          45.6667             0.294              5.93061                     0.489148
6     12     0.4          45.6667             0.298              4.67994                     0.434521
6     12     0.4          45.6667             0.302              4.5589                     0.428866
6     12     0.4          45.6667             0.306              5.80958                     0.484131
6     12     0.4          45.6667             0.31              4.59925                     0.430759
6     12     0.4          45.6667             0.314              3.83271                     0.393227
6     12     0.4          45.6667             0.318              2.21894                     0.299201
6     12     0.4          45.6667             0.322              0.161377                     0.0806886
6     12     0.4          45.6667             0.326              0                     0
6     12     0.4          45.6667             0.33              0                     0
6     12     0.4          45.6667             0.334              0                     0
6     12     0.4          45.6667             0.338              0                     0
6     12     0.4          45.6667             0.342              0                     0
6     12     0.4          45.6667             0.346              0                     0
6     12     0.4          45.6667             0.35              0                     0
6     12     0.4          45.6667             0.354              0                     0
6     12     0.4          45.6667             0.358              0                     0
6     12     0.4          45.6667             0.362              0                     0
6     12     0.4          45.6667             0.366              0                     0
6     12     0.4          45.6667             0.37              0                     0
6     12     0.4          45.6667             0.374              0                     0
6     12     0.4          45.6667             0.378              0                     0
6     12     0.4          45.6667             0.382              0                     0
6     12     0.4          45.6667             0.386              0                     0
6     12     0.4          45.6667             0.39              0                     0
6     12     0.4          45.6667             0.394              0                     0
*******************************************************************************************************
 Average angle 45.6197 +- 0.255082 deg 
 Average E' 0.3103 +- 0.00173503 GeV 
