*******************************************************************************************************
Z     A     E(GeV)     Theta(deg)     Energy Loss(GeV)     Sigma(nb/sr/GeV)     ERROR     Citation     
*******************************************************************************************************
6     12     0.62          59             0.0031              0                     0
6     12     0.62          59             0.0093              0                     0
6     12     0.62          59             0.0155              0                     0
6     12     0.62          59             0.0217              0.0565952                     0.0400188
6     12     0.62          59             0.0279              0                     0
6     12     0.62          59             0.0341              0.0848927                     0.0490128
6     12     0.62          59             0.0403              0.0848927                     0.0490128
6     12     0.62          59             0.0465              0.141488                     0.0632753
6     12     0.62          59             0.0527              0.282976                     0.0894848
6     12     0.62          59             0.0589              0.198083                     0.0748683
6     12     0.62          59             0.0651              0.537654                     0.123346
6     12     0.62          59             0.0713              0.594249                     0.129676
6     12     0.62          59             0.0775              0.707439                     0.141488
6     12     0.62          59             0.0837              0.962118                     0.165002
6     12     0.62          59             0.0899              1.04701                     0.172127
6     12     0.62          59             0.0961              1.49977                     0.206009
6     12     0.62          59             0.1023              1.86764                     0.229891
6     12     0.62          59             0.1085              1.69785                     0.219192
6     12     0.62          59             0.1147              2.17891                     0.24831
6     12     0.62          59             0.1209              2.71657                     0.277258
6     12     0.62          59             0.1271              2.60338                     0.271421
6     12     0.62          59             0.1333              3.73528                     0.325114
6     12     0.62          59             0.1395              3.02784                     0.292712
6     12     0.62          59             0.1457              2.82976                     0.282976
6     12     0.62          59             0.1519              3.5089                     0.315108
6     12     0.62          59             0.1581              3.25422                     0.303458
6     12     0.62          59             0.1643              3.22592                     0.302135
6     12     0.62          59             0.1705              3.11273                     0.296787
6     12     0.62          59             0.1767              3.5372                     0.316377
6     12     0.62          59             0.1829              3.62209                     0.320151
6     12     0.62          59             0.1891              3.5372                     0.316377
6     12     0.62          59             0.1953              3.73528                     0.325114
6     12     0.62          59             0.2015              2.71657                     0.277258
6     12     0.62          59             0.2077              3.08444                     0.295435
6     12     0.62          59             0.2139              3.16933                     0.299473
6     12     0.62          59             0.2201              2.43359                     0.262421
6     12     0.62          59             0.2263              2.54678                     0.268454
6     12     0.62          59             0.2325              2.3204                     0.256245
6     12     0.62          59             0.2387              1.64126                     0.215508
6     12     0.62          59             0.2449              1.89594                     0.231626
6     12     0.62          59             0.2511              1.55637                     0.20986
6     12     0.62          59             0.2573              1.92424                     0.233348
6     12     0.62          59             0.2635              1.41488                     0.200094
6     12     0.62          59             0.2697              1.55637                     0.20986
6     12     0.62          59             0.2759              1.32999                     0.193998
6     12     0.62          59             0.2821              1.61296                     0.213642
6     12     0.62          59             0.2883              1.35828                     0.196051
6     12     0.62          59             0.2945              1.32999                     0.193998
6     12     0.62          59             0.3007              1.41488                     0.200094
6     12     0.62          59             0.3069              1.44318                     0.202085
6     12     0.62          59             0.3131              1.44318                     0.202085
6     12     0.62          59             0.3193              1.32999                     0.193998
6     12     0.62          59             0.3255              1.55637                     0.20986
6     12     0.62          59             0.3317              1.44318                     0.202085
6     12     0.62          59             0.3379              1.78275                     0.224605
6     12     0.62          59             0.3441              1.95253                     0.235057
6     12     0.62          59             0.3503              1.55637                     0.20986
6     12     0.62          59             0.3565              1.64126                     0.215508
6     12     0.62          59             0.3627              2.20721                     0.249917
6     12     0.62          59             0.3689              1.92424                     0.233348
6     12     0.62          59             0.3751              2.20721                     0.249917
6     12     0.62          59             0.3813              2.46189                     0.263942
6     12     0.62          59             0.3875              1.89594                     0.231626
6     12     0.62          59             0.3937              2.09402                     0.243425
6     12     0.62          59             0.3999              2.49019                     0.265455
6     12     0.62          59             0.4061              2.12232                     0.245064
6     12     0.62          59             0.4123              2.23551                     0.251514
6     12     0.62          59             0.4185              2.26381                     0.253101
6     12     0.62          59             0.4247              2.85806                     0.284387
6     12     0.62          59             0.4309              2.51848                     0.266959
6     12     0.62          59             0.4371              2.2921                     0.254678
6     12     0.62          59             0.4433              2.40529                     0.260891
6     12     0.62          59             0.4495              2.99954                     0.291341
6     12     0.62          59             0.4557              3.05614                     0.294077
6     12     0.62          59             0.4619              2.97125                     0.289964
6     12     0.62          59             0.4681              2.43359                     0.262421
6     12     0.62          59             0.4743              2.09402                     0.243425
6     12     0.62          59             0.4805              2.2921                     0.254678
6     12     0.62          59             0.4867              1.89594                     0.231626
6     12     0.62          59             0.4929              2.43359                     0.262421
6     12     0.62          59             0.4991              2.43359                     0.262421
6     12     0.62          59             0.5053              1.78275                     0.224605
6     12     0.62          59             0.5115              2.00913                     0.23844
6     12     0.62          59             0.5177              1.98083                     0.236755
6     12     0.62          59             0.5239              1.98083                     0.236755
6     12     0.62          59             0.5301              1.83934                     0.228142
6     12     0.62          59             0.5363              1.83934                     0.228142
6     12     0.62          59             0.5425              1.41488                     0.200094
6     12     0.62          59             0.5487              1.52807                     0.207944
6     12     0.62          59             0.5549              1.1602                     0.181193
6     12     0.62          59             0.5611              1.1319                     0.17897
6     12     0.62          59             0.5673              1.2168                     0.18556
6     12     0.62          59             0.5735              1.30169                     0.191923
6     12     0.62          59             0.5797              1.1319                     0.17897
6     12     0.62          59             0.5859              0.396166                     0.10588
6     12     0.62          59             0.5921              0                     0
6     12     0.62          59             0.5983              0                     0
6     12     0.62          59             0.6045              0                     0
6     12     0.62          59             0.6107              0                     0
*******************************************************************************************************
 Average angle 58.9741 +- 0.745373 deg 
 Average E' 0.306839 +- 0.00387814 GeV 
