*******************************************************************************************************
Z     A     E(GeV)     Theta(deg)     Energy Loss(GeV)     Sigma(nb/sr/GeV)     ERROR     Citation     
*******************************************************************************************************
6     12     0.56          72             0.0028              0                     0
6     12     0.56          72             0.0084              0                     0
6     12     0.56          72             0.014              0                     0
6     12     0.56          72             0.0196              0                     0
6     12     0.56          72             0.0252              0                     0
6     12     0.56          72             0.0308              0                     0
6     12     0.56          72             0.0364              0                     0
6     12     0.56          72             0.042              0                     0
6     12     0.56          72             0.0476              0                     0
6     12     0.56          72             0.0532              0                     0
6     12     0.56          72             0.0588              0                     0
6     12     0.56          72             0.0644              0                     0
6     12     0.56          72             0.07              0                     0
6     12     0.56          72             0.0756              0                     0
6     12     0.56          72             0.0812              0                     0
6     12     0.56          72             0.0868              0                     0
6     12     0.56          72             0.0924              0                     0
6     12     0.56          72             0.098              0                     0
6     12     0.56          72             0.1036              0                     0
6     12     0.56          72             0.1092              0                     0
6     12     0.56          72             0.1148              0                     0
6     12     0.56          72             0.1204              0                     0
6     12     0.56          72             0.126              0                     0
6     12     0.56          72             0.1316              0                     0
6     12     0.56          72             0.1372              0                     0
6     12     0.56          72             0.1428              0                     0
6     12     0.56          72             0.1484              0                     0
6     12     0.56          72             0.154              0                     0
6     12     0.56          72             0.1596              0                     0
6     12     0.56          72             0.1652              0                     0
6     12     0.56          72             0.1708              0                     0
6     12     0.56          72             0.1764              0                     0
6     12     0.56          72             0.182              0                     0
6     12     0.56          72             0.1876              0                     0
6     12     0.56          72             0.1932              0                     0
6     12     0.56          72             0.1988              0                     0
6     12     0.56          72             0.2044              0                     0
6     12     0.56          72             0.21              0                     0
6     12     0.56          72             0.2156              0                     0
6     12     0.56          72             0.2212              0                     0
6     12     0.56          72             0.2268              0                     0
6     12     0.56          72             0.2324              0                     0
6     12     0.56          72             0.238              0                     0
6     12     0.56          72             0.2436              0                     0
6     12     0.56          72             0.2492              0                     0
6     12     0.56          72             0.2548              0                     0
6     12     0.56          72             0.2604              0                     0
6     12     0.56          72             0.266              0                     0
6     12     0.56          72             0.2716              0                     0
6     12     0.56          72             0.2772              0                     0
6     12     0.56          72             0.2828              0                     0
6     12     0.56          72             0.2884              0                     0
6     12     0.56          72             0.294              0.0497391                     0.0351709
6     12     0.56          72             0.2996              0.0497391                     0.0351709
6     12     0.56          72             0.3052              0.0497391                     0.0351709
6     12     0.56          72             0.3108              0.124348                     0.05561
6     12     0.56          72             0.3164              0.0994782                     0.0497391
6     12     0.56          72             0.322              0.223826                     0.0746087
6     12     0.56          72             0.3276              0.298435                     0.0861507
6     12     0.56          72             0.3332              0.348174                     0.0930534
6     12     0.56          72             0.3388              0.223826                     0.0746087
6     12     0.56          72             0.3444              0.422782                     0.10254
6     12     0.56          72             0.35              0.373043                     0.0963194
6     12     0.56          72             0.3556              0.671478                     0.129226
6     12     0.56          72             0.3612              0.746087                     0.136216
6     12     0.56          72             0.3668              0.646608                     0.12681
6     12     0.56          72             0.3724              0.746087                     0.136216
6     12     0.56          72             0.378              0.895304                     0.149217
6     12     0.56          72             0.3836              0.994782                     0.157289
6     12     0.56          72             0.3892              0.945043                     0.153306
6     12     0.56          72             0.3948              1.09426                     0.164966
6     12     0.56          72             0.4004              1.26835                     0.177604
6     12     0.56          72             0.406              1.29322                     0.179337
6     12     0.56          72             0.4116              1.69113                     0.20508
6     12     0.56          72             0.4172              1.4673                     0.191027
6     12     0.56          72             0.4228              1.41756                     0.187761
6     12     0.56          72             0.4284              1.24348                     0.175854
6     12     0.56          72             0.434              1.64139                     0.202041
6     12     0.56          72             0.4396              1.54191                     0.195823
6     12     0.56          72             0.4452              1.76574                     0.209555
6     12     0.56          72             0.4508              1.61652                     0.200505
6     12     0.56          72             0.4564              1.61652                     0.200505
6     12     0.56          72             0.462              1.59165                     0.198956
6     12     0.56          72             0.4676              1.56678                     0.197396
6     12     0.56          72             0.4732              1.64139                     0.202041
6     12     0.56          72             0.4788              1.144                     0.168674
6     12     0.56          72             0.4844              1.41756                     0.187761
6     12     0.56          72             0.49              1.44243                     0.189401
6     12     0.56          72             0.4956              1.69113                     0.20508
6     12     0.56          72             0.5012              1.04452                     0.161173
6     12     0.56          72             0.5068              1.31809                     0.181053
6     12     0.56          72             0.5124              0.945043                     0.153306
6     12     0.56          72             0.518              1.11913                     0.16683
6     12     0.56          72             0.5236              1.04452                     0.161173
6     12     0.56          72             0.5292              0.945043                     0.153306
6     12     0.56          72             0.5348              0.298435                     0.0861507
6     12     0.56          72             0.5404              0                     0
6     12     0.56          72             0.546              0                     0
6     12     0.56          72             0.5516              0                     0
*******************************************************************************************************
 Average angle 71.9549 +- 1.73499 deg 
 Average E' 0.118216 +- 0.00285045 GeV 
