*******************************************************************************************************
Z     A     E(GeV)     Theta(deg)     Energy Loss(GeV)     Sigma(nb/sr/GeV)     ERROR     Citation     
*******************************************************************************************************
6     12     0.48          73.3333             0.0024              0                     0
6     12     0.48          73.3333             0.0072              0                     0
6     12     0.48          73.3333             0.012              0                     0
6     12     0.48          73.3333             0.0168              0                     0
6     12     0.48          73.3333             0.0216              0                     0
6     12     0.48          73.3333             0.0264              0                     0
6     12     0.48          73.3333             0.0312              0                     0
6     12     0.48          73.3333             0.036              0                     0
6     12     0.48          73.3333             0.0408              0                     0
6     12     0.48          73.3333             0.0456              0                     0
6     12     0.48          73.3333             0.0504              0                     0
6     12     0.48          73.3333             0.0552              0                     0
6     12     0.48          73.3333             0.06              0                     0
6     12     0.48          73.3333             0.0648              0                     0
6     12     0.48          73.3333             0.0696              0                     0
6     12     0.48          73.3333             0.0744              0                     0
6     12     0.48          73.3333             0.0792              0                     0
6     12     0.48          73.3333             0.084              0                     0
6     12     0.48          73.3333             0.0888              0                     0
6     12     0.48          73.3333             0.0936              0                     0
6     12     0.48          73.3333             0.0984              0                     0
6     12     0.48          73.3333             0.1032              0                     0
6     12     0.48          73.3333             0.108              0                     0
6     12     0.48          73.3333             0.1128              0                     0
6     12     0.48          73.3333             0.1176              0                     0
6     12     0.48          73.3333             0.1224              0                     0
6     12     0.48          73.3333             0.1272              0                     0
6     12     0.48          73.3333             0.132              0                     0
6     12     0.48          73.3333             0.1368              0                     0
6     12     0.48          73.3333             0.1416              0                     0
6     12     0.48          73.3333             0.1464              0                     0
6     12     0.48          73.3333             0.1512              0                     0
6     12     0.48          73.3333             0.156              0                     0
6     12     0.48          73.3333             0.1608              0                     0
6     12     0.48          73.3333             0.1656              0                     0
6     12     0.48          73.3333             0.1704              0                     0
6     12     0.48          73.3333             0.1752              0                     0
6     12     0.48          73.3333             0.18              0                     0
6     12     0.48          73.3333             0.1848              0                     0
6     12     0.48          73.3333             0.1896              0                     0
6     12     0.48          73.3333             0.1944              0                     0
6     12     0.48          73.3333             0.1992              0                     0
6     12     0.48          73.3333             0.204              0                     0
6     12     0.48          73.3333             0.2088              0                     0
6     12     0.48          73.3333             0.2136              0                     0
6     12     0.48          73.3333             0.2184              0                     0
6     12     0.48          73.3333             0.2232              0.108848                     0.0544239
6     12     0.48          73.3333             0.228              0                     0
6     12     0.48          73.3333             0.2328              0.0272119                     0.0272119
6     12     0.48          73.3333             0.2376              0.0816358                     0.0471324
6     12     0.48          73.3333             0.2424              0.0544239                     0.0384835
6     12     0.48          73.3333             0.2472              0.0544239                     0.0384835
6     12     0.48          73.3333             0.252              0.0816358                     0.0471324
6     12     0.48          73.3333             0.2568              0.190484                     0.071996
6     12     0.48          73.3333             0.2616              0.0816358                     0.0471324
6     12     0.48          73.3333             0.2664              0.0816358                     0.0471324
6     12     0.48          73.3333             0.2712              0.244907                     0.0816358
6     12     0.48          73.3333             0.276              0.272119                     0.0860517
6     12     0.48          73.3333             0.2808              0.353755                     0.098114
6     12     0.48          73.3333             0.2856              0.217695                     0.076967
6     12     0.48          73.3333             0.2904              0.217695                     0.076967
6     12     0.48          73.3333             0.2952              0.163272                     0.0666553
6     12     0.48          73.3333             0.3              0.217695                     0.076967
6     12     0.48          73.3333             0.3048              0.13606                     0.0608477
6     12     0.48          73.3333             0.3096              0.217695                     0.076967
6     12     0.48          73.3333             0.3144              0.217695                     0.076967
6     12     0.48          73.3333             0.3192              0.163272                     0.0666553
6     12     0.48          73.3333             0.324              0.353755                     0.098114
6     12     0.48          73.3333             0.3288              0.244907                     0.0816358
6     12     0.48          73.3333             0.3336              0.299331                     0.0902518
6     12     0.48          73.3333             0.3384              0.272119                     0.0860517
6     12     0.48          73.3333             0.3432              0.217695                     0.076967
6     12     0.48          73.3333             0.348              0.244907                     0.0816358
6     12     0.48          73.3333             0.3528              0.163272                     0.0666553
6     12     0.48          73.3333             0.3576              0.190484                     0.071996
6     12     0.48          73.3333             0.3624              0.244907                     0.0816358
6     12     0.48          73.3333             0.3672              0.244907                     0.0816358
6     12     0.48          73.3333             0.372              0.190484                     0.071996
6     12     0.48          73.3333             0.3768              0.108848                     0.0544239
6     12     0.48          73.3333             0.3816              0.217695                     0.076967
6     12     0.48          73.3333             0.3864              0.244907                     0.0816358
6     12     0.48          73.3333             0.3912              0.163272                     0.0666553
6     12     0.48          73.3333             0.396              0.217695                     0.076967
6     12     0.48          73.3333             0.4008              0.272119                     0.0860517
6     12     0.48          73.3333             0.4056              0.163272                     0.0666553
6     12     0.48          73.3333             0.4104              0.163272                     0.0666553
6     12     0.48          73.3333             0.4152              0.244907                     0.0816358
6     12     0.48          73.3333             0.42              0.13606                     0.0608477
6     12     0.48          73.3333             0.4248              0.163272                     0.0666553
6     12     0.48          73.3333             0.4296              0.0544239                     0.0384835
6     12     0.48          73.3333             0.4344              0.108848                     0.0544239
6     12     0.48          73.3333             0.4392              0.0544239                     0.0384835
6     12     0.48          73.3333             0.444              0.0816358                     0.0471324
6     12     0.48          73.3333             0.4488              0.0544239                     0.0384835
6     12     0.48          73.3333             0.4536              0                     0
6     12     0.48          73.3333             0.4584              0                     0
6     12     0.48          73.3333             0.4632              0                     0
6     12     0.48          73.3333             0.468              0                     0
6     12     0.48          73.3333             0.4728              0                     0
*******************************************************************************************************
 Average angle 73.2818 +- 4.1961 deg 
 Average E' 0.140898 +- 0.0080678 GeV 
