*******************************************************************************************************
Z     A     E(GeV)     Theta(deg)     Energy Loss(GeV)     Sigma(nb/sr/GeV)     ERROR     Citation     
*******************************************************************************************************
6     12     0.48          105.333             0.0024              0                     0
6     12     0.48          105.333             0.0072              0                     0
6     12     0.48          105.333             0.012              0                     0
6     12     0.48          105.333             0.0168              0                     0
6     12     0.48          105.333             0.0216              0                     0
6     12     0.48          105.333             0.0264              0                     0
6     12     0.48          105.333             0.0312              0                     0
6     12     0.48          105.333             0.036              0                     0
6     12     0.48          105.333             0.0408              0                     0
6     12     0.48          105.333             0.0456              0                     0
6     12     0.48          105.333             0.0504              0.0270309                     0.0270309
6     12     0.48          105.333             0.0552              0                     0
6     12     0.48          105.333             0.06              0                     0
6     12     0.48          105.333             0.0648              0                     0
6     12     0.48          105.333             0.0696              0.0270309                     0.0270309
6     12     0.48          105.333             0.0744              0                     0
6     12     0.48          105.333             0.0792              0.0270309                     0.0270309
6     12     0.48          105.333             0.084              0                     0
6     12     0.48          105.333             0.0888              0                     0
6     12     0.48          105.333             0.0936              0.0540619                     0.0382275
6     12     0.48          105.333             0.0984              0.0540619                     0.0382275
6     12     0.48          105.333             0.1032              0.108124                     0.0540619
6     12     0.48          105.333             0.108              0.0810928                     0.046819
6     12     0.48          105.333             0.1128              0.108124                     0.0540619
6     12     0.48          105.333             0.1176              0.108124                     0.0540619
6     12     0.48          105.333             0.1224              0.108124                     0.0540619
6     12     0.48          105.333             0.1272              0.216248                     0.0764551
6     12     0.48          105.333             0.132              0.135155                     0.060443
6     12     0.48          105.333             0.1368              0.270309                     0.0854794
6     12     0.48          105.333             0.1416              0.324371                     0.0936379
6     12     0.48          105.333             0.1464              0.351402                     0.0974615
6     12     0.48          105.333             0.1512              0.29734                     0.0896515
6     12     0.48          105.333             0.156              0.540619                     0.120886
6     12     0.48          105.333             0.1608              0.648743                     0.132424
6     12     0.48          105.333             0.1656              0.405464                     0.10469
6     12     0.48          105.333             0.1704              0.594681                     0.126786
6     12     0.48          105.333             0.1752              0.729836                     0.140457
6     12     0.48          105.333             0.18              0.702805                     0.137831
6     12     0.48          105.333             0.1848              0.756866                     0.143034
6     12     0.48          105.333             0.1896              1.05421                     0.168808
6     12     0.48          105.333             0.1944              0.837959                     0.150502
6     12     0.48          105.333             0.1992              0.621712                     0.129636
6     12     0.48          105.333             0.204              0.892021                     0.155281
6     12     0.48          105.333             0.2088              1.10827                     0.173083
6     12     0.48          105.333             0.2136              0.756866                     0.143034
6     12     0.48          105.333             0.2184              0.837959                     0.150502
6     12     0.48          105.333             0.2232              0.675774                     0.135155
6     12     0.48          105.333             0.228              0.540619                     0.120886
6     12     0.48          105.333             0.2328              0.783897                     0.145566
6     12     0.48          105.333             0.2376              0.594681                     0.126786
6     12     0.48          105.333             0.2424              0.810928                     0.148055
6     12     0.48          105.333             0.2472              0.513588                     0.117825
6     12     0.48          105.333             0.252              0.702805                     0.137831
6     12     0.48          105.333             0.2568              0.702805                     0.137831
6     12     0.48          105.333             0.2616              0.56765                     0.123871
6     12     0.48          105.333             0.2664              0.56765                     0.123871
6     12     0.48          105.333             0.2712              0.432495                     0.108124
6     12     0.48          105.333             0.276              0.729836                     0.140457
6     12     0.48          105.333             0.2808              0.56765                     0.123871
6     12     0.48          105.333             0.2856              0.540619                     0.120886
6     12     0.48          105.333             0.2904              0.702805                     0.137831
6     12     0.48          105.333             0.2952              0.621712                     0.129636
6     12     0.48          105.333             0.3              0.621712                     0.129636
6     12     0.48          105.333             0.3048              0.351402                     0.0974615
6     12     0.48          105.333             0.3096              0.432495                     0.108124
6     12     0.48          105.333             0.3144              0.513588                     0.117825
6     12     0.48          105.333             0.3192              0.432495                     0.108124
6     12     0.48          105.333             0.324              0.621712                     0.129636
6     12     0.48          105.333             0.3288              0.621712                     0.129636
6     12     0.48          105.333             0.3336              0.486557                     0.114683
6     12     0.48          105.333             0.3384              0.540619                     0.120886
6     12     0.48          105.333             0.3432              0.810928                     0.148055
6     12     0.48          105.333             0.348              0.486557                     0.114683
6     12     0.48          105.333             0.3528              0.783897                     0.145566
6     12     0.48          105.333             0.3576              0.675774                     0.135155
6     12     0.48          105.333             0.3624              0.946083                     0.159917
6     12     0.48          105.333             0.3672              0.675774                     0.135155
6     12     0.48          105.333             0.372              0.702805                     0.137831
6     12     0.48          105.333             0.3768              1.05421                     0.168808
6     12     0.48          105.333             0.3816              0.892021                     0.155281
6     12     0.48          105.333             0.3864              0.973114                     0.162186
6     12     0.48          105.333             0.3912              1.1353                     0.175181
6     12     0.48          105.333             0.396              0.973114                     0.162186
6     12     0.48          105.333             0.4008              1.24342                     0.183333
6     12     0.48          105.333             0.4056              0.946083                     0.159917
6     12     0.48          105.333             0.4104              1.21639                     0.181329
6     12     0.48          105.333             0.4152              1.29749                     0.187276
6     12     0.48          105.333             0.42              1.10827                     0.173083
6     12     0.48          105.333             0.4248              1.37858                     0.19304
6     12     0.48          105.333             0.4296              1.24342                     0.183333
6     12     0.48          105.333             0.4344              1.24342                     0.183333
6     12     0.48          105.333             0.4392              1.62186                     0.209381
6     12     0.48          105.333             0.444              1.59483                     0.207629
6     12     0.48          105.333             0.4488              1.54076                     0.204079
6     12     0.48          105.333             0.4536              1.27045                     0.185315
6     12     0.48          105.333             0.4584              1.4867                     0.200467
6     12     0.48          105.333             0.4632              0.540619                     0.120886
6     12     0.48          105.333             0.468              0                     0
6     12     0.48          105.333             0.4728              0                     0
*******************************************************************************************************
 Average angle 105.3 +- 2.32795 deg 
 Average E' 0.158202 +- 0.00349752 GeV 
