*******************************************************************************************************
Z     A     E(GeV)     Theta(deg)     Energy Loss(GeV)     Sigma(nb/sr/GeV)     ERROR     Citation     
*******************************************************************************************************
6     12     0.16          108             0.0008              1.50728                     0.20704
6     12     0.16          108             0.0024              2.04762                     0.241315
6     12     0.16          108             0.004              3.07143                     0.295549
6     12     0.16          108             0.0056              4.55027                     0.35973
6     12     0.16          108             0.0072              4.69247                     0.365308
6     12     0.16          108             0.0088              6.39882                     0.426588
6     12     0.16          108             0.0104              6.59789                     0.433173
6     12     0.16          108             0.012              7.08136                     0.448763
6     12     0.16          108             0.0136              8.47488                     0.490936
6     12     0.16          108             0.0152              8.84459                     0.501531
6     12     0.16          108             0.0168              9.49869                     0.519745
6     12     0.16          108             0.0184              8.418                     0.489286
6     12     0.16          108             0.02              9.83996                     0.528999
6     12     0.16          108             0.0216              9.89684                     0.530526
6     12     0.16          108             0.0232              11.006                     0.559465
6     12     0.16          108             0.0248              11.3757                     0.568784
6     12     0.16          108             0.0264              10.7785                     0.553652
6     12     0.16          108             0.028              12.1151                     0.586978
6     12     0.16          108             0.0296              11.461                     0.570913
6     12     0.16          108             0.0312              10.8922                     0.556566
6     12     0.16          108             0.0328              11.0913                     0.561629
6     12     0.16          108             0.0344              12.1151                     0.586978
6     12     0.16          108             0.036              12.0298                     0.584908
6     12     0.16          108             0.0376              11.0913                     0.561629
6     12     0.16          108             0.0392              10.7785                     0.553652
6     12     0.16          108             0.0408              10.6363                     0.549988
6     12     0.16          108             0.0424              11.5179                     0.572328
6     12     0.16          108             0.044              12.2289                     0.589728
6     12     0.16          108             0.0456              10.6363                     0.549988
6     12     0.16          108             0.0472              11.4326                     0.570204
6     12     0.16          108             0.0488              9.89684                     0.530526
6     12     0.16          108             0.0504              9.7262                     0.525933
6     12     0.16          108             0.052              9.0721                     0.50794
6     12     0.16          108             0.0536              8.53176                     0.492581
6     12     0.16          108             0.0552              8.07673                     0.479266
6     12     0.16          108             0.0568              8.81615                     0.500724
6     12     0.16          108             0.0584              9.12898                     0.50953
6     12     0.16          108             0.06              8.5602                     0.493401
6     12     0.16          108             0.0616              6.79697                     0.439659
6     12     0.16          108             0.0632              6.76853                     0.438738
6     12     0.16          108             0.0648              5.34657                     0.389938
6     12     0.16          108             0.0664              5.71628                     0.403195
6     12     0.16          108             0.068              5.97223                     0.412123
6     12     0.16          108             0.0696              5.85847                     0.408179
6     12     0.16          108             0.0712              4.40807                     0.354065
6     12     0.16          108             0.0728              4.72091                     0.366413
6     12     0.16          108             0.0744              4.37963                     0.352921
6     12     0.16          108             0.076              4.00993                     0.337697
6     12     0.16          108             0.0776              3.86773                     0.331655
6     12     0.16          108             0.0792              3.18519                     0.300972
6     12     0.16          108             0.0808              2.98611                     0.291415
6     12     0.16          108             0.0824              2.61641                     0.272779
6     12     0.16          108             0.084              2.53109                     0.268295
6     12     0.16          108             0.0856              2.30357                     0.255953
6     12     0.16          108             0.0872              1.59259                     0.212819
6     12     0.16          108             0.0888              2.38889                     0.260649
6     12     0.16          108             0.0904              1.67791                     0.218446
6     12     0.16          108             0.092              1.59259                     0.212819
6     12     0.16          108             0.0936              1.79167                     0.225729
6     12     0.16          108             0.0952              1.59259                     0.212819
6     12     0.16          108             0.0968              1.25132                     0.188644
6     12     0.16          108             0.0984              1.47884                     0.205078
6     12     0.16          108             0.1              1.22289                     0.186488
6     12     0.16          108             0.1016              1.4504                     0.203096
6     12     0.16          108             0.1032              1.10913                     0.177603
6     12     0.16          108             0.1048              1.39352                     0.199074
6     12     0.16          108             0.1064              0.995372                     0.168249
6     12     0.16          108             0.108              1.36508                     0.197032
6     12     0.16          108             0.1096              0.910054                     0.160876
6     12     0.16          108             0.1112              1.05225                     0.172989
6     12     0.16          108             0.1128              0.142196                     0.063592
6     12     0.16          108             0.1144              0                     0
6     12     0.16          108             0.116              0                     0
6     12     0.16          108             0.1176              0                     0
6     12     0.16          108             0.1192              0                     0
6     12     0.16          108             0.1208              0                     0
6     12     0.16          108             0.1224              0                     0
6     12     0.16          108             0.124              0                     0
6     12     0.16          108             0.1256              0                     0
6     12     0.16          108             0.1272              0                     0
6     12     0.16          108             0.1288              0                     0
6     12     0.16          108             0.1304              0                     0
6     12     0.16          108             0.132              0                     0
6     12     0.16          108             0.1336              0                     0
6     12     0.16          108             0.1352              0                     0
6     12     0.16          108             0.1368              0                     0
6     12     0.16          108             0.1384              0                     0
6     12     0.16          108             0.14              0                     0
6     12     0.16          108             0.1416              0                     0
6     12     0.16          108             0.1432              0                     0
6     12     0.16          108             0.1448              0                     0
6     12     0.16          108             0.1464              0                     0
6     12     0.16          108             0.148              0                     0
6     12     0.16          108             0.1496              0                     0
6     12     0.16          108             0.1512              0                     0
6     12     0.16          108             0.1528              0                     0
6     12     0.16          108             0.1544              0                     0
6     12     0.16          108             0.156              0                     0
6     12     0.16          108             0.1576              0                     0
*******************************************************************************************************
 Average angle 107.98 +- 0.869706 deg 
 Average E' 0.116929 +- 0.00094178 GeV 
