*******************************************************************************************************
Z     A     E(GeV)     Theta(deg)     Energy Loss(GeV)     Sigma(nb/sr/GeV)     ERROR     Citation     
*******************************************************************************************************
6     12     0.12          140             0.0006              1.51117                     0.203767
6     12     0.12          140             0.0018              1.70351                     0.216345
6     12     0.12          140             0.003              2.36293                     0.254801
6     12     0.12          140             0.0042              2.61021                     0.267802
6     12     0.12          140             0.0054              3.62682                     0.315674
6     12     0.12          140             0.0066              3.43449                     0.30719
6     12     0.12          140             0.0078              2.91245                     0.282882
6     12     0.12          140             0.009              3.92905                     0.328564
6     12     0.12          140             0.0102              3.73672                     0.320421
6     12     0.12          140             0.0114              4.561                     0.354002
6     12     0.12          140             0.0126              4.50605                     0.351863
6     12     0.12          140             0.0138              4.83576                     0.364509
6     12     0.12          140             0.015              4.97314                     0.36965
6     12     0.12          140             0.0162              5.08304                     0.373713
6     12     0.12          140             0.0174              5.44023                     0.38662
6     12     0.12          140             0.0186              4.94566                     0.368628
6     12     0.12          140             0.0198              4.86324                     0.365543
6     12     0.12          140             0.021              5.2479                     0.379725
6     12     0.12          140             0.0222              5.60508                     0.392434
6     12     0.12          140             0.0234              5.30285                     0.381707
6     12     0.12          140             0.0246              6.18208                     0.412139
6     12     0.12          140             0.0258              5.44023                     0.38662
6     12     0.12          140             0.027              5.19295                     0.377731
6     12     0.12          140             0.0282              5.82489                     0.400055
6     12     0.12          140             0.0294              5.41275                     0.385643
6     12     0.12          140             0.0306              4.80828                     0.363472
6     12     0.12          140             0.0318              4.61595                     0.356128
6     12     0.12          140             0.033              4.42362                     0.34863
6     12     0.12          140             0.0342              5.19295                     0.377731
6     12     0.12          140             0.0354              4.72586                     0.360343
6     12     0.12          140             0.0366              4.94566                     0.368628
6     12     0.12          140             0.0378              4.72586                     0.360343
6     12     0.12          140             0.039              4.42362                     0.34863
6     12     0.12          140             0.0402              4.09391                     0.335386
6     12     0.12          140             0.0414              4.86324                     0.365543
6     12     0.12          140             0.0426              3.81915                     0.323936
6     12     0.12          140             0.0438              4.28624                     0.343174
6     12     0.12          140             0.045              4.47857                     0.350789
6     12     0.12          140             0.0462              3.37954                     0.304723
6     12     0.12          140             0.0474              3.68177                     0.318057
6     12     0.12          140             0.0486              3.40701                     0.305959
6     12     0.12          140             0.0498              3.26963                     0.299727
6     12     0.12          140             0.051              3.29711                     0.300983
6     12     0.12          140             0.0522              2.80254                     0.277493
6     12     0.12          140             0.0534              2.74759                     0.274759
6     12     0.12          140             0.0546              3.0773                     0.290778
6     12     0.12          140             0.0558              2.44536                     0.259207
6     12     0.12          140             0.057              2.19807                     0.245752
6     12     0.12          140             0.0582              2.61021                     0.267802
6     12     0.12          140             0.0594              1.95079                     0.231516
6     12     0.12          140             0.0606              1.97827                     0.233141
6     12     0.12          140             0.0618              1.95079                     0.231516
6     12     0.12          140             0.063              1.67603                     0.214594
6     12     0.12          140             0.0642              1.64855                     0.212827
6     12     0.12          140             0.0654              1.45622                     0.200028
6     12     0.12          140             0.0666              1.34632                     0.192331
6     12     0.12          140             0.0678              1.3738                     0.194284
6     12     0.12          140             0.069              0.961657                     0.16255
6     12     0.12          140             0.0702              1.40127                     0.196217
6     12     0.12          140             0.0714              1.04408                     0.169373
6     12     0.12          140             0.0726              0.961657                     0.16255
6     12     0.12          140             0.0738              0                     0
6     12     0.12          140             0.075              0                     0
6     12     0.12          140             0.0762              0                     0
6     12     0.12          140             0.0774              0                     0
6     12     0.12          140             0.0786              0                     0
6     12     0.12          140             0.0798              0                     0
6     12     0.12          140             0.081              0                     0
6     12     0.12          140             0.0822              0                     0
6     12     0.12          140             0.0834              0                     0
6     12     0.12          140             0.0846              0                     0
6     12     0.12          140             0.0858              0                     0
6     12     0.12          140             0.087              0                     0
6     12     0.12          140             0.0882              0                     0
6     12     0.12          140             0.0894              0                     0
6     12     0.12          140             0.0906              0                     0
6     12     0.12          140             0.0918              0                     0
6     12     0.12          140             0.093              0                     0
6     12     0.12          140             0.0942              0                     0
6     12     0.12          140             0.0954              0                     0
6     12     0.12          140             0.0966              0                     0
6     12     0.12          140             0.0978              0                     0
6     12     0.12          140             0.099              0                     0
6     12     0.12          140             0.1002              0                     0
6     12     0.12          140             0.1014              0                     0
6     12     0.12          140             0.1026              0                     0
6     12     0.12          140             0.1038              0                     0
6     12     0.12          140             0.105              0                     0
6     12     0.12          140             0.1062              0                     0
6     12     0.12          140             0.1074              0                     0
6     12     0.12          140             0.1086              0                     0
6     12     0.12          140             0.1098              0                     0
6     12     0.12          140             0.111              0                     0
6     12     0.12          140             0.1122              0                     0
6     12     0.12          140             0.1134              0                     0
6     12     0.12          140             0.1146              0                     0
6     12     0.12          140             0.1158              0                     0
6     12     0.12          140             0.117              0                     0
6     12     0.12          140             0.1182              0                     0
*******************************************************************************************************
 Average angle 140.487 +- 1.57247 deg 
 Average E' 0.0881759 +- 0.000986947 GeV 
