*******************************************************************************************************
Z     A     E(GeV)     Theta(deg)     Energy Loss(GeV)     Sigma(nb/sr/GeV)     ERROR     Citation     
*******************************************************************************************************
6     12     0.24          100.667             0.0012              0.0335246                     0.0335246
6     12     0.24          100.667             0.0036              0.201148                     0.0821183
6     12     0.24          100.667             0.006              0.201148                     0.0821183
6     12     0.24          100.667             0.0084              0.737542                     0.157245
6     12     0.24          100.667             0.0108              0.771067                     0.160779
6     12     0.24          100.667             0.0132              1.20689                     0.201148
6     12     0.24          100.667             0.0156              1.50861                     0.22489
6     12     0.24          100.667             0.018              1.67623                     0.237055
6     12     0.24          100.667             0.0204              1.81033                     0.246355
6     12     0.24          100.667             0.0228              2.91664                     0.312697
6     12     0.24          100.667             0.0252              3.05074                     0.319805
6     12     0.24          100.667             0.0276              2.91664                     0.312697
6     12     0.24          100.667             0.03              3.48656                     0.341886
6     12     0.24          100.667             0.0324              3.45304                     0.340238
6     12     0.24          100.667             0.0348              4.19058                     0.374817
6     12     0.24          100.667             0.0372              4.7605                     0.399492
6     12     0.24          100.667             0.0396              4.79402                     0.400896
6     12     0.24          100.667             0.042              4.29115                     0.379288
6     12     0.24          100.667             0.0444              5.22984                     0.418723
6     12     0.24          100.667             0.0468              6.57083                     0.469345
6     12     0.24          100.667             0.0492              5.76624                     0.439672
6     12     0.24          100.667             0.0516              6.40321                     0.46332
6     12     0.24          100.667             0.054              6.47026                     0.465739
6     12     0.24          100.667             0.0564              6.57083                     0.469345
6     12     0.24          100.667             0.0588              6.60435                     0.470541
6     12     0.24          100.667             0.0612              6.16853                     0.45475
6     12     0.24          100.667             0.0636              5.83329                     0.44222
6     12     0.24          100.667             0.066              7.17427                     0.490423
6     12     0.24          100.667             0.0684              6.77198                     0.476475
6     12     0.24          100.667             0.0708              6.5373                     0.468146
6     12     0.24          100.667             0.0732              5.79976                     0.440948
6     12     0.24          100.667             0.0756              6.43673                     0.464531
6     12     0.24          100.667             0.078              7.17427                     0.490423
6     12     0.24          100.667             0.0804              6.00091                     0.448529
6     12     0.24          100.667             0.0828              6.36968                     0.462105
6     12     0.24          100.667             0.0852              5.33042                     0.42273
6     12     0.24          100.667             0.0876              5.86681                     0.443489
6     12     0.24          100.667             0.09              5.63214                     0.434529
6     12     0.24          100.667             0.0924              4.55935                     0.390961
6     12     0.24          100.667             0.0948              4.39173                     0.383707
6     12     0.24          100.667             0.0972              3.98943                     0.365711
6     12     0.24          100.667             0.0996              4.05648                     0.368771
6     12     0.24          100.667             0.102              3.98943                     0.365711
6     12     0.24          100.667             0.1044              3.78828                     0.356372
6     12     0.24          100.667             0.1068              3.38599                     0.336918
6     12     0.24          100.667             0.1092              3.18484                     0.326758
6     12     0.24          100.667             0.1116              3.01722                     0.318043
6     12     0.24          100.667             0.114              3.08427                     0.321557
6     12     0.24          100.667             0.1164              2.4473                     0.286435
6     12     0.24          100.667             0.1188              2.5814                     0.294178
6     12     0.24          100.667             0.1212              1.94443                     0.255316
6     12     0.24          100.667             0.1236              1.94443                     0.255316
6     12     0.24          100.667             0.126              1.67623                     0.237055
6     12     0.24          100.667             0.1284              1.77681                     0.244063
6     12     0.24          100.667             0.1308              1.97795                     0.257508
6     12     0.24          100.667             0.1332              1.57566                     0.229833
6     12     0.24          100.667             0.1356              1.30746                     0.209361
6     12     0.24          100.667             0.138              1.34099                     0.212028
6     12     0.24          100.667             0.1404              1.03926                     0.186657
6     12     0.24          100.667             0.1428              1.07279                     0.189644
6     12     0.24          100.667             0.1452              0.93869                     0.177396
6     12     0.24          100.667             0.1476              0.871641                     0.170943
6     12     0.24          100.667             0.15              0.871641                     0.170943
6     12     0.24          100.667             0.1524              0.93869                     0.177396
6     12     0.24          100.667             0.1548              0.972215                     0.180536
6     12     0.24          100.667             0.1572              1.13984                     0.195481
6     12     0.24          100.667             0.1596              0.737542                     0.157245
6     12     0.24          100.667             0.162              0.93869                     0.177396
6     12     0.24          100.667             0.1644              1.00574                     0.183622
6     12     0.24          100.667             0.1668              0.704017                     0.153629
6     12     0.24          100.667             0.1692              0.972215                     0.180536
6     12     0.24          100.667             0.1716              1.03926                     0.186657
6     12     0.24          100.667             0.174              0.838116                     0.167623
6     12     0.24          100.667             0.1764              1.00574                     0.183622
6     12     0.24          100.667             0.1788              0.838116                     0.167623
6     12     0.24          100.667             0.1812              0.704017                     0.153629
6     12     0.24          100.667             0.1836              1.07279                     0.189644
6     12     0.24          100.667             0.186              1.27394                     0.20666
6     12     0.24          100.667             0.1884              0.905165                     0.174199
6     12     0.24          100.667             0.1908              1.20689                     0.201148
6     12     0.24          100.667             0.1932              1.50861                     0.22489
6     12     0.24          100.667             0.1956              0.972215                     0.180536
6     12     0.24          100.667             0.198              1.10631                     0.192584
6     12     0.24          100.667             0.2004              1.34099                     0.212028
6     12     0.24          100.667             0.2028              1.03926                     0.186657
6     12     0.24          100.667             0.2052              0.234672                     0.0886979
6     12     0.24          100.667             0.2076              0                     0
6     12     0.24          100.667             0.21              0                     0
6     12     0.24          100.667             0.2124              0                     0
6     12     0.24          100.667             0.2148              0                     0
6     12     0.24          100.667             0.2172              0                     0
6     12     0.24          100.667             0.2196              0                     0
6     12     0.24          100.667             0.222              0                     0
6     12     0.24          100.667             0.2244              0                     0
6     12     0.24          100.667             0.2268              0                     0
6     12     0.24          100.667             0.2292              0                     0
6     12     0.24          100.667             0.2316              0                     0
6     12     0.24          100.667             0.234              0                     0
6     12     0.24          100.667             0.2364              0                     0
*******************************************************************************************************
 Average angle 100.631 +- 1.16525 deg 
 Average E' 0.157941 +- 0.00182888 GeV 
