*******************************************************************************************************
Z     A     E(GeV)     Theta(deg)     Energy Loss(GeV)     Sigma(nb/sr/GeV)     ERROR     Citation     
*******************************************************************************************************
6     12     0.1          124             0.0005              6.42091                     0.332017
6     12     0.1          124             0.0015              8.34374                     0.37848
6     12     0.1          124             0.0025              9.0133                     0.393373
6     12     0.1          124             0.0035              10.7816                     0.430234
6     12     0.1          124             0.0045              12.0349                     0.454552
6     12     0.1          124             0.0055              13.8032                     0.486802
6     12     0.1          124             0.0065              13.9234                     0.488917
6     12     0.1          124             0.0075              14.8505                     0.504932
6     12     0.1          124             0.0085              15.1595                     0.510158
6     12     0.1          124             0.0095              16.327                     0.529438
6     12     0.1          124             0.0105              16.3613                     0.529994
6     12     0.1          124             0.0115              18.164                     0.558428
6     12     0.1          124             0.0125              17.8549                     0.553658
6     12     0.1          124             0.0135              19.7949                     0.582961
6     12     0.1          124             0.0145              18.5417                     0.564205
6     12     0.1          124             0.0155              20.7392                     0.596703
6     12     0.1          124             0.0165              19.6576                     0.580935
6     12     0.1          124             0.0175              19.0052                     0.571214
6     12     0.1          124             0.0185              20.5675                     0.594228
6     12     0.1          124             0.0195              19.5202                     0.578902
6     12     0.1          124             0.0205              19.4687                     0.578138
6     12     0.1          124             0.0215              19.7263                     0.581949
6     12     0.1          124             0.0225              19.1082                     0.572759
6     12     0.1          124             0.0235              19.1425                     0.573274
6     12     0.1          124             0.0245              18.7648                     0.56759
6     12     0.1          124             0.0255              17.6317                     0.550186
6     12     0.1          124             0.0265              16.4128                     0.530828
6     12     0.1          124             0.0275              17.0309                     0.54073
6     12     0.1          124             0.0285              15.7776                     0.520454
6     12     0.1          124             0.0295              15.7432                     0.519887
6     12     0.1          124             0.0305              15.2625                     0.511889
6     12     0.1          124             0.0315              14.5415                     0.499651
6     12     0.1          124             0.0325              14.0951                     0.491922
6     12     0.1          124             0.0335              13.9062                     0.488615
6     12     0.1          124             0.0345              13.4255                     0.480096
6     12     0.1          124             0.0355              11.537                     0.445051
6     12     0.1          124             0.0365              2.35204                     0.200949
6     12     0.1          124             0.0375              0                     0
6     12     0.1          124             0.0385              0                     0
6     12     0.1          124             0.0395              0                     0
6     12     0.1          124             0.0405              0                     0
6     12     0.1          124             0.0415              0                     0
6     12     0.1          124             0.0425              0                     0
6     12     0.1          124             0.0435              0                     0
6     12     0.1          124             0.0445              0                     0
6     12     0.1          124             0.0455              0                     0
6     12     0.1          124             0.0465              0                     0
6     12     0.1          124             0.0475              0                     0
6     12     0.1          124             0.0485              0                     0
6     12     0.1          124             0.0495              0                     0
6     12     0.1          124             0.0505              0                     0
6     12     0.1          124             0.0515              0                     0
6     12     0.1          124             0.0525              0                     0
6     12     0.1          124             0.0535              0                     0
6     12     0.1          124             0.0545              0                     0
6     12     0.1          124             0.0555              0                     0
6     12     0.1          124             0.0565              0                     0
6     12     0.1          124             0.0575              0                     0
6     12     0.1          124             0.0585              0                     0
6     12     0.1          124             0.0595              0                     0
6     12     0.1          124             0.0605              0                     0
6     12     0.1          124             0.0615              0                     0
6     12     0.1          124             0.0625              0                     0
6     12     0.1          124             0.0635              0                     0
6     12     0.1          124             0.0645              0                     0
6     12     0.1          124             0.0655              0                     0
6     12     0.1          124             0.0665              0                     0
6     12     0.1          124             0.0675              0                     0
6     12     0.1          124             0.0685              0                     0
6     12     0.1          124             0.0695              0                     0
6     12     0.1          124             0.0705              0                     0
6     12     0.1          124             0.0715              0                     0
6     12     0.1          124             0.0725              0                     0
6     12     0.1          124             0.0735              0                     0
6     12     0.1          124             0.0745              0                     0
6     12     0.1          124             0.0755              0                     0
6     12     0.1          124             0.0765              0                     0
6     12     0.1          124             0.0775              0                     0
6     12     0.1          124             0.0785              0                     0
6     12     0.1          124             0.0795              0                     0
6     12     0.1          124             0.0805              0                     0
6     12     0.1          124             0.0815              0                     0
6     12     0.1          124             0.0825              0                     0
6     12     0.1          124             0.0835              0                     0
6     12     0.1          124             0.0845              0                     0
6     12     0.1          124             0.0855              0                     0
6     12     0.1          124             0.0865              0                     0
6     12     0.1          124             0.0875              0                     0
6     12     0.1          124             0.0885              0                     0
6     12     0.1          124             0.0895              0                     0
6     12     0.1          124             0.0905              0                     0
6     12     0.1          124             0.0915              0                     0
6     12     0.1          124             0.0925              0                     0
6     12     0.1          124             0.0935              0                     0
6     12     0.1          124             0.0945              0                     0
6     12     0.1          124             0.0955              0                     0
6     12     0.1          124             0.0965              0                     0
6     12     0.1          124             0.0975              0                     0
6     12     0.1          124             0.0985              0                     0
*******************************************************************************************************
 Average angle 124.489 +- 0.680357 deg 
 Average E' 0.081199 +- 0.00044377 GeV 
