*******************************************************************************************************
Z     A     E(GeV)     Theta(deg)     Energy Loss(GeV)     Sigma(nb/sr/GeV)     ERROR     Citation     
*******************************************************************************************************
6     12     0.56          82.8             0.0028              0                     0
6     12     0.56          82.8             0.0084              0                     0
6     12     0.56          82.8             0.014              0                     0
6     12     0.56          82.8             0.0196              0                     0
6     12     0.56          82.8             0.0252              0                     0
6     12     0.56          82.8             0.0308              0                     0
6     12     0.56          82.8             0.0364              0                     0
6     12     0.56          82.8             0.042              0.0238403                     0.0238403
6     12     0.56          82.8             0.0476              0                     0
6     12     0.56          82.8             0.0532              0                     0
6     12     0.56          82.8             0.0588              0.0238403                     0.0238403
6     12     0.56          82.8             0.0644              0.0238403                     0.0238403
6     12     0.56          82.8             0.07              0.0476807                     0.0337153
6     12     0.56          82.8             0.0756              0                     0
6     12     0.56          82.8             0.0812              0.0953614                     0.0476807
6     12     0.56          82.8             0.0868              0                     0
6     12     0.56          82.8             0.0924              0.0953614                     0.0476807
6     12     0.56          82.8             0.098              0.071521                     0.0412927
6     12     0.56          82.8             0.1036              0.0953614                     0.0476807
6     12     0.56          82.8             0.1092              0.190723                     0.0674307
6     12     0.56          82.8             0.1148              0.166882                     0.0630756
6     12     0.56          82.8             0.1204              0.166882                     0.0630756
6     12     0.56          82.8             0.126              0.309924                     0.0859576
6     12     0.56          82.8             0.1316              0.357605                     0.0923332
6     12     0.56          82.8             0.1372              0.524488                     0.111821
6     12     0.56          82.8             0.1428              0.309924                     0.0859576
6     12     0.56          82.8             0.1484              0.548328                     0.114334
6     12     0.56          82.8             0.154              0.476807                     0.106617
6     12     0.56          82.8             0.1596              0.739051                     0.132737
6     12     0.56          82.8             0.1652              0.429126                     0.101146
6     12     0.56          82.8             0.1708              0.66753                     0.126151
6     12     0.56          82.8             0.1764              1.00129                     0.154503
6     12     0.56          82.8             0.182              1.04898                     0.158139
6     12     0.56          82.8             0.1876              0.905933                     0.146962
6     12     0.56          82.8             0.1932              1.02513                     0.156332
6     12     0.56          82.8             0.1988              1.2397                     0.171915
6     12     0.56          82.8             0.2044              1.21586                     0.170254
6     12     0.56          82.8             0.21              1.09666                     0.161693
6     12     0.56          82.8             0.2156              1.19202                     0.168577
6     12     0.56          82.8             0.2212              0.977454                     0.152653
6     12     0.56          82.8             0.2268              1.3589                     0.179991
6     12     0.56          82.8             0.2324              1.19202                     0.168577
6     12     0.56          82.8             0.238              1.09666                     0.161693
6     12     0.56          82.8             0.2436              1.07282                     0.159926
6     12     0.56          82.8             0.2492              1.09666                     0.161693
6     12     0.56          82.8             0.2548              0.977454                     0.152653
6     12     0.56          82.8             0.2604              0.882093                     0.145015
6     12     0.56          82.8             0.266              0.810572                     0.139012
6     12     0.56          82.8             0.2716              0.953614                     0.15078
6     12     0.56          82.8             0.2772              0.977454                     0.152653
6     12     0.56          82.8             0.2828              0.71521                     0.130579
6     12     0.56          82.8             0.2884              0.69137                     0.128384
6     12     0.56          82.8             0.294              0.524488                     0.111821
6     12     0.56          82.8             0.2996              0.810572                     0.139012
6     12     0.56          82.8             0.3052              0.548328                     0.114334
6     12     0.56          82.8             0.3108              0.619849                     0.121562
6     12     0.56          82.8             0.3164              0.739051                     0.132737
6     12     0.56          82.8             0.322              0.596009                     0.119202
6     12     0.56          82.8             0.3276              0.71521                     0.130579
6     12     0.56          82.8             0.3332              0.596009                     0.119202
6     12     0.56          82.8             0.3388              0.476807                     0.106617
6     12     0.56          82.8             0.3444              0.69137                     0.128384
6     12     0.56          82.8             0.35              0.71521                     0.130579
6     12     0.56          82.8             0.3556              0.834412                     0.141041
6     12     0.56          82.8             0.3612              0.762891                     0.134861
6     12     0.56          82.8             0.3668              0.619849                     0.121562
6     12     0.56          82.8             0.3724              0.858252                     0.143042
6     12     0.56          82.8             0.378              1.02513                     0.156332
6     12     0.56          82.8             0.3836              1.07282                     0.159926
6     12     0.56          82.8             0.3892              1.02513                     0.156332
6     12     0.56          82.8             0.3948              1.07282                     0.159926
6     12     0.56          82.8             0.4004              0.953614                     0.15078
6     12     0.56          82.8             0.406              0.882093                     0.145015
6     12     0.56          82.8             0.4116              1.28738                     0.17519
6     12     0.56          82.8             0.4172              1.09666                     0.161693
6     12     0.56          82.8             0.4228              0.977454                     0.152653
6     12     0.56          82.8             0.4284              1.3589                     0.179991
6     12     0.56          82.8             0.434              1.4781                     0.187719
6     12     0.56          82.8             0.4396              1.54962                     0.192207
6     12     0.56          82.8             0.4452              1.28738                     0.17519
6     12     0.56          82.8             0.4508              1.4781                     0.187719
6     12     0.56          82.8             0.4564              1.45426                     0.186199
6     12     0.56          82.8             0.462              1.2397                     0.171915
6     12     0.56          82.8             0.4676              1.74034                     0.203692
6     12     0.56          82.8             0.4732              1.26354                     0.17356
6     12     0.56          82.8             0.4788              1.62114                     0.196592
6     12     0.56          82.8             0.4844              1.14434                     0.165171
6     12     0.56          82.8             0.49              1.16818                     0.166882
6     12     0.56          82.8             0.4956              1.5973                     0.195142
6     12     0.56          82.8             0.5012              0.977454                     0.152653
6     12     0.56          82.8             0.5068              1.16818                     0.166882
6     12     0.56          82.8             0.5124              1.26354                     0.17356
6     12     0.56          82.8             0.518              1.00129                     0.154503
6     12     0.56          82.8             0.5236              0.882093                     0.145015
6     12     0.56          82.8             0.5292              0.810572                     0.139012
6     12     0.56          82.8             0.5348              0.810572                     0.139012
6     12     0.56          82.8             0.5404              0.262244                     0.0790695
6     12     0.56          82.8             0.546              0                     0
6     12     0.56          82.8             0.5516              0                     0
*******************************************************************************************************
 Average angle 82.7928 +- 1.50707 deg 
 Average E' 0.211843 +- 0.00385615 GeV 
