*******************************************************************************************************
Z     A     E(GeV)     Theta(deg)     Energy Loss(GeV)     Sigma(nb/sr/GeV)     ERROR     Citation     
*******************************************************************************************************
6     12     0.48          52             0.0024              0                     0
6     12     0.48          52             0.0072              0                     0
6     12     0.48          52             0.012              0                     0
6     12     0.48          52             0.0168              0                     0
6     12     0.48          52             0.0216              0                     0
6     12     0.48          52             0.0264              0                     0
6     12     0.48          52             0.0312              0                     0
6     12     0.48          52             0.036              0                     0
6     12     0.48          52             0.0408              0                     0
6     12     0.48          52             0.0456              0                     0
6     12     0.48          52             0.0504              0                     0
6     12     0.48          52             0.0552              0                     0
6     12     0.48          52             0.06              0                     0
6     12     0.48          52             0.0648              0                     0
6     12     0.48          52             0.0696              0                     0
6     12     0.48          52             0.0744              0                     0
6     12     0.48          52             0.0792              0                     0
6     12     0.48          52             0.084              0                     0
6     12     0.48          52             0.0888              0                     0
6     12     0.48          52             0.0936              0                     0
6     12     0.48          52             0.0984              0                     0
6     12     0.48          52             0.1032              0                     0
6     12     0.48          52             0.108              0                     0
6     12     0.48          52             0.1128              0                     0
6     12     0.48          52             0.1176              0                     0
6     12     0.48          52             0.1224              0                     0
6     12     0.48          52             0.1272              0                     0
6     12     0.48          52             0.132              0                     0
6     12     0.48          52             0.1368              0                     0
6     12     0.48          52             0.1416              0                     0
6     12     0.48          52             0.1464              0                     0
6     12     0.48          52             0.1512              0                     0
6     12     0.48          52             0.156              0                     0
6     12     0.48          52             0.1608              0                     0
6     12     0.48          52             0.1656              0                     0
6     12     0.48          52             0.1704              0                     0
6     12     0.48          52             0.1752              0                     0
6     12     0.48          52             0.18              0                     0
6     12     0.48          52             0.1848              0                     0
6     12     0.48          52             0.1896              0                     0
6     12     0.48          52             0.1944              0                     0
6     12     0.48          52             0.1992              0                     0
6     12     0.48          52             0.204              0                     0
6     12     0.48          52             0.2088              0.0330817                     0.0330817
6     12     0.48          52             0.2136              0.0330817                     0.0330817
6     12     0.48          52             0.2184              0.0661634                     0.0467846
6     12     0.48          52             0.2232              0.0330817                     0.0330817
6     12     0.48          52             0.228              0.0661634                     0.0467846
6     12     0.48          52             0.2328              0.0330817                     0.0330817
6     12     0.48          52             0.2376              0.165409                     0.073973
6     12     0.48          52             0.2424              0.0992451                     0.0572992
6     12     0.48          52             0.2472              0                     0
6     12     0.48          52             0.252              0.264654                     0.0935692
6     12     0.48          52             0.2568              0.0992451                     0.0572992
6     12     0.48          52             0.2616              0.231572                     0.087526
6     12     0.48          52             0.2664              0.231572                     0.087526
6     12     0.48          52             0.2712              0.396981                     0.114598
6     12     0.48          52             0.276              0.430062                     0.119278
6     12     0.48          52             0.2808              0.363899                     0.10972
6     12     0.48          52             0.2856              0.396981                     0.114598
6     12     0.48          52             0.2904              0.793961                     0.162067
6     12     0.48          52             0.2952              0.95937                     0.17815
6     12     0.48          52             0.3              0.992451                     0.181196
6     12     0.48          52             0.3048              1.4556                     0.219439
6     12     0.48          52             0.3096              1.58792                     0.229197
6     12     0.48          52             0.3144              2.38188                     0.280708
6     12     0.48          52             0.3192              1.9849                     0.25625
6     12     0.48          52             0.324              1.88566                     0.249761
6     12     0.48          52             0.3288              2.41497                     0.28265
6     12     0.48          52             0.3336              2.61346                     0.294037
6     12     0.48          52             0.3384              3.34125                     0.332467
6     12     0.48          52             0.3432              3.34125                     0.332467
6     12     0.48          52             0.348              3.70515                     0.350104
6     12     0.48          52             0.3528              3.60591                     0.345383
6     12     0.48          52             0.3576              4.39987                     0.381517
6     12     0.48          52             0.3624              4.36679                     0.38008
6     12     0.48          52             0.3672              4.1683                     0.371341
6     12     0.48          52             0.372              4.73068                     0.3956
6     12     0.48          52             0.3768              4.86301                     0.401094
6     12     0.48          52             0.3816              4.92918                     0.403814
6     12     0.48          52             0.3864              4.39987                     0.381517
6     12     0.48          52             0.3912              4.53219                     0.387212
6     12     0.48          52             0.396              4.63144                     0.391428
6     12     0.48          52             0.4008              6.21936                     0.453594
6     12     0.48          52             0.4056              5.32616                     0.41976
6     12     0.48          52             0.4104              4.99534                     0.406515
6     12     0.48          52             0.4152              4.6976                     0.394214
6     12     0.48          52             0.42              5.09458                     0.410533
6     12     0.48          52             0.4248              2.84503                     0.306787
6     12     0.48          52             0.4296              0.231572                     0.087526
6     12     0.48          52             0.4344              0                     0
6     12     0.48          52             0.4392              0                     0
6     12     0.48          52             0.444              0                     0
6     12     0.48          52             0.4488              0                     0
6     12     0.48          52             0.4536              0                     0
6     12     0.48          52             0.4584              0                     0
6     12     0.48          52             0.4632              0                     0
6     12     0.48          52             0.468              0                     0
6     12     0.48          52             0.4728              0                     0
*******************************************************************************************************
 Average angle 51.9623 +- 0.924808 deg 
 Average E' 0.110441 +- 0.00196558 GeV 
