*******************************************************************************************************
Z     A     E(GeV)     Theta(deg)     Energy Loss(GeV)     Sigma(nb/sr/GeV)     ERROR     Citation     
*******************************************************************************************************
6     12     0.48          126.667             0.0024              0                     0
6     12     0.48          126.667             0.0072              0                     0
6     12     0.48          126.667             0.012              0                     0
6     12     0.48          126.667             0.0168              0                     0
6     12     0.48          126.667             0.0216              0                     0
6     12     0.48          126.667             0.0264              0                     0
6     12     0.48          126.667             0.0312              0                     0
6     12     0.48          126.667             0.036              0                     0
6     12     0.48          126.667             0.0408              0                     0
6     12     0.48          126.667             0.0456              0                     0
6     12     0.48          126.667             0.0504              0                     0
6     12     0.48          126.667             0.0552              0                     0
6     12     0.48          126.667             0.06              0                     0
6     12     0.48          126.667             0.0648              0                     0
6     12     0.48          126.667             0.0696              0                     0
6     12     0.48          126.667             0.0744              0                     0
6     12     0.48          126.667             0.0792              0                     0
6     12     0.48          126.667             0.084              0                     0
6     12     0.48          126.667             0.0888              0                     0
6     12     0.48          126.667             0.0936              0                     0
6     12     0.48          126.667             0.0984              0                     0
6     12     0.48          126.667             0.1032              0.0324997                     0.0324997
6     12     0.48          126.667             0.108              0                     0
6     12     0.48          126.667             0.1128              0.0324997                     0.0324997
6     12     0.48          126.667             0.1176              0                     0
6     12     0.48          126.667             0.1224              0                     0
6     12     0.48          126.667             0.1272              0.0324997                     0.0324997
6     12     0.48          126.667             0.132              0.0324997                     0.0324997
6     12     0.48          126.667             0.1368              0.0324997                     0.0324997
6     12     0.48          126.667             0.1416              0.0324997                     0.0324997
6     12     0.48          126.667             0.1464              0                     0
6     12     0.48          126.667             0.1512              0                     0
6     12     0.48          126.667             0.156              0.0649994                     0.0459615
6     12     0.48          126.667             0.1608              0.194998                     0.0796076
6     12     0.48          126.667             0.1656              0.097499                     0.0562911
6     12     0.48          126.667             0.1704              0.097499                     0.0562911
6     12     0.48          126.667             0.1752              0.259997                     0.091923
6     12     0.48          126.667             0.18              0.324997                     0.102773
6     12     0.48          126.667             0.1848              0.227498                     0.0859861
6     12     0.48          126.667             0.1896              0.259997                     0.091923
6     12     0.48          126.667             0.1944              0.357496                     0.107789
6     12     0.48          126.667             0.1992              0.292497                     0.097499
6     12     0.48          126.667             0.204              0.422496                     0.117179
6     12     0.48          126.667             0.2088              0.324997                     0.102773
6     12     0.48          126.667             0.2136              0.682493                     0.148932
6     12     0.48          126.667             0.2184              0.292497                     0.097499
6     12     0.48          126.667             0.2232              0.422496                     0.117179
6     12     0.48          126.667             0.228              0.519995                     0.129999
6     12     0.48          126.667             0.2328              0.259997                     0.091923
6     12     0.48          126.667             0.2376              0.454995                     0.121603
6     12     0.48          126.667             0.2424              0.617494                     0.141663
6     12     0.48          126.667             0.2472              0.552495                     0.134
6     12     0.48          126.667             0.252              0.519995                     0.129999
6     12     0.48          126.667             0.2568              0.357496                     0.107789
6     12     0.48          126.667             0.2616              0.649994                     0.145343
6     12     0.48          126.667             0.2664              0.259997                     0.091923
6     12     0.48          126.667             0.2712              0.292497                     0.097499
6     12     0.48          126.667             0.276              0.422496                     0.117179
6     12     0.48          126.667             0.2808              0.487495                     0.125871
6     12     0.48          126.667             0.2856              0.389996                     0.112582
6     12     0.48          126.667             0.2904              0.259997                     0.091923
6     12     0.48          126.667             0.2952              0.259997                     0.091923
6     12     0.48          126.667             0.3              0.422496                     0.117179
6     12     0.48          126.667             0.3048              0.422496                     0.117179
6     12     0.48          126.667             0.3096              0.324997                     0.102773
6     12     0.48          126.667             0.3144              0.194998                     0.0796076
6     12     0.48          126.667             0.3192              0.454995                     0.121603
6     12     0.48          126.667             0.324              0.227498                     0.0859861
6     12     0.48          126.667             0.3288              0.487495                     0.125871
6     12     0.48          126.667             0.3336              0.357496                     0.107789
6     12     0.48          126.667             0.3384              0.292497                     0.097499
6     12     0.48          126.667             0.3432              0.487495                     0.125871
6     12     0.48          126.667             0.348              0.259997                     0.091923
6     12     0.48          126.667             0.3528              0.324997                     0.102773
6     12     0.48          126.667             0.3576              0.389996                     0.112582
6     12     0.48          126.667             0.3624              0.454995                     0.121603
6     12     0.48          126.667             0.3672              0.357496                     0.107789
6     12     0.48          126.667             0.372              0.292497                     0.097499
6     12     0.48          126.667             0.3768              0.747493                     0.155863
6     12     0.48          126.667             0.3816              0.812492                     0.162498
6     12     0.48          126.667             0.3864              0.649994                     0.145343
6     12     0.48          126.667             0.3912              0.682493                     0.148932
6     12     0.48          126.667             0.396              0.617494                     0.141663
6     12     0.48          126.667             0.4008              0.812492                     0.162498
6     12     0.48          126.667             0.4056              1.23499                     0.200341
6     12     0.48          126.667             0.4104              1.00749                     0.180951
6     12     0.48          126.667             0.4152              1.10499                     0.189504
6     12     0.48          126.667             0.42              1.16999                     0.194998
6     12     0.48          126.667             0.4248              0.844992                     0.165716
6     12     0.48          126.667             0.4296              1.26749                     0.20296
6     12     0.48          126.667             0.4344              0.812492                     0.162498
6     12     0.48          126.667             0.4392              1.46249                     0.218014
6     12     0.48          126.667             0.444              1.13749                     0.192271
6     12     0.48          126.667             0.4488              1.16999                     0.194998
6     12     0.48          126.667             0.4536              1.23499                     0.200341
6     12     0.48          126.667             0.4584              1.20249                     0.197688
6     12     0.48          126.667             0.4632              1.33249                     0.208099
6     12     0.48          126.667             0.468              0.389996                     0.112582
6     12     0.48          126.667             0.4728              0                     0
*******************************************************************************************************
 Average angle 126.696 +- 3.79255 deg 
 Average E' 0.12626 +- 0.00377949 GeV 
