*******************************************************************************************************
Z     A     E(GeV)     Theta(deg)     Energy Loss(GeV)     Sigma(nb/sr/GeV)     ERROR     Citation     
*******************************************************************************************************
6     12     0.48          68             0.0024              0                     0
6     12     0.48          68             0.0072              0                     0
6     12     0.48          68             0.012              0                     0
6     12     0.48          68             0.0168              0                     0
6     12     0.48          68             0.0216              0                     0
6     12     0.48          68             0.0264              0                     0
6     12     0.48          68             0.0312              0                     0
6     12     0.48          68             0.036              0                     0
6     12     0.48          68             0.0408              0                     0
6     12     0.48          68             0.0456              0                     0
6     12     0.48          68             0.0504              0                     0
6     12     0.48          68             0.0552              0                     0
6     12     0.48          68             0.06              0                     0
6     12     0.48          68             0.0648              0                     0
6     12     0.48          68             0.0696              0                     0
6     12     0.48          68             0.0744              0                     0
6     12     0.48          68             0.0792              0                     0
6     12     0.48          68             0.084              0                     0
6     12     0.48          68             0.0888              0                     0
6     12     0.48          68             0.0936              0                     0
6     12     0.48          68             0.0984              0                     0
6     12     0.48          68             0.1032              0                     0
6     12     0.48          68             0.108              0                     0
6     12     0.48          68             0.1128              0                     0
6     12     0.48          68             0.1176              0                     0
6     12     0.48          68             0.1224              0                     0
6     12     0.48          68             0.1272              0                     0
6     12     0.48          68             0.132              0                     0
6     12     0.48          68             0.1368              0                     0
6     12     0.48          68             0.1416              0                     0
6     12     0.48          68             0.1464              0                     0
6     12     0.48          68             0.1512              0                     0
6     12     0.48          68             0.156              0                     0
6     12     0.48          68             0.1608              0                     0
6     12     0.48          68             0.1656              0                     0
6     12     0.48          68             0.1704              0                     0
6     12     0.48          68             0.1752              0                     0
6     12     0.48          68             0.18              0                     0
6     12     0.48          68             0.1848              0                     0
6     12     0.48          68             0.1896              0                     0
6     12     0.48          68             0.1944              0                     0
6     12     0.48          68             0.1992              0                     0
6     12     0.48          68             0.204              0                     0
6     12     0.48          68             0.2088              0                     0
6     12     0.48          68             0.2136              0                     0
6     12     0.48          68             0.2184              0                     0
6     12     0.48          68             0.2232              0                     0
6     12     0.48          68             0.228              0.0562321                     0.0397621
6     12     0.48          68             0.2328              0                     0
6     12     0.48          68             0.2376              0                     0
6     12     0.48          68             0.2424              0.028116                     0.028116
6     12     0.48          68             0.2472              0.028116                     0.028116
6     12     0.48          68             0.252              0                     0
6     12     0.48          68             0.2568              0.0843481                     0.0486984
6     12     0.48          68             0.2616              0.028116                     0.028116
6     12     0.48          68             0.2664              0.14058                     0.0628694
6     12     0.48          68             0.2712              0.14058                     0.0628694
6     12     0.48          68             0.276              0.168696                     0.06887
6     12     0.48          68             0.2808              0.0843481                     0.0486984
6     12     0.48          68             0.2856              0.112464                     0.0562321
6     12     0.48          68             0.2904              0.196812                     0.0743881
6     12     0.48          68             0.2952              0.196812                     0.0743881
6     12     0.48          68             0.3              0.168696                     0.06887
6     12     0.48          68             0.3048              0.534205                     0.122555
6     12     0.48          68             0.3096              0.477973                     0.115925
6     12     0.48          68             0.3144              0.955946                     0.163943
6     12     0.48          68             0.3192              0.674785                     0.13774
6     12     0.48          68             0.324              0.871597                     0.156544
6     12     0.48          68             0.3288              0.787249                     0.148776
6     12     0.48          68             0.3336              0.92783                     0.161514
6     12     0.48          68             0.3384              1.4058                     0.19881
6     12     0.48          68             0.3432              1.63073                     0.214125
6     12     0.48          68             0.348              1.79943                     0.224928
6     12     0.48          68             0.3528              1.54638                     0.208514
6     12     0.48          68             0.3576              1.29334                     0.190692
6     12     0.48          68             0.3624              1.82754                     0.226679
6     12     0.48          68             0.3672              2.24928                     0.251478
6     12     0.48          68             0.372              2.69914                     0.27548
6     12     0.48          68             0.3768              2.53044                     0.266732
6     12     0.48          68             0.3816              2.58668                     0.26968
6     12     0.48          68             0.3864              2.02436                     0.238573
6     12     0.48          68             0.3912              2.53044                     0.266732
6     12     0.48          68             0.396              2.41798                     0.260737
6     12     0.48          68             0.4008              2.69914                     0.27548
6     12     0.48          68             0.4056              2.64291                     0.272595
6     12     0.48          68             0.4104              3.12088                     0.296221
6     12     0.48          68             0.4152              2.38986                     0.259217
6     12     0.48          68             0.42              2.72726                     0.276911
6     12     0.48          68             0.4248              3.06465                     0.29354
6     12     0.48          68             0.4296              2.36175                     0.257688
6     12     0.48          68             0.4344              3.00842                     0.290835
6     12     0.48          68             0.4392              2.75537                     0.278335
6     12     0.48          68             0.444              2.72726                     0.276911
6     12     0.48          68             0.4488              0.28116                     0.0889107
6     12     0.48          68             0.4536              0                     0
6     12     0.48          68             0.4584              0                     0
6     12     0.48          68             0.4632              0                     0
6     12     0.48          68             0.468              0                     0
6     12     0.48          68             0.4728              0                     0
*******************************************************************************************************
 Average angle 67.9593 +- 1.45921 deg 
 Average E' 0.0921845 +- 0.00197937 GeV 
