*******************************************************************************************************
Z     A     E(GeV)     Theta(deg)     Energy Loss(GeV)     Sigma(nb/sr/GeV)     ERROR     Citation     
*******************************************************************************************************
6     12     0.32          135             0.0016              0                     0
6     12     0.32          135             0.0048              0                     0
6     12     0.32          135             0.008              0                     0
6     12     0.32          135             0.0112              0                     0
6     12     0.32          135             0.0144              0                     0
6     12     0.32          135             0.0176              0.0440765                     0.0440765
6     12     0.32          135             0.0208              0                     0
6     12     0.32          135             0.024              0                     0
6     12     0.32          135             0.0272              0                     0
6     12     0.32          135             0.0304              0                     0
6     12     0.32          135             0.0336              0.0440765                     0.0440765
6     12     0.32          135             0.0368              0.0440765                     0.0440765
6     12     0.32          135             0.04              0.0440765                     0.0440765
6     12     0.32          135             0.0432              0                     0
6     12     0.32          135             0.0464              0.13223                     0.0763428
6     12     0.32          135             0.0496              0.176306                     0.0881531
6     12     0.32          135             0.0528              0.0881531                     0.0623337
6     12     0.32          135             0.056              0.308536                     0.116616
6     12     0.32          135             0.0592              0.220383                     0.0985582
6     12     0.32          135             0.0624              0.13223                     0.0763428
6     12     0.32          135             0.0656              0.528919                     0.152686
6     12     0.32          135             0.0688              0.440765                     0.139382
6     12     0.32          135             0.072              0.440765                     0.139382
6     12     0.32          135             0.0752              0.352612                     0.124667
6     12     0.32          135             0.0784              0.837454                     0.192125
6     12     0.32          135             0.0816              0.661148                     0.170708
6     12     0.32          135             0.0848              0.881531                     0.197116
6     12     0.32          135             0.088              0.793378                     0.187001
6     12     0.32          135             0.0912              0.749301                     0.181732
6     12     0.32          135             0.0944              1.05784                     0.21593
6     12     0.32          135             0.0976              1.14599                     0.224747
6     12     0.32          135             0.1008              0.572995                     0.15892
6     12     0.32          135             0.104              0.925608                     0.201984
6     12     0.32          135             0.1072              1.36637                     0.245408
6     12     0.32          135             0.1104              1.45453                     0.2532
6     12     0.32          135             0.1136              1.10191                     0.220383
6     12     0.32          135             0.1168              1.4986                     0.257008
6     12     0.32          135             0.12              1.3223                     0.241417
6     12     0.32          135             0.1232              1.45453                     0.2532
6     12     0.32          135             0.1264              1.14599                     0.224747
6     12     0.32          135             0.1296              1.76306                     0.278765
6     12     0.32          135             0.1328              1.3223                     0.241417
6     12     0.32          135             0.136              1.19007                     0.229028
6     12     0.32          135             0.1392              1.54268                     0.26076
6     12     0.32          135             0.1424              1.3223                     0.241417
6     12     0.32          135             0.1456              1.67491                     0.271706
6     12     0.32          135             0.1488              1.05784                     0.21593
6     12     0.32          135             0.152              1.58676                     0.264459
6     12     0.32          135             0.1552              1.27822                     0.237359
6     12     0.32          135             0.1584              1.27822                     0.237359
6     12     0.32          135             0.1616              0.793378                     0.187001
6     12     0.32          135             0.1648              1.23414                     0.233231
6     12     0.32          135             0.168              0.969684                     0.206737
6     12     0.32          135             0.1712              1.10191                     0.220383
6     12     0.32          135             0.1744              0.528919                     0.152686
6     12     0.32          135             0.1776              0.837454                     0.192125
6     12     0.32          135             0.1808              0.925608                     0.201984
6     12     0.32          135             0.184              0.837454                     0.192125
6     12     0.32          135             0.1872              0.617072                     0.164919
6     12     0.32          135             0.1904              0.705225                     0.176306
6     12     0.32          135             0.1936              0.661148                     0.170708
6     12     0.32          135             0.1968              0.572995                     0.15892
6     12     0.32          135             0.2              0.528919                     0.152686
6     12     0.32          135             0.2032              0.528919                     0.152686
6     12     0.32          135             0.2064              0.572995                     0.15892
6     12     0.32          135             0.2096              0.484842                     0.146185
6     12     0.32          135             0.2128              0.440765                     0.139382
6     12     0.32          135             0.216              0.440765                     0.139382
6     12     0.32          135             0.2192              0.617072                     0.164919
6     12     0.32          135             0.2224              0.484842                     0.146185
6     12     0.32          135             0.2256              0.572995                     0.15892
6     12     0.32          135             0.2288              0.264459                     0.107965
6     12     0.32          135             0.232              0.572995                     0.15892
6     12     0.32          135             0.2352              0.749301                     0.181732
6     12     0.32          135             0.2384              0.617072                     0.164919
6     12     0.32          135             0.2416              0.749301                     0.181732
6     12     0.32          135             0.2448              0.793378                     0.187001
6     12     0.32          135             0.248              0.837454                     0.192125
6     12     0.32          135             0.2512              0.396689                     0.13223
6     12     0.32          135             0.2544              0.661148                     0.170708
6     12     0.32          135             0.2576              0.837454                     0.192125
6     12     0.32          135             0.2608              0.617072                     0.164919
6     12     0.32          135             0.264              0.881531                     0.197116
6     12     0.32          135             0.2672              0.881531                     0.197116
6     12     0.32          135             0.2704              0.881531                     0.197116
6     12     0.32          135             0.2736              1.10191                     0.220383
6     12     0.32          135             0.2768              1.01376                     0.211384
6     12     0.32          135             0.28              0.705225                     0.176306
6     12     0.32          135             0.2832              0.969684                     0.206737
6     12     0.32          135             0.2864              1.23414                     0.233231
6     12     0.32          135             0.2896              1.14599                     0.224747
6     12     0.32          135             0.2928              1.67491                     0.271706
6     12     0.32          135             0.296              1.63083                     0.268107
6     12     0.32          135             0.2992              1.3223                     0.241417
6     12     0.32          135             0.3024              0.440765                     0.139382
6     12     0.32          135             0.3056              0                     0
6     12     0.32          135             0.3088              0                     0
6     12     0.32          135             0.312              0                     0
6     12     0.32          135             0.3152              0                     0
*******************************************************************************************************
 Average angle 134.989 +- 3.40141 deg 
 Average E' 0.141224 +- 0.00355851 GeV 
