*******************************************************************************************************
Z     A     E(GeV)     Theta(deg)     Energy Loss(GeV)     Sigma(nb/sr/GeV)     ERROR     Citation     
*******************************************************************************************************
6     12     0.4          56             0.002              0                     0
6     12     0.4          56             0.006              0                     0
6     12     0.4          56             0.01              0                     0
6     12     0.4          56             0.014              0                     0
6     12     0.4          56             0.018              0                     0
6     12     0.4          56             0.022              0                     0
6     12     0.4          56             0.026              0                     0
6     12     0.4          56             0.03              0                     0
6     12     0.4          56             0.034              0                     0
6     12     0.4          56             0.038              0                     0
6     12     0.4          56             0.042              0                     0
6     12     0.4          56             0.046              0                     0
6     12     0.4          56             0.05              0                     0
6     12     0.4          56             0.054              0                     0
6     12     0.4          56             0.058              0                     0
6     12     0.4          56             0.062              0                     0
6     12     0.4          56             0.066              0                     0
6     12     0.4          56             0.07              0                     0
6     12     0.4          56             0.074              0                     0
6     12     0.4          56             0.078              0                     0
6     12     0.4          56             0.082              0                     0
6     12     0.4          56             0.086              0                     0
6     12     0.4          56             0.09              0                     0
6     12     0.4          56             0.094              0                     0
6     12     0.4          56             0.098              0                     0
6     12     0.4          56             0.102              0                     0
6     12     0.4          56             0.106              0                     0
6     12     0.4          56             0.11              0                     0
6     12     0.4          56             0.114              0                     0
6     12     0.4          56             0.118              0                     0
6     12     0.4          56             0.122              0                     0
6     12     0.4          56             0.126              0                     0
6     12     0.4          56             0.13              0                     0
6     12     0.4          56             0.134              0                     0
6     12     0.4          56             0.138              0                     0
6     12     0.4          56             0.142              0                     0
6     12     0.4          56             0.146              0                     0
6     12     0.4          56             0.15              0                     0
6     12     0.4          56             0.154              0                     0
6     12     0.4          56             0.158              0                     0
6     12     0.4          56             0.162              0                     0
6     12     0.4          56             0.166              0                     0
6     12     0.4          56             0.17              0                     0
6     12     0.4          56             0.174              0                     0
6     12     0.4          56             0.178              0                     0
6     12     0.4          56             0.182              0                     0
6     12     0.4          56             0.186              0                     0
6     12     0.4          56             0.19              0                     0
6     12     0.4          56             0.194              0                     0
6     12     0.4          56             0.198              0                     0
6     12     0.4          56             0.202              0.0348087                     0.0348087
6     12     0.4          56             0.206              0                     0
6     12     0.4          56             0.21              0.0696174                     0.0492269
6     12     0.4          56             0.214              0                     0
6     12     0.4          56             0.218              0                     0
6     12     0.4          56             0.222              0.0348087                     0.0348087
6     12     0.4          56             0.226              0.0348087                     0.0348087
6     12     0.4          56             0.23              0.104426                     0.0602904
6     12     0.4          56             0.234              0.208852                     0.0852635
6     12     0.4          56             0.238              0.104426                     0.0602904
6     12     0.4          56             0.242              0.139235                     0.0696174
6     12     0.4          56             0.246              0.313278                     0.104426
6     12     0.4          56             0.25              0.174043                     0.0778346
6     12     0.4          56             0.254              0.174043                     0.0778346
6     12     0.4          56             0.258              0.348087                     0.110075
6     12     0.4          56             0.262              0.27847                     0.0984538
6     12     0.4          56             0.266              0.487322                     0.130242
6     12     0.4          56             0.27              0.870217                     0.174043
6     12     0.4          56             0.274              0.556939                     0.139235
6     12     0.4          56             0.278              0.696174                     0.155669
6     12     0.4          56             0.282              0.730982                     0.159513
6     12     0.4          56             0.286              1.07907                     0.193807
6     12     0.4          56             0.29              0.835409                     0.170527
6     12     0.4          56             0.294              1.25311                     0.208852
6     12     0.4          56             0.298              1.77524                     0.248584
6     12     0.4          56             0.302              1.53158                     0.230895
6     12     0.4          56             0.306              2.33218                     0.284921
6     12     0.4          56             0.31              2.54103                     0.297406
6     12     0.4          56             0.314              2.54103                     0.297406
6     12     0.4          56             0.318              3.27202                     0.337483
6     12     0.4          56             0.322              3.48087                     0.348087
6     12     0.4          56             0.326              4.03781                     0.374901
6     12     0.4          56             0.33              4.4207                     0.392274
6     12     0.4          56             0.334              4.07262                     0.376514
6     12     0.4          56             0.338              4.97764                     0.416251
6     12     0.4          56             0.342              3.75934                     0.361743
6     12     0.4          56             0.346              0.556939                     0.139235
6     12     0.4          56             0.35              0                     0
6     12     0.4          56             0.354              0                     0
6     12     0.4          56             0.358              0                     0
6     12     0.4          56             0.362              0                     0
6     12     0.4          56             0.366              0                     0
6     12     0.4          56             0.37              0                     0
6     12     0.4          56             0.374              0                     0
6     12     0.4          56             0.378              0                     0
6     12     0.4          56             0.382              0                     0
6     12     0.4          56             0.386              0                     0
6     12     0.4          56             0.39              0                     0
6     12     0.4          56             0.394              0                     0
*******************************************************************************************************
 Average angle 55.9954 +- 1.51063 deg 
 Average E' 0.0847072 +- 0.00228521 GeV 
