*******************************************************************************************************
Z     A     E(GeV)     Theta(deg)     Energy Loss(GeV)     Sigma(nb/sr/GeV)     ERROR     Citation     
*******************************************************************************************************
6     12     0.4          61.1667             0.002              0                     0
6     12     0.4          61.1667             0.006              0.19765                     0.0806901
6     12     0.4          61.1667             0.01              0.889423                     0.17117
6     12     0.4          61.1667             0.014              1.05413                     0.186346
6     12     0.4          61.1667             0.018              1.77885                     0.24207
6     12     0.4          61.1667             0.022              2.27297                     0.273634
6     12     0.4          61.1667             0.026              3.92005                     0.35935
6     12     0.4          61.1667             0.03              3.62358                     0.345494
6     12     0.4          61.1667             0.034              5.40242                     0.421858
6     12     0.4          61.1667             0.038              6.29185                     0.455262
6     12     0.4          61.1667             0.042              7.60951                     0.500669
6     12     0.4          61.1667             0.046              8.30128                     0.522932
6     12     0.4          61.1667             0.05              10.6731                     0.592949
6     12     0.4          61.1667             0.054              9.58601                     0.561942
6     12     0.4          61.1667             0.058              11.266                     0.609197
6     12     0.4          61.1667             0.062              11.5954                     0.618039
6     12     0.4          61.1667             0.066              12.7484                     0.648038
6     12     0.4          61.1667             0.07              12.7155                     0.6472
6     12     0.4          61.1667             0.074              12.4519                     0.640458
6     12     0.4          61.1667             0.078              14.1649                     0.683092
6     12     0.4          61.1667             0.082              13.4402                     0.665388
6     12     0.4          61.1667             0.086              14.2967                     0.686262
6     12     0.4          61.1667             0.09              14.0661                     0.680705
6     12     0.4          61.1667             0.094              13.539                     0.66783
6     12     0.4          61.1667             0.098              12.2213                     0.6345
6     12     0.4          61.1667             0.102              11.8919                     0.625891
6     12     0.4          61.1667             0.106              11.2001                     0.607413
6     12     0.4          61.1667             0.11              10.9037                     0.59932
6     12     0.4          61.1667             0.114              10.2778                     0.581865
6     12     0.4          61.1667             0.118              9.75072                     0.566749
6     12     0.4          61.1667             0.122              7.70834                     0.50391
6     12     0.4          61.1667             0.126              9.4213                     0.557093
6     12     0.4          61.1667             0.13              7.01656                     0.480767
6     12     0.4          61.1667             0.134              6.98362                     0.479637
6     12     0.4          61.1667             0.138              6.52244                     0.463529
6     12     0.4          61.1667             0.142              5.76478                     0.435776
6     12     0.4          61.1667             0.146              5.43537                     0.423143
6     12     0.4          61.1667             0.15              3.78828                     0.353259
6     12     0.4          61.1667             0.154              4.28241                     0.375592
6     12     0.4          61.1667             0.158              3.85417                     0.356318
6     12     0.4          61.1667             0.162              3.65652                     0.347061
6     12     0.4          61.1667             0.166              3.45887                     0.337551
6     12     0.4          61.1667             0.17              3.09651                     0.319381
6     12     0.4          61.1667             0.174              3.06357                     0.317677
6     12     0.4          61.1667             0.178              2.63533                     0.294639
6     12     0.4          61.1667             0.182              2.47062                     0.285283
6     12     0.4          61.1667             0.186              3.26122                     0.327765
6     12     0.4          61.1667             0.19              2.00944                     0.257282
6     12     0.4          61.1667             0.194              2.40474                     0.281453
6     12     0.4          61.1667             0.198              1.91061                     0.250876
6     12     0.4          61.1667             0.202              2.00944                     0.257282
6     12     0.4          61.1667             0.206              1.71296                     0.237545
6     12     0.4          61.1667             0.21              2.17415                     0.267619
6     12     0.4          61.1667             0.214              2.27297                     0.273634
6     12     0.4          61.1667             0.218              2.20709                     0.269639
6     12     0.4          61.1667             0.222              2.1412                     0.265584
6     12     0.4          61.1667             0.226              2.10826                     0.263533
6     12     0.4          61.1667             0.23              2.04238                     0.259382
6     12     0.4          61.1667             0.234              1.77885                     0.24207
6     12     0.4          61.1667             0.238              2.3718                     0.279519
6     12     0.4          61.1667             0.242              2.1412                     0.265584
6     12     0.4          61.1667             0.246              2.1412                     0.265584
6     12     0.4          61.1667             0.25              2.27297                     0.273634
6     12     0.4          61.1667             0.254              2.56945                     0.290932
6     12     0.4          61.1667             0.258              2.30591                     0.275609
6     12     0.4          61.1667             0.262              2.50356                     0.287178
6     12     0.4          61.1667             0.266              2.70121                     0.298299
6     12     0.4          61.1667             0.27              2.50356                     0.287178
6     12     0.4          61.1667             0.274              2.43768                     0.283374
6     12     0.4          61.1667             0.278              3.03063                     0.315965
6     12     0.4          61.1667             0.282              2.73415                     0.300112
6     12     0.4          61.1667             0.286              2.63533                     0.294639
6     12     0.4          61.1667             0.29              2.9318                     0.31077
6     12     0.4          61.1667             0.294              2.5365                     0.289061
6     12     0.4          61.1667             0.298              2.73415                     0.300112
6     12     0.4          61.1667             0.302              3.26122                     0.327765
6     12     0.4          61.1667             0.306              2.73415                     0.300112
6     12     0.4          61.1667             0.31              3.55769                     0.342339
6     12     0.4          61.1667             0.314              3.59064                     0.34392
6     12     0.4          61.1667             0.318              3.62358                     0.345494
6     12     0.4          61.1667             0.322              4.24947                     0.374145
6     12     0.4          61.1667             0.326              4.97418                     0.404793
6     12     0.4          61.1667             0.33              3.98593                     0.362358
6     12     0.4          61.1667             0.334              4.31535                     0.377034
6     12     0.4          61.1667             0.338              3.98593                     0.362358
6     12     0.4          61.1667             0.342              4.44712                     0.382747
6     12     0.4          61.1667             0.346              5.53419                     0.426972
6     12     0.4          61.1667             0.35              4.44712                     0.382747
6     12     0.4          61.1667             0.354              0.592949                     0.139759
6     12     0.4          61.1667             0.358              0                     0
6     12     0.4          61.1667             0.362              0                     0
6     12     0.4          61.1667             0.366              0                     0
6     12     0.4          61.1667             0.37              0                     0
6     12     0.4          61.1667             0.374              0                     0
6     12     0.4          61.1667             0.378              0                     0
6     12     0.4          61.1667             0.382              0                     0
6     12     0.4          61.1667             0.386              0                     0
6     12     0.4          61.1667             0.39              0                     0
6     12     0.4          61.1667             0.394              0                     0
*******************************************************************************************************
 Average angle 61.1305 +- 0.517776 deg 
 Average E' 0.257685 +- 0.0021826 GeV 
