*******************************************************************************************************
Z     A     E(GeV)     Theta(deg)     Energy Loss(GeV)     Sigma(nb/sr/GeV)     ERROR     Citation     
*******************************************************************************************************
6     12     1          15.6667             0.005              0                     0
6     12     1          15.6667             0.015              0                     0
6     12     1          15.6667             0.025              0                     0
6     12     1          15.6667             0.035              0                     0
6     12     1          15.6667             0.045              0                     0
6     12     1          15.6667             0.055              0                     0
6     12     1          15.6667             0.065              0                     0
6     12     1          15.6667             0.075              0                     0
6     12     1          15.6667             0.085              0                     0
6     12     1          15.6667             0.095              0                     0
6     12     1          15.6667             0.105              0                     0
6     12     1          15.6667             0.115              0                     0
6     12     1          15.6667             0.125              0                     0
6     12     1          15.6667             0.135              0                     0
6     12     1          15.6667             0.145              0                     0
6     12     1          15.6667             0.155              0                     0
6     12     1          15.6667             0.165              0.432818                     0.306048
6     12     1          15.6667             0.175              0.216409                     0.216409
6     12     1          15.6667             0.185              2.16409                     0.684345
6     12     1          15.6667             0.195              3.02973                     0.809728
6     12     1          15.6667             0.205              3.67895                     0.892277
6     12     1          15.6667             0.215              4.97741                     1.03786
6     12     1          15.6667             0.225              9.52199                     1.43549
6     12     1          15.6667             0.235              8.00713                     1.31636
6     12     1          15.6667             0.245              7.3579                     1.26187
6     12     1          15.6667             0.255              9.08918                     1.40249
6     12     1          15.6667             0.265              11.9025                     1.60493
6     12     1          15.6667             0.275              6.49227                     1.18532
6     12     1          15.6667             0.285              8.87277                     1.38569
6     12     1          15.6667             0.295              8.43995                     1.35147
6     12     1          15.6667             0.305              11.2533                     1.56055
6     12     1          15.6667             0.315              8.65636                     1.36869
6     12     1          15.6667             0.325              9.95481                     1.46776
6     12     1          15.6667             0.335              7.1415                     1.24317
6     12     1          15.6667             0.345              13.2009                     1.69021
6     12     1          15.6667             0.355              6.27586                     1.1654
6     12     1          15.6667             0.365              6.70868                     1.20491
6     12     1          15.6667             0.375              6.92509                     1.22419
6     12     1          15.6667             0.385              6.70868                     1.20491
6     12     1          15.6667             0.395              6.92509                     1.22419
6     12     1          15.6667             0.405              6.70868                     1.20491
6     12     1          15.6667             0.415              8.65636                     1.36869
6     12     1          15.6667             0.425              6.92509                     1.22419
6     12     1          15.6667             0.435              8.22354                     1.33403
6     12     1          15.6667             0.445              10.1712                     1.48363
6     12     1          15.6667             0.455              6.70868                     1.20491
6     12     1          15.6667             0.465              7.1415                     1.24317
6     12     1          15.6667             0.475              6.49227                     1.18532
6     12     1          15.6667             0.485              7.3579                     1.26187
6     12     1          15.6667             0.495              6.92509                     1.22419
6     12     1          15.6667             0.505              6.49227                     1.18532
6     12     1          15.6667             0.515              6.70868                     1.20491
6     12     1          15.6667             0.525              4.54459                     0.99171
6     12     1          15.6667             0.535              6.49227                     1.18532
6     12     1          15.6667             0.545              5.62663                     1.10347
6     12     1          15.6667             0.555              4.761                     1.01505
6     12     1          15.6667             0.565              4.54459                     0.99171
6     12     1          15.6667             0.575              6.05945                     1.14513
6     12     1          15.6667             0.585              5.41022                     1.08204
6     12     1          15.6667             0.595              3.67895                     0.892277
6     12     1          15.6667             0.605              4.97741                     1.03786
6     12     1          15.6667             0.615              5.19381                     1.06018
6     12     1          15.6667             0.625              5.62663                     1.10347
6     12     1          15.6667             0.635              2.59691                     0.749663
6     12     1          15.6667             0.645              3.02973                     0.809728
6     12     1          15.6667             0.655              5.84304                     1.12449
6     12     1          15.6667             0.665              3.67895                     0.892277
6     12     1          15.6667             0.675              4.32818                     0.96781
6     12     1          15.6667             0.685              5.62663                     1.10347
6     12     1          15.6667             0.695              3.67895                     0.892277
6     12     1          15.6667             0.705              2.3805                     0.717747
6     12     1          15.6667             0.715              2.81332                     0.780274
6     12     1          15.6667             0.725              2.3805                     0.717747
6     12     1          15.6667             0.735              0.865636                     0.432818
6     12     1          15.6667             0.745              1.73127                     0.612097
6     12     1          15.6667             0.755              0.432818                     0.306048
6     12     1          15.6667             0.765              0.432818                     0.306048
6     12     1          15.6667             0.775              0                     0
6     12     1          15.6667             0.785              0                     0
6     12     1          15.6667             0.795              0                     0
6     12     1          15.6667             0.805              0                     0
6     12     1          15.6667             0.815              0                     0
6     12     1          15.6667             0.825              0                     0
6     12     1          15.6667             0.835              0                     0
6     12     1          15.6667             0.845              0                     0
6     12     1          15.6667             0.855              0                     0
6     12     1          15.6667             0.865              0                     0
6     12     1          15.6667             0.875              0                     0
6     12     1          15.6667             0.885              0                     0
6     12     1          15.6667             0.895              0                     0
6     12     1          15.6667             0.905              0                     0
6     12     1          15.6667             0.915              0                     0
6     12     1          15.6667             0.925              0                     0
6     12     1          15.6667             0.935              0                     0
6     12     1          15.6667             0.945              0                     0
6     12     1          15.6667             0.955              0                     0
6     12     1          15.6667             0.965              0                     0
6     12     1          15.6667             0.975              0                     0
6     12     1          15.6667             0.985              0                     0
*******************************************************************************************************
 Average angle 15.6033 +- 0.386239 deg 
 Average E' 0.574181 +- 0.0142131 GeV 
