*******************************************************************************************************
Z     A     E(GeV)     Theta(deg)     Energy Loss(GeV)     Sigma(nb/sr/GeV)     ERROR     Citation     
*******************************************************************************************************
6     12     0.24          147.333             0.0012              0                     0
6     12     0.24          147.333             0.0036              0                     0
6     12     0.24          147.333             0.006              0                     0
6     12     0.24          147.333             0.0084              0.0610381                     0.0610381
6     12     0.24          147.333             0.0108              0.122076                     0.0863209
6     12     0.24          147.333             0.0132              0                     0
6     12     0.24          147.333             0.0156              0.0610381                     0.0610381
6     12     0.24          147.333             0.018              0.0610381                     0.0610381
6     12     0.24          147.333             0.0204              0.183114                     0.105721
6     12     0.24          147.333             0.0228              0.366229                     0.149512
6     12     0.24          147.333             0.0252              0.366229                     0.149512
6     12     0.24          147.333             0.0276              0.0610381                     0.0610381
6     12     0.24          147.333             0.03              0.183114                     0.105721
6     12     0.24          147.333             0.0324              0.549343                     0.183114
6     12     0.24          147.333             0.0348              0.854533                     0.228384
6     12     0.24          147.333             0.0372              0.854533                     0.228384
6     12     0.24          147.333             0.0396              0.854533                     0.228384
6     12     0.24          147.333             0.042              0.854533                     0.228384
6     12     0.24          147.333             0.0444              1.09869                     0.258963
6     12     0.24          147.333             0.0468              0.97661                     0.244152
6     12     0.24          147.333             0.0492              0.549343                     0.183114
6     12     0.24          147.333             0.0516              0.97661                     0.244152
6     12     0.24          147.333             0.054              1.70907                     0.322983
6     12     0.24          147.333             0.0564              2.25841                     0.37128
6     12     0.24          147.333             0.0588              1.83114                     0.334319
6     12     0.24          147.333             0.0612              1.83114                     0.334319
6     12     0.24          147.333             0.0636              1.83114                     0.334319
6     12     0.24          147.333             0.066              2.19737                     0.366229
6     12     0.24          147.333             0.0684              2.80775                     0.413981
6     12     0.24          147.333             0.0708              2.25841                     0.37128
6     12     0.24          147.333             0.0732              2.31945                     0.376264
6     12     0.24          147.333             0.0756              2.31945                     0.376264
6     12     0.24          147.333             0.078              2.50256                     0.390835
6     12     0.24          147.333             0.0804              2.25841                     0.37128
6     12     0.24          147.333             0.0828              2.25841                     0.37128
6     12     0.24          147.333             0.0852              2.80775                     0.413981
6     12     0.24          147.333             0.0876              2.44152                     0.386039
6     12     0.24          147.333             0.09              1.70907                     0.322983
6     12     0.24          147.333             0.0924              1.7701                     0.3287
6     12     0.24          147.333             0.0948              2.38049                     0.381183
6     12     0.24          147.333             0.0972              1.70907                     0.322983
6     12     0.24          147.333             0.0996              1.89218                     0.339846
6     12     0.24          147.333             0.102              2.0753                     0.35591
6     12     0.24          147.333             0.1044              2.19737                     0.366229
6     12     0.24          147.333             0.1068              1.09869                     0.258963
6     12     0.24          147.333             0.1092              2.31945                     0.376264
6     12     0.24          147.333             0.1116              1.52595                     0.305191
6     12     0.24          147.333             0.114              1.64803                     0.317163
6     12     0.24          147.333             0.1164              2.01426                     0.350637
6     12     0.24          147.333             0.1188              0.793495                     0.220076
6     12     0.24          147.333             0.1212              1.52595                     0.305191
6     12     0.24          147.333             0.1236              0.732457                     0.211442
6     12     0.24          147.333             0.126              1.40388                     0.292728
6     12     0.24          147.333             0.1284              1.34284                     0.286294
6     12     0.24          147.333             0.1308              1.2818                     0.279712
6     12     0.24          147.333             0.1332              1.46491                     0.299024
6     12     0.24          147.333             0.1356              1.34284                     0.286294
6     12     0.24          147.333             0.138              1.34284                     0.286294
6     12     0.24          147.333             0.1404              1.03765                     0.251667
6     12     0.24          147.333             0.1428              0.549343                     0.183114
6     12     0.24          147.333             0.1452              0.427267                     0.161492
6     12     0.24          147.333             0.1476              0.97661                     0.244152
6     12     0.24          147.333             0.15              0.732457                     0.211442
6     12     0.24          147.333             0.1524              0.915572                     0.2364
6     12     0.24          147.333             0.1548              0.732457                     0.211442
6     12     0.24          147.333             0.1572              1.15972                     0.266059
6     12     0.24          147.333             0.1596              1.09869                     0.258963
6     12     0.24          147.333             0.162              0.671419                     0.20244
6     12     0.24          147.333             0.1644              0.305191                     0.136485
6     12     0.24          147.333             0.1668              0.610381                     0.193019
6     12     0.24          147.333             0.1692              0.244152                     0.122076
6     12     0.24          147.333             0.1716              0.732457                     0.211442
6     12     0.24          147.333             0.174              0.488305                     0.172642
6     12     0.24          147.333             0.1764              0.549343                     0.183114
6     12     0.24          147.333             0.1788              0.610381                     0.193019
6     12     0.24          147.333             0.1812              0.488305                     0.172642
6     12     0.24          147.333             0.1836              0.488305                     0.172642
6     12     0.24          147.333             0.186              0.671419                     0.20244
6     12     0.24          147.333             0.1884              0.549343                     0.183114
6     12     0.24          147.333             0.1908              0.549343                     0.183114
6     12     0.24          147.333             0.1932              0.610381                     0.193019
6     12     0.24          147.333             0.1956              0.549343                     0.183114
6     12     0.24          147.333             0.198              0.854533                     0.228384
6     12     0.24          147.333             0.2004              0.610381                     0.193019
6     12     0.24          147.333             0.2028              0.610381                     0.193019
6     12     0.24          147.333             0.2052              0.488305                     0.172642
6     12     0.24          147.333             0.2076              0.549343                     0.183114
6     12     0.24          147.333             0.21              0.305191                     0.136485
6     12     0.24          147.333             0.2124              0.854533                     0.228384
6     12     0.24          147.333             0.2148              0.549343                     0.183114
6     12     0.24          147.333             0.2172              0.244152                     0.122076
6     12     0.24          147.333             0.2196              0                     0
6     12     0.24          147.333             0.222              0                     0
6     12     0.24          147.333             0.2244              0                     0
6     12     0.24          147.333             0.2268              0                     0
6     12     0.24          147.333             0.2292              0                     0
6     12     0.24          147.333             0.2316              0                     0
6     12     0.24          147.333             0.234              0                     0
6     12     0.24          147.333             0.2364              0                     0
*******************************************************************************************************
 Average angle 147.318 +- 3.69452 deg 
 Average E' 0.135175 +- 0.00338998 GeV 
