*******************************************************************************************************
Z     A     E(GeV)     Theta(deg)     Energy Loss(GeV)     Sigma(nb/sr/GeV)     ERROR     Citation     
*******************************************************************************************************
6     12     0.4          118             0.002              0                     0
6     12     0.4          118             0.006              0                     0
6     12     0.4          118             0.01              0                     0
6     12     0.4          118             0.014              0                     0
6     12     0.4          118             0.018              0                     0
6     12     0.4          118             0.022              0                     0
6     12     0.4          118             0.026              0                     0
6     12     0.4          118             0.03              0                     0
6     12     0.4          118             0.034              0                     0
6     12     0.4          118             0.038              0                     0
6     12     0.4          118             0.042              0                     0
6     12     0.4          118             0.046              0                     0
6     12     0.4          118             0.05              0.0326834                     0.0326834
6     12     0.4          118             0.054              0.0326834                     0.0326834
6     12     0.4          118             0.058              0.0326834                     0.0326834
6     12     0.4          118             0.062              0.0653668                     0.0462213
6     12     0.4          118             0.066              0.0653668                     0.0462213
6     12     0.4          118             0.07              0.130734                     0.0653668
6     12     0.4          118             0.074              0.0326834                     0.0326834
6     12     0.4          118             0.078              0.130734                     0.0653668
6     12     0.4          118             0.082              0.163417                     0.0730823
6     12     0.4          118             0.086              0.1961                     0.0800576
6     12     0.4          118             0.09              0                     0
6     12     0.4          118             0.094              0.0653668                     0.0462213
6     12     0.4          118             0.098              0.228784                     0.0864721
6     12     0.4          118             0.102              0.163417                     0.0730823
6     12     0.4          118             0.106              0.261467                     0.0924426
6     12     0.4          118             0.11              0.424884                     0.117842
6     12     0.4          118             0.114              0.29415                     0.0980501
6     12     0.4          118             0.118              0.490251                     0.126582
6     12     0.4          118             0.122              0.686351                     0.149774
6     12     0.4          118             0.126              0.359517                     0.108399
6     12     0.4          118             0.13              0.522934                     0.130734
6     12     0.4          118             0.134              0.719034                     0.153299
6     12     0.4          118             0.138              0.653668                     0.146165
6     12     0.4          118             0.142              0.817085                     0.163417
6     12     0.4          118             0.146              0.490251                     0.126582
6     12     0.4          118             0.15              0.784401                     0.160115
6     12     0.4          118             0.154              1.20929                     0.198805
6     12     0.4          118             0.158              0.784401                     0.160115
6     12     0.4          118             0.162              0.882451                     0.169828
6     12     0.4          118             0.166              0.620984                     0.142464
6     12     0.4          118             0.17              1.04587                     0.184885
6     12     0.4          118             0.174              1.14392                     0.193357
6     12     0.4          118             0.178              1.14392                     0.193357
6     12     0.4          118             0.182              1.20929                     0.198805
6     12     0.4          118             0.186              0.915135                     0.172944
6     12     0.4          118             0.19              1.27465                     0.204108
6     12     0.4          118             0.194              0.947818                     0.176005
6     12     0.4          118             0.198              0.980501                     0.179014
6     12     0.4          118             0.202              0.784401                     0.160115
6     12     0.4          118             0.206              0.882451                     0.169828
6     12     0.4          118             0.21              0.915135                     0.172944
6     12     0.4          118             0.214              0.620984                     0.142464
6     12     0.4          118             0.218              0.522934                     0.130734
6     12     0.4          118             0.222              0.653668                     0.146165
6     12     0.4          118             0.226              0.392201                     0.113219
6     12     0.4          118             0.23              0.588301                     0.138664
6     12     0.4          118             0.234              0.686351                     0.149774
6     12     0.4          118             0.238              0.522934                     0.130734
6     12     0.4          118             0.242              0.261467                     0.0924426
6     12     0.4          118             0.246              0.457567                     0.12229
6     12     0.4          118             0.25              0.457567                     0.12229
6     12     0.4          118             0.254              0.555617                     0.134757
6     12     0.4          118             0.258              0.620984                     0.142464
6     12     0.4          118             0.262              0.719034                     0.153299
6     12     0.4          118             0.266              0.490251                     0.126582
6     12     0.4          118             0.27              0.620984                     0.142464
6     12     0.4          118             0.274              0.555617                     0.134757
6     12     0.4          118             0.278              0.457567                     0.12229
6     12     0.4          118             0.282              0.555617                     0.134757
6     12     0.4          118             0.286              0.522934                     0.130734
6     12     0.4          118             0.29              0.522934                     0.130734
6     12     0.4          118             0.294              0.588301                     0.138664
6     12     0.4          118             0.298              0.784401                     0.160115
6     12     0.4          118             0.302              0.620984                     0.142464
6     12     0.4          118             0.306              0.620984                     0.142464
6     12     0.4          118             0.31              0.751718                     0.156744
6     12     0.4          118             0.314              0.817085                     0.163417
6     12     0.4          118             0.318              0.784401                     0.160115
6     12     0.4          118             0.322              0.653668                     0.146165
6     12     0.4          118             0.326              0.882451                     0.169828
6     12     0.4          118             0.33              0.849768                     0.166653
6     12     0.4          118             0.334              0.915135                     0.172944
6     12     0.4          118             0.338              0.882451                     0.169828
6     12     0.4          118             0.342              0.719034                     0.153299
6     12     0.4          118             0.346              1.07855                     0.187752
6     12     0.4          118             0.35              1.5688                     0.226437
6     12     0.4          118             0.354              1.24197                     0.201474
6     12     0.4          118             0.358              1.66685                     0.233406
6     12     0.4          118             0.362              1.60149                     0.228784
6     12     0.4          118             0.366              1.69954                     0.235683
6     12     0.4          118             0.37              2.5493                     0.288652
6     12     0.4          118             0.374              1.99369                     0.255265
6     12     0.4          118             0.378              2.1571                     0.265521
6     12     0.4          118             0.382              1.961                     0.253164
6     12     0.4          118             0.386              0                     0
6     12     0.4          118             0.39              0                     0
6     12     0.4          118             0.394              0                     0
*******************************************************************************************************
 Average angle 117.985 +- 2.73644 deg 
 Average E' 0.137913 +- 0.00319864 GeV 
