*******************************************************************************************************
Z     A     E(GeV)     Theta(deg)     Energy Loss(GeV)     Sigma(nb/sr/GeV)     ERROR     Citation     
*******************************************************************************************************
6     12     0.4          102.5             0.002              0                     0
6     12     0.4          102.5             0.006              0                     0
6     12     0.4          102.5             0.01              0                     0
6     12     0.4          102.5             0.014              0                     0
6     12     0.4          102.5             0.018              0                     0
6     12     0.4          102.5             0.022              0                     0
6     12     0.4          102.5             0.026              0                     0
6     12     0.4          102.5             0.03              0                     0
6     12     0.4          102.5             0.034              0.0295584                     0.0295584
6     12     0.4          102.5             0.038              0                     0
6     12     0.4          102.5             0.042              0.0591167                     0.0418018
6     12     0.4          102.5             0.046              0.0886751                     0.0511966
6     12     0.4          102.5             0.05              0.0295584                     0.0295584
6     12     0.4          102.5             0.054              0.0591167                     0.0418018
6     12     0.4          102.5             0.058              0.118233                     0.0591167
6     12     0.4          102.5             0.062              0.236467                     0.0836037
6     12     0.4          102.5             0.066              0.147792                     0.0660945
6     12     0.4          102.5             0.07              0.206909                     0.0782041
6     12     0.4          102.5             0.074              0.443375                     0.114479
6     12     0.4          102.5             0.078              0.236467                     0.0836037
6     12     0.4          102.5             0.082              0.472934                     0.118233
6     12     0.4          102.5             0.086              0.532051                     0.125406
6     12     0.4          102.5             0.09              0.532051                     0.125406
6     12     0.4          102.5             0.094              0.532051                     0.125406
6     12     0.4          102.5             0.098              0.738959                     0.147792
6     12     0.4          102.5             0.102              0.827634                     0.156408
6     12     0.4          102.5             0.106              0.827634                     0.156408
6     12     0.4          102.5             0.11              1.03454                     0.17487
6     12     0.4          102.5             0.114              1.03454                     0.17487
6     12     0.4          102.5             0.118              1.12322                     0.18221
6     12     0.4          102.5             0.122              1.00498                     0.172353
6     12     0.4          102.5             0.126              1.38924                     0.202642
6     12     0.4          102.5             0.13              1.56659                     0.215188
6     12     0.4          102.5             0.134              1.24145                     0.19156
6     12     0.4          102.5             0.138              1.71439                     0.22511
6     12     0.4          102.5             0.142              1.38924                     0.202642
6     12     0.4          102.5             0.146              1.47792                     0.209009
6     12     0.4          102.5             0.15              1.4188                     0.204786
6     12     0.4          102.5             0.154              1.50748                     0.211089
6     12     0.4          102.5             0.158              1.33013                     0.198284
6     12     0.4          102.5             0.162              1.71439                     0.22511
6     12     0.4          102.5             0.166              1.44836                     0.206909
6     12     0.4          102.5             0.17              1.33013                     0.198284
6     12     0.4          102.5             0.174              1.83262                     0.232743
6     12     0.4          102.5             0.178              1.71439                     0.22511
6     12     0.4          102.5             0.182              1.4188                     0.204786
6     12     0.4          102.5             0.186              1.4188                     0.204786
6     12     0.4          102.5             0.19              1.21189                     0.189266
6     12     0.4          102.5             0.194              1.27101                     0.193827
6     12     0.4          102.5             0.198              1.27101                     0.193827
6     12     0.4          102.5             0.202              0.709401                     0.144806
6     12     0.4          102.5             0.206              0.886751                     0.161898
6     12     0.4          102.5             0.21              0.798076                     0.15359
6     12     0.4          102.5             0.214              0.945868                     0.167207
6     12     0.4          102.5             0.218              0.650284                     0.138641
6     12     0.4          102.5             0.222              0.768517                     0.150719
6     12     0.4          102.5             0.226              0.857193                     0.159177
6     12     0.4          102.5             0.23              0.650284                     0.138641
6     12     0.4          102.5             0.234              0.886751                     0.161898
6     12     0.4          102.5             0.238              0.798076                     0.15359
6     12     0.4          102.5             0.242              0.916309                     0.164574
6     12     0.4          102.5             0.246              0.827634                     0.156408
6     12     0.4          102.5             0.25              0.650284                     0.138641
6     12     0.4          102.5             0.254              0.561609                     0.128842
6     12     0.4          102.5             0.258              0.886751                     0.161898
6     12     0.4          102.5             0.262              0.591167                     0.132189
6     12     0.4          102.5             0.266              0.857193                     0.159177
6     12     0.4          102.5             0.27              0.561609                     0.128842
6     12     0.4          102.5             0.274              0.709401                     0.144806
6     12     0.4          102.5             0.278              0.768517                     0.150719
6     12     0.4          102.5             0.282              0.886751                     0.161898
6     12     0.4          102.5             0.286              1.00498                     0.172353
6     12     0.4          102.5             0.29              0.738959                     0.147792
6     12     0.4          102.5             0.294              0.857193                     0.159177
6     12     0.4          102.5             0.298              0.650284                     0.138641
6     12     0.4          102.5             0.302              0.709401                     0.144806
6     12     0.4          102.5             0.306              0.738959                     0.147792
6     12     0.4          102.5             0.31              1.09366                     0.179797
6     12     0.4          102.5             0.314              0.650284                     0.138641
6     12     0.4          102.5             0.318              1.30057                     0.196068
6     12     0.4          102.5             0.322              1.30057                     0.196068
6     12     0.4          102.5             0.326              1.03454                     0.17487
6     12     0.4          102.5             0.33              1.30057                     0.196068
6     12     0.4          102.5             0.334              1.27101                     0.193827
6     12     0.4          102.5             0.338              1.44836                     0.206909
6     12     0.4          102.5             0.342              1.62571                     0.219211
6     12     0.4          102.5             0.346              1.47792                     0.209009
6     12     0.4          102.5             0.35              1.74394                     0.227042
6     12     0.4          102.5             0.354              1.83262                     0.232743
6     12     0.4          102.5             0.358              2.09864                     0.249063
6     12     0.4          102.5             0.362              2.66025                     0.280415
6     12     0.4          102.5             0.366              2.74893                     0.285051
6     12     0.4          102.5             0.37              2.80804                     0.288099
6     12     0.4          102.5             0.374              2.63069                     0.278853
6     12     0.4          102.5             0.378              3.10363                     0.302883
6     12     0.4          102.5             0.382              0                     0
6     12     0.4          102.5             0.386              0                     0
6     12     0.4          102.5             0.39              0                     0
6     12     0.4          102.5             0.394              0                     0
*******************************************************************************************************
 Average angle 102.473 +- 1.84703 deg 
 Average E' 0.157312 +- 0.00283549 GeV 
