*******************************************************************************************************
Z     A     E(GeV)     Theta(deg)     Energy Loss(GeV)     Sigma(nb/sr/GeV)     ERROR     Citation     
*******************************************************************************************************
6     12     0.16          84             0.0008              9.87224                     0.518158
6     12     0.16          84             0.0024              13.2718                     0.600785
6     12     0.16          84             0.004              15.3115                     0.645303
6     12     0.16          84             0.0056              18.7926                     0.714905
6     12     0.16          84             0.0072              20.7507                     0.751227
6     12     0.16          84             0.0088              22.3281                     0.779257
6     12     0.16          84             0.0104              26.7067                     0.852246
6     12     0.16          84             0.012              26.8971                     0.855278
6     12     0.16          84             0.0136              29.236                     0.891689
6     12     0.16          84             0.0152              29.9159                     0.901998
6     12     0.16          84             0.0168              32.4179                     0.93896
6     12     0.16          84             0.0184              32.3635                     0.938172
6     12     0.16          84             0.02              32.4179                     0.93896
6     12     0.16          84             0.0216              32.8531                     0.945241
6     12     0.16          84             0.0232              33.6146                     0.956133
6     12     0.16          84             0.0248              32.3635                     0.938172
6     12     0.16          84             0.0264              33.6418                     0.95652
6     12     0.16          84             0.028              33.1794                     0.949924
6     12     0.16          84             0.0296              31.8468                     0.930653
6     12     0.16          84             0.0312              33.5602                     0.955359
6     12     0.16          84             0.0328              31.1125                     0.919861
6     12     0.16          84             0.0344              30.759                     0.91462
6     12     0.16          84             0.036              29.8887                     0.901588
6     12     0.16          84             0.0376              29.9975                     0.903227
6     12     0.16          84             0.0392              28.1481                     0.874942
6     12     0.16          84             0.0408              27.6586                     0.867301
6     12     0.16          84             0.0424              26.8699                     0.854846
6     12     0.16          84             0.044              22.9808                     0.790565
6     12     0.16          84             0.0456              24.1503                     0.81043
6     12     0.16          84             0.0472              22.8177                     0.787753
6     12     0.16          84             0.0488              22.5185                     0.782572
6     12     0.16          84             0.0504              20.2612                     0.742313
6     12     0.16          84             0.052              18.5207                     0.709713
6     12     0.16          84             0.0536              18.9286                     0.717487
6     12     0.16          84             0.0552              17.0793                     0.681536
6     12     0.16          84             0.0568              15.2571                     0.644155
6     12     0.16          84             0.0584              14.4684                     0.627285
6     12     0.16          84             0.06              14.822                     0.634903
6     12     0.16          84             0.0616              12.2655                     0.57756
6     12     0.16          84             0.0632              11.0961                     0.549337
6     12     0.16          84             0.0648              11.1777                     0.551353
6     12     0.16          84             0.0664              10.1986                     0.526653
6     12     0.16          84             0.068              9.00196                     0.494793
6     12     0.16          84             0.0696              8.34925                     0.476517
6     12     0.16          84             0.0712              8.15888                     0.471053
6     12     0.16          84             0.0728              6.63589                     0.424819
6     12     0.16          84             0.0744              5.54804                     0.38844
6     12     0.16          84             0.076              5.76561                     0.395984
6     12     0.16          84             0.0776              4.92252                     0.365888
6     12     0.16          84             0.0792              4.13383                     0.335298
6     12     0.16          84             0.0808              4.24262                     0.339681
6     12     0.16          84             0.0824              3.23635                     0.296676
6     12     0.16          84             0.084              3.15477                     0.292913
6     12     0.16          84             0.0856              2.44766                     0.258006
6     12     0.16          84             0.0872              2.58364                     0.265076
6     12     0.16          84             0.0888              1.93093                     0.22916
6     12     0.16          84             0.0904              1.03346                     0.167649
6     12     0.16          84             0.092              0.190374                     0.0719545
6     12     0.16          84             0.0936              0                     0
6     12     0.16          84             0.0952              0                     0
6     12     0.16          84             0.0968              0                     0
6     12     0.16          84             0.0984              0                     0
6     12     0.16          84             0.1              0                     0
6     12     0.16          84             0.1016              0                     0
6     12     0.16          84             0.1032              0                     0
6     12     0.16          84             0.1048              0                     0
6     12     0.16          84             0.1064              0                     0
6     12     0.16          84             0.108              0                     0
6     12     0.16          84             0.1096              0                     0
6     12     0.16          84             0.1112              0                     0
6     12     0.16          84             0.1128              0                     0
6     12     0.16          84             0.1144              0                     0
6     12     0.16          84             0.116              0                     0
6     12     0.16          84             0.1176              0                     0
6     12     0.16          84             0.1192              0                     0
6     12     0.16          84             0.1208              0                     0
6     12     0.16          84             0.1224              0                     0
6     12     0.16          84             0.124              0                     0
6     12     0.16          84             0.1256              0                     0
6     12     0.16          84             0.1272              0                     0
6     12     0.16          84             0.1288              0                     0
6     12     0.16          84             0.1304              0                     0
6     12     0.16          84             0.132              0                     0
6     12     0.16          84             0.1336              0                     0
6     12     0.16          84             0.1352              0                     0
6     12     0.16          84             0.1368              0                     0
6     12     0.16          84             0.1384              0                     0
6     12     0.16          84             0.14              0                     0
6     12     0.16          84             0.1416              0                     0
6     12     0.16          84             0.1432              0                     0
6     12     0.16          84             0.1448              0                     0
6     12     0.16          84             0.1464              0                     0
6     12     0.16          84             0.148              0                     0
6     12     0.16          84             0.1496              0                     0
6     12     0.16          84             0.1512              0                     0
6     12     0.16          84             0.1528              0                     0
6     12     0.16          84             0.1544              0                     0
6     12     0.16          84             0.156              0                     0
6     12     0.16          84             0.1576              0                     0
*******************************************************************************************************
 Average angle 83.9625 +- 0.422579 deg 
 Average E' 0.125869 +- 0.000633493 GeV 
