*******************************************************************************************************
Z     A     E(GeV)     Theta(deg)     Energy Loss(GeV)     Sigma(nb/sr/GeV)     ERROR     Citation     
*******************************************************************************************************
6     12     0.32          155             0.0016              0                     0
6     12     0.32          155             0.0048              0                     0
6     12     0.32          155             0.008              0                     0
6     12     0.32          155             0.0112              0                     0
6     12     0.32          155             0.0144              0                     0
6     12     0.32          155             0.0176              0                     0
6     12     0.32          155             0.0208              0.073747                     0.073747
6     12     0.32          155             0.024              0                     0
6     12     0.32          155             0.0272              0                     0
6     12     0.32          155             0.0304              0.073747                     0.073747
6     12     0.32          155             0.0336              0                     0
6     12     0.32          155             0.0368              0                     0
6     12     0.32          155             0.04              0.073747                     0.073747
6     12     0.32          155             0.0432              0.073747                     0.073747
6     12     0.32          155             0.0464              0.147494                     0.104294
6     12     0.32          155             0.0496              0                     0
6     12     0.32          155             0.0528              0                     0
6     12     0.32          155             0.056              0                     0
6     12     0.32          155             0.0592              0.147494                     0.104294
6     12     0.32          155             0.0624              0.147494                     0.104294
6     12     0.32          155             0.0656              0.147494                     0.104294
6     12     0.32          155             0.0688              0.147494                     0.104294
6     12     0.32          155             0.072              0.221241                     0.127734
6     12     0.32          155             0.0752              0.368735                     0.164903
6     12     0.32          155             0.0784              0.368735                     0.164903
6     12     0.32          155             0.0816              0.368735                     0.164903
6     12     0.32          155             0.0848              0.294988                     0.147494
6     12     0.32          155             0.088              0.884964                     0.255467
6     12     0.32          155             0.0912              0.663723                     0.221241
6     12     0.32          155             0.0944              0.442482                     0.180643
6     12     0.32          155             0.0976              0.811217                     0.244591
6     12     0.32          155             0.1008              0.589976                     0.208588
6     12     0.32          155             0.104              0.958711                     0.265899
6     12     0.32          155             0.1072              0.958711                     0.265899
6     12     0.32          155             0.1104              0.442482                     0.180643
6     12     0.32          155             0.1136              0.73747                     0.233208
6     12     0.32          155             0.1168              0.884964                     0.255467
6     12     0.32          155             0.12              0.884964                     0.255467
6     12     0.32          155             0.1232              1.03246                     0.275936
6     12     0.32          155             0.1264              1.03246                     0.275936
6     12     0.32          155             0.1296              1.1062                     0.285621
6     12     0.32          155             0.1328              1.1062                     0.285621
6     12     0.32          155             0.136              1.1062                     0.285621
6     12     0.32          155             0.1392              0.958711                     0.265899
6     12     0.32          155             0.1424              1.1062                     0.285621
6     12     0.32          155             0.1456              0.958711                     0.265899
6     12     0.32          155             0.1488              1.32745                     0.312882
6     12     0.32          155             0.152              1.03246                     0.275936
6     12     0.32          155             0.1552              1.69618                     0.353678
6     12     0.32          155             0.1584              0.884964                     0.255467
6     12     0.32          155             0.1616              0.811217                     0.244591
6     12     0.32          155             0.1648              0.368735                     0.164903
6     12     0.32          155             0.168              0.811217                     0.244591
6     12     0.32          155             0.1712              0.811217                     0.244591
6     12     0.32          155             0.1744              0.663723                     0.221241
6     12     0.32          155             0.1776              0.884964                     0.255467
6     12     0.32          155             0.1808              0.589976                     0.208588
6     12     0.32          155             0.184              0.589976                     0.208588
6     12     0.32          155             0.1872              0.516229                     0.195116
6     12     0.32          155             0.1904              0.368735                     0.164903
6     12     0.32          155             0.1936              0.589976                     0.208588
6     12     0.32          155             0.1968              0.368735                     0.164903
6     12     0.32          155             0.2              0.442482                     0.180643
6     12     0.32          155             0.2032              0.368735                     0.164903
6     12     0.32          155             0.2064              0.442482                     0.180643
6     12     0.32          155             0.2096              0.442482                     0.180643
6     12     0.32          155             0.2128              0.368735                     0.164903
6     12     0.32          155             0.216              0.663723                     0.221241
6     12     0.32          155             0.2192              0.368735                     0.164903
6     12     0.32          155             0.2224              0.294988                     0.147494
6     12     0.32          155             0.2256              0.368735                     0.164903
6     12     0.32          155             0.2288              0.221241                     0.127734
6     12     0.32          155             0.232              0.73747                     0.233208
6     12     0.32          155             0.2352              0.516229                     0.195116
6     12     0.32          155             0.2384              0.663723                     0.221241
6     12     0.32          155             0.2416              0.73747                     0.233208
6     12     0.32          155             0.2448              0.294988                     0.147494
6     12     0.32          155             0.248              0.442482                     0.180643
6     12     0.32          155             0.2512              0.884964                     0.255467
6     12     0.32          155             0.2544              0.368735                     0.164903
6     12     0.32          155             0.2576              0.442482                     0.180643
6     12     0.32          155             0.2608              0.73747                     0.233208
6     12     0.32          155             0.264              0.811217                     0.244591
6     12     0.32          155             0.2672              0.294988                     0.147494
6     12     0.32          155             0.2704              0.663723                     0.221241
6     12     0.32          155             0.2736              0.73747                     0.233208
6     12     0.32          155             0.2768              1.03246                     0.275936
6     12     0.32          155             0.28              0.884964                     0.255467
6     12     0.32          155             0.2832              1.40119                     0.321456
6     12     0.32          155             0.2864              2.06492                     0.390232
6     12     0.32          155             0.2896              0.442482                     0.180643
6     12     0.32          155             0.2928              1.40119                     0.321456
6     12     0.32          155             0.296              1.40119                     0.321456
6     12     0.32          155             0.2992              1.76993                     0.361285
6     12     0.32          155             0.3024              1.91742                     0.376037
6     12     0.32          155             0.3056              0                     0
6     12     0.32          155             0.3088              0                     0
6     12     0.32          155             0.312              0                     0
6     12     0.32          155             0.3152              0                     0
*******************************************************************************************************
 Average angle 154.999 +- 5.61133 deg 
 Average E' 0.128355 +- 0.00464675 GeV 
