*******************************************************************************************************
Z     A     E(GeV)     Theta(deg)     Energy Loss(GeV)     Sigma(nb/sr/GeV)     ERROR     Citation     
*******************************************************************************************************
6     12     0.4          81.8333             0.002              0                     0
6     12     0.4          81.8333             0.006              0                     0
6     12     0.4          81.8333             0.01              0                     0
6     12     0.4          81.8333             0.014              0                     0
6     12     0.4          81.8333             0.018              0                     0
6     12     0.4          81.8333             0.022              0                     0
6     12     0.4          81.8333             0.026              0                     0
6     12     0.4          81.8333             0.03              0                     0
6     12     0.4          81.8333             0.034              0                     0
6     12     0.4          81.8333             0.038              0                     0
6     12     0.4          81.8333             0.042              0                     0
6     12     0.4          81.8333             0.046              0                     0
6     12     0.4          81.8333             0.05              0                     0
6     12     0.4          81.8333             0.054              0                     0
6     12     0.4          81.8333             0.058              0                     0
6     12     0.4          81.8333             0.062              0                     0
6     12     0.4          81.8333             0.066              0                     0
6     12     0.4          81.8333             0.07              0                     0
6     12     0.4          81.8333             0.074              0                     0
6     12     0.4          81.8333             0.078              0                     0
6     12     0.4          81.8333             0.082              0                     0
6     12     0.4          81.8333             0.086              0                     0
6     12     0.4          81.8333             0.09              0                     0
6     12     0.4          81.8333             0.094              0                     0
6     12     0.4          81.8333             0.098              0                     0
6     12     0.4          81.8333             0.102              0                     0
6     12     0.4          81.8333             0.106              0                     0
6     12     0.4          81.8333             0.11              0                     0
6     12     0.4          81.8333             0.114              0                     0
6     12     0.4          81.8333             0.118              0                     0
6     12     0.4          81.8333             0.122              0                     0
6     12     0.4          81.8333             0.126              0                     0
6     12     0.4          81.8333             0.13              0                     0
6     12     0.4          81.8333             0.134              0                     0
6     12     0.4          81.8333             0.138              0                     0
6     12     0.4          81.8333             0.142              0                     0
6     12     0.4          81.8333             0.146              0                     0
6     12     0.4          81.8333             0.15              0                     0
6     12     0.4          81.8333             0.154              0                     0
6     12     0.4          81.8333             0.158              0                     0
6     12     0.4          81.8333             0.162              0                     0
6     12     0.4          81.8333             0.166              0                     0
6     12     0.4          81.8333             0.17              0                     0
6     12     0.4          81.8333             0.174              0                     0
6     12     0.4          81.8333             0.178              0                     0
6     12     0.4          81.8333             0.182              0                     0
6     12     0.4          81.8333             0.186              0                     0
6     12     0.4          81.8333             0.19              0                     0
6     12     0.4          81.8333             0.194              0                     0
6     12     0.4          81.8333             0.198              0                     0
6     12     0.4          81.8333             0.202              0                     0
6     12     0.4          81.8333             0.206              0                     0
6     12     0.4          81.8333             0.21              0                     0
6     12     0.4          81.8333             0.214              0.0291534                     0.0291534
6     12     0.4          81.8333             0.218              0.0291534                     0.0291534
6     12     0.4          81.8333             0.222              0.116613                     0.0583067
6     12     0.4          81.8333             0.226              0.0291534                     0.0291534
6     12     0.4          81.8333             0.23              0.0583067                     0.0412291
6     12     0.4          81.8333             0.234              0.116613                     0.0583067
6     12     0.4          81.8333             0.238              0.0291534                     0.0291534
6     12     0.4          81.8333             0.242              0.145767                     0.0651889
6     12     0.4          81.8333             0.246              0.145767                     0.0651889
6     12     0.4          81.8333             0.25              0.0583067                     0.0412291
6     12     0.4          81.8333             0.254              0.233227                     0.0824581
6     12     0.4          81.8333             0.258              0.145767                     0.0651889
6     12     0.4          81.8333             0.262              0.116613                     0.0583067
6     12     0.4          81.8333             0.266              0.0583067                     0.0412291
6     12     0.4          81.8333             0.27              0.26238                     0.0874601
6     12     0.4          81.8333             0.274              0.34984                     0.10099
6     12     0.4          81.8333             0.278              0.204073                     0.0771325
6     12     0.4          81.8333             0.282              0.17492                     0.0714108
6     12     0.4          81.8333             0.286              0.145767                     0.0651889
6     12     0.4          81.8333             0.29              0.233227                     0.0824581
6     12     0.4          81.8333             0.294              0.26238                     0.0874601
6     12     0.4          81.8333             0.298              0.204073                     0.0771325
6     12     0.4          81.8333             0.302              0.116613                     0.0583067
6     12     0.4          81.8333             0.306              0.17492                     0.0714108
6     12     0.4          81.8333             0.31              0.204073                     0.0771325
6     12     0.4          81.8333             0.314              0.204073                     0.0771325
6     12     0.4          81.8333             0.318              0.0874601                     0.0504951
6     12     0.4          81.8333             0.322              0.233227                     0.0824581
6     12     0.4          81.8333             0.326              0.204073                     0.0771325
6     12     0.4          81.8333             0.33              0.204073                     0.0771325
6     12     0.4          81.8333             0.334              0.116613                     0.0583067
6     12     0.4          81.8333             0.338              0.204073                     0.0771325
6     12     0.4          81.8333             0.342              0.0583067                     0.0412291
6     12     0.4          81.8333             0.346              0.204073                     0.0771325
6     12     0.4          81.8333             0.35              0.0291534                     0.0291534
6     12     0.4          81.8333             0.354              0.291534                     0.092191
6     12     0.4          81.8333             0.358              0.145767                     0.0651889
6     12     0.4          81.8333             0.362              0.0583067                     0.0412291
6     12     0.4          81.8333             0.366              0.145767                     0.0651889
6     12     0.4          81.8333             0.37              0.0583067                     0.0412291
6     12     0.4          81.8333             0.374              0                     0
6     12     0.4          81.8333             0.378              0                     0
6     12     0.4          81.8333             0.382              0                     0
6     12     0.4          81.8333             0.386              0                     0
6     12     0.4          81.8333             0.39              0                     0
6     12     0.4          81.8333             0.394              0                     0
*******************************************************************************************************
 Average angle 81.7624 +- 5.75278 deg 
 Average E' 0.102196 +- 0.00719052 GeV 
