*******************************************************************************************************
Z     A     E(GeV)     Theta(deg)     Energy Loss(GeV)     Sigma(nb/sr/GeV)     ERROR     Citation     
*******************************************************************************************************
6     12     0.4          71.5             0.002              0                     0
6     12     0.4          71.5             0.006              0                     0
6     12     0.4          71.5             0.01              0                     0
6     12     0.4          71.5             0.014              0                     0
6     12     0.4          71.5             0.018              0                     0
6     12     0.4          71.5             0.022              0                     0
6     12     0.4          71.5             0.026              0                     0
6     12     0.4          71.5             0.03              0                     0
6     12     0.4          71.5             0.034              0                     0
6     12     0.4          71.5             0.038              0                     0
6     12     0.4          71.5             0.042              0                     0
6     12     0.4          71.5             0.046              0                     0
6     12     0.4          71.5             0.05              0                     0
6     12     0.4          71.5             0.054              0                     0
6     12     0.4          71.5             0.058              0                     0
6     12     0.4          71.5             0.062              0                     0
6     12     0.4          71.5             0.066              0                     0
6     12     0.4          71.5             0.07              0                     0
6     12     0.4          71.5             0.074              0                     0
6     12     0.4          71.5             0.078              0                     0
6     12     0.4          71.5             0.082              0                     0
6     12     0.4          71.5             0.086              0                     0
6     12     0.4          71.5             0.09              0                     0
6     12     0.4          71.5             0.094              0                     0
6     12     0.4          71.5             0.098              0                     0
6     12     0.4          71.5             0.102              0                     0
6     12     0.4          71.5             0.106              0                     0
6     12     0.4          71.5             0.11              0                     0
6     12     0.4          71.5             0.114              0                     0
6     12     0.4          71.5             0.118              0                     0
6     12     0.4          71.5             0.122              0                     0
6     12     0.4          71.5             0.126              0                     0
6     12     0.4          71.5             0.13              0                     0
6     12     0.4          71.5             0.134              0                     0
6     12     0.4          71.5             0.138              0                     0
6     12     0.4          71.5             0.142              0                     0
6     12     0.4          71.5             0.146              0                     0
6     12     0.4          71.5             0.15              0                     0
6     12     0.4          71.5             0.154              0                     0
6     12     0.4          71.5             0.158              0                     0
6     12     0.4          71.5             0.162              0                     0
6     12     0.4          71.5             0.166              0                     0
6     12     0.4          71.5             0.17              0                     0
6     12     0.4          71.5             0.174              0                     0
6     12     0.4          71.5             0.178              0                     0
6     12     0.4          71.5             0.182              0                     0
6     12     0.4          71.5             0.186              0                     0
6     12     0.4          71.5             0.19              0                     0
6     12     0.4          71.5             0.194              0                     0
6     12     0.4          71.5             0.198              0                     0
6     12     0.4          71.5             0.202              0                     0
6     12     0.4          71.5             0.206              0                     0
6     12     0.4          71.5             0.21              0                     0
6     12     0.4          71.5             0.214              0                     0
6     12     0.4          71.5             0.218              0.0608605                     0.0430349
6     12     0.4          71.5             0.222              0.0608605                     0.0430349
6     12     0.4          71.5             0.226              0                     0
6     12     0.4          71.5             0.23              0                     0
6     12     0.4          71.5             0.234              0.0304302                     0.0304302
6     12     0.4          71.5             0.238              0.0304302                     0.0304302
6     12     0.4          71.5             0.242              0.0912907                     0.0527067
6     12     0.4          71.5             0.246              0.0304302                     0.0304302
6     12     0.4          71.5             0.25              0.152151                     0.0680441
6     12     0.4          71.5             0.254              0.182581                     0.0745385
6     12     0.4          71.5             0.258              0.0608605                     0.0430349
6     12     0.4          71.5             0.262              0.0304302                     0.0304302
6     12     0.4          71.5             0.266              0                     0
6     12     0.4          71.5             0.27              0.243442                     0.0860697
6     12     0.4          71.5             0.274              0.243442                     0.0860697
6     12     0.4          71.5             0.278              0.213012                     0.0805108
6     12     0.4          71.5             0.282              0.517314                     0.125467
6     12     0.4          71.5             0.286              0.426023                     0.11386
6     12     0.4          71.5             0.29              0.578174                     0.132642
6     12     0.4          71.5             0.294              0.639035                     0.139449
6     12     0.4          71.5             0.298              0.882477                     0.163872
6     12     0.4          71.5             0.302              0.912907                     0.166673
6     12     0.4          71.5             0.306              0.760756                     0.152151
6     12     0.4          71.5             0.31              0.943337                     0.169428
6     12     0.4          71.5             0.314              1.46065                     0.210827
6     12     0.4          71.5             0.318              1.18678                     0.190037
6     12     0.4          71.5             0.322              2.34313                     0.267024
6     12     0.4          71.5             0.326              2.22141                     0.259996
6     12     0.4          71.5             0.33              2.43442                     0.272176
6     12     0.4          71.5             0.334              2.89087                     0.296597
6     12     0.4          71.5             0.338              2.55614                     0.278898
6     12     0.4          71.5             0.342              2.617                     0.282198
6     12     0.4          71.5             0.346              3.34733                     0.319155
6     12     0.4          71.5             0.35              3.6212                     0.331955
6     12     0.4          71.5             0.354              3.86464                     0.342931
6     12     0.4          71.5             0.358              4.13851                     0.354874
6     12     0.4          71.5             0.362              3.89507                     0.344279
6     12     0.4          71.5             0.366              0.0912907                     0.0527067
6     12     0.4          71.5             0.37              0                     0
6     12     0.4          71.5             0.374              0                     0
6     12     0.4          71.5             0.378              0                     0
6     12     0.4          71.5             0.382              0                     0
6     12     0.4          71.5             0.386              0                     0
6     12     0.4          71.5             0.39              0                     0
6     12     0.4          71.5             0.394              0                     0
*******************************************************************************************************
 Average angle 71.4105 +- 1.88314 deg 
 Average E' 0.065929 +- 0.00173859 GeV 
