*******************************************************************************************************
Z     A     E(GeV)     Theta(deg)     Energy Loss(GeV)     Sigma(nb/sr/GeV)     ERROR     Citation     
*******************************************************************************************************
6     12     0.16          132             0.0008              0.582331                     0.145583
6     12     0.16          132             0.0024              0.582331                     0.145583
6     12     0.16          132             0.004              1.31025                     0.218374
6     12     0.16          132             0.0056              1.74699                     0.252157
6     12     0.16          132             0.0072              2.00176                     0.269918
6     12     0.16          132             0.0088              1.78339                     0.25477
6     12     0.16          132             0.0104              2.03816                     0.27236
6     12     0.16          132             0.012              2.91166                     0.325533
6     12     0.16          132             0.0136              2.94805                     0.327561
6     12     0.16          132             0.0152              3.16643                     0.339476
6     12     0.16          132             0.0168              3.4212                     0.352869
6     12     0.16          132             0.0184              4.18551                     0.3903
6     12     0.16          132             0.02              3.85794                     0.374717
6     12     0.16          132             0.0216              4.2583                     0.39368
6     12     0.16          132             0.0232              4.58586                     0.408541
6     12     0.16          132             0.0248              4.65865                     0.41177
6     12     0.16          132             0.0264              4.94981                     0.424443
6     12     0.16          132             0.028              4.07632                     0.385176
6     12     0.16          132             0.0296              5.27738                     0.438262
6     12     0.16          132             0.0312              5.56854                     0.45019
6     12     0.16          132             0.0328              5.85971                     0.46181
6     12     0.16          132             0.0344              5.38656                     0.442773
6     12     0.16          132             0.036              5.78692                     0.458932
6     12     0.16          132             0.0376              5.85971                     0.46181
6     12     0.16          132             0.0392              6.36925                     0.48147
6     12     0.16          132             0.0408              5.0954                     0.43064
6     12     0.16          132             0.0424              5.82331                     0.460373
6     12     0.16          132             0.044              6.47843                     0.485579
6     12     0.16          132             0.0456              5.82331                     0.460373
6     12     0.16          132             0.0472              5.42296                     0.444266
6     12     0.16          132             0.0488              5.60494                     0.451659
6     12     0.16          132             0.0504              5.8961                     0.463242
6     12     0.16          132             0.052              5.67773                     0.454582
6     12     0.16          132             0.0536              5.31377                     0.439771
6     12     0.16          132             0.0552              5.64133                     0.453123
6     12     0.16          132             0.0568              5.27738                     0.438262
6     12     0.16          132             0.0584              5.13179                     0.432175
6     12     0.16          132             0.06              4.2219                     0.391994
6     12     0.16          132             0.0616              4.33109                     0.39703
6     12     0.16          132             0.0632              3.78515                     0.371165
6     12     0.16          132             0.0648              4.18551                     0.3903
6     12     0.16          132             0.0664              3.78515                     0.371165
6     12     0.16          132             0.068              3.4212                     0.352869
6     12     0.16          132             0.0696              3.56678                     0.360299
6     12     0.16          132             0.0712              3.23922                     0.343356
6     12     0.16          132             0.0728              3.27561                     0.34528
6     12     0.16          132             0.0744              3.13003                     0.33752
6     12     0.16          132             0.076              2.65689                     0.310965
6     12     0.16          132             0.0776              3.16643                     0.339476
6     12     0.16          132             0.0792              2.65689                     0.310965
6     12     0.16          132             0.0808              2.47491                     0.300127
6     12     0.16          132             0.0824              2.69328                     0.313088
6     12     0.16          132             0.084              1.81978                     0.257356
6     12     0.16          132             0.0856              1.7106                     0.249516
6     12     0.16          132             0.0872              2.03816                     0.27236
6     12     0.16          132             0.0888              2.11095                     0.277181
6     12     0.16          132             0.0904              1.45583                     0.230187
6     12     0.16          132             0.092              1.41943                     0.227291
6     12     0.16          132             0.0936              1.52862                     0.235871
6     12     0.16          132             0.0952              1.34664                     0.221386
6     12     0.16          132             0.0968              0.909892                     0.181978
6     12     0.16          132             0.0984              1.20106                     0.209077
6     12     0.16          132             0.1              1.01908                     0.192588
6     12     0.16          132             0.1016              1.09187                     0.199347
6     12     0.16          132             0.1032              1.12827                     0.202643
6     12     0.16          132             0.1048              0.800705                     0.170711
6     12     0.16          132             0.1064              1.31025                     0.218374
6     12     0.16          132             0.108              0.655123                     0.154414
6     12     0.16          132             0.1096              0.982684                     0.189118
6     12     0.16          132             0.1112              0.800705                     0.170711
6     12     0.16          132             0.1128              0.50954                     0.13618
6     12     0.16          132             0.1144              0.691518                     0.158645
6     12     0.16          132             0.116              0.837101                     0.174548
6     12     0.16          132             0.1176              0.618727                     0.150063
6     12     0.16          132             0.1192              0.327561                     0.109187
6     12     0.16          132             0.1208              0.655123                     0.154414
6     12     0.16          132             0.1224              0.291166                     0.102943
6     12     0.16          132             0.124              0                     0
6     12     0.16          132             0.1256              0                     0
6     12     0.16          132             0.1272              0                     0
6     12     0.16          132             0.1288              0                     0
6     12     0.16          132             0.1304              0                     0
6     12     0.16          132             0.132              0                     0
6     12     0.16          132             0.1336              0                     0
6     12     0.16          132             0.1352              0                     0
6     12     0.16          132             0.1368              0                     0
6     12     0.16          132             0.1384              0                     0
6     12     0.16          132             0.14              0                     0
6     12     0.16          132             0.1416              0                     0
6     12     0.16          132             0.1432              0                     0
6     12     0.16          132             0.1448              0                     0
6     12     0.16          132             0.1464              0                     0
6     12     0.16          132             0.148              0                     0
6     12     0.16          132             0.1496              0                     0
6     12     0.16          132             0.1512              0                     0
6     12     0.16          132             0.1528              0                     0
6     12     0.16          132             0.1544              0                     0
6     12     0.16          132             0.156              0                     0
6     12     0.16          132             0.1576              0                     0
*******************************************************************************************************
 Average angle 131.973 +- 1.63129 deg 
 Average E' 0.110034 +- 0.00136011 GeV 
