*******************************************************************************************************
Z     A     E(GeV)     Theta(deg)     Energy Loss(GeV)     Sigma(nb/sr/GeV)     ERROR     Citation     
*******************************************************************************************************
6     12     0.12          142             0.0006              1.37695                     0.198746
6     12     0.12          142             0.0018              2.26623                     0.254971
6     12     0.12          142             0.003              1.922                     0.234809
6     12     0.12          142             0.0042              2.52441                     0.269103
6     12     0.12          142             0.0054              2.95471                     0.291136
6     12     0.12          142             0.0066              2.66784                     0.276643
6     12     0.12          142             0.0078              3.41369                     0.312933
6     12     0.12          142             0.009              3.70056                     0.325816
6     12     0.12          142             0.0102              3.95874                     0.33699
6     12     0.12          142             0.0114              4.44641                     0.357144
6     12     0.12          142             0.0126              4.64721                     0.365119
6     12     0.12          142             0.0138              4.07348                     0.341839
6     12     0.12          142             0.015              4.44641                     0.357144
6     12     0.12          142             0.0162              4.64721                     0.365119
6     12     0.12          142             0.0174              4.8767                     0.374026
6     12     0.12          142             0.0186              4.8767                     0.374026
6     12     0.12          142             0.0198              5.22094                     0.387002
6     12     0.12          142             0.021              5.19226                     0.385937
6     12     0.12          142             0.0222              5.36437                     0.392282
6     12     0.12          142             0.0234              4.99145                     0.378401
6     12     0.12          142             0.0246              5.24963                     0.388064
6     12     0.12          142             0.0258              5.47912                     0.396455
6     12     0.12          142             0.027              5.36437                     0.392282
6     12     0.12          142             0.0282              6.02416                     0.415707
6     12     0.12          142             0.0294              4.64721                     0.365119
6     12     0.12          142             0.0306              5.07751                     0.381649
6     12     0.12          142             0.0318              4.90539                     0.375125
6     12     0.12          142             0.033              4.6759                     0.366245
6     12     0.12          142             0.0342              4.6759                     0.366245
6     12     0.12          142             0.0354              4.44641                     0.357144
6     12     0.12          142             0.0366              4.81933                     0.371819
6     12     0.12          142             0.0378              4.61853                     0.363991
6     12     0.12          142             0.039              5.13488                     0.383799
6     12     0.12          142             0.0402              4.90539                     0.375125
6     12     0.12          142             0.0414              3.93005                     0.335767
6     12     0.12          142             0.0426              4.41772                     0.35599
6     12     0.12          142             0.0438              3.98742                     0.338209
6     12     0.12          142             0.045              4.27429                     0.350163
6     12     0.12          142             0.0462              3.87268                     0.333307
6     12     0.12          142             0.0474              3.09814                     0.298119
6     12     0.12          142             0.0486              3.04077                     0.295346
6     12     0.12          142             0.0498              2.9834                     0.292546
6     12     0.12          142             0.051              3.06946                     0.296735
6     12     0.12          142             0.0522              3.04077                     0.295346
6     12     0.12          142             0.0534              2.66784                     0.276643
6     12     0.12          142             0.0546              2.86865                     0.286865
6     12     0.12          142             0.0558              2.72522                     0.279601
6     12     0.12          142             0.057              2.58178                     0.272144
6     12     0.12          142             0.0582              2.20886                     0.251723
6     12     0.12          142             0.0594              1.86462                     0.231278
6     12     0.12          142             0.0606              2.29492                     0.25658
6     12     0.12          142             0.0618              1.74988                     0.224049
6     12     0.12          142             0.063              1.74988                     0.224049
6     12     0.12          142             0.0642              1.57776                     0.212745
6     12     0.12          142             0.0654              1.4917                     0.206861
6     12     0.12          142             0.0666              1.34827                     0.196665
6     12     0.12          142             0.0678              1.80725                     0.227692
6     12     0.12          142             0.069              1.11877                     0.179147
6     12     0.12          142             0.0702              0.946654                     0.164791
6     12     0.12          142             0.0714              0.917968                     0.162275
6     12     0.12          142             0.0726              1.26221                     0.190285
6     12     0.12          142             0.0738              0.430297                     0.111102
6     12     0.12          142             0.075              0                     0
6     12     0.12          142             0.0762              0                     0
6     12     0.12          142             0.0774              0                     0
6     12     0.12          142             0.0786              0                     0
6     12     0.12          142             0.0798              0                     0
6     12     0.12          142             0.081              0                     0
6     12     0.12          142             0.0822              0                     0
6     12     0.12          142             0.0834              0                     0
6     12     0.12          142             0.0846              0                     0
6     12     0.12          142             0.0858              0                     0
6     12     0.12          142             0.087              0                     0
6     12     0.12          142             0.0882              0                     0
6     12     0.12          142             0.0894              0                     0
6     12     0.12          142             0.0906              0                     0
6     12     0.12          142             0.0918              0                     0
6     12     0.12          142             0.093              0                     0
6     12     0.12          142             0.0942              0                     0
6     12     0.12          142             0.0954              0                     0
6     12     0.12          142             0.0966              0                     0
6     12     0.12          142             0.0978              0                     0
6     12     0.12          142             0.099              0                     0
6     12     0.12          142             0.1002              0                     0
6     12     0.12          142             0.1014              0                     0
6     12     0.12          142             0.1026              0                     0
6     12     0.12          142             0.1038              0                     0
6     12     0.12          142             0.105              0                     0
6     12     0.12          142             0.1062              0                     0
6     12     0.12          142             0.1074              0                     0
6     12     0.12          142             0.1086              0                     0
6     12     0.12          142             0.1098              0                     0
6     12     0.12          142             0.111              0                     0
6     12     0.12          142             0.1122              0                     0
6     12     0.12          142             0.1134              0                     0
6     12     0.12          142             0.1146              0                     0
6     12     0.12          142             0.1158              0                     0
6     12     0.12          142             0.117              0                     0
6     12     0.12          142             0.1182              0                     0
*******************************************************************************************************
 Average angle 142.492 +- 1.64623 deg 
 Average E' 0.0877334 +- 0.0010136 GeV 
