*******************************************************************************************************
Z     A     E(GeV)     Theta(deg)     Energy Loss(GeV)     Sigma(nb/sr/GeV)     ERROR     Citation     
*******************************************************************************************************
6     12     0.32          175             0.0016              0                     0
6     12     0.32          175             0.0048              0                     0
6     12     0.32          175             0.008              0                     0
6     12     0.32          175             0.0112              0                     0
6     12     0.32          175             0.0144              0                     0
6     12     0.32          175             0.0176              0                     0
6     12     0.32          175             0.0208              0                     0
6     12     0.32          175             0.024              0                     0
6     12     0.32          175             0.0272              0                     0
6     12     0.32          175             0.0304              0                     0
6     12     0.32          175             0.0336              0                     0
6     12     0.32          175             0.0368              0                     0
6     12     0.32          175             0.04              0                     0
6     12     0.32          175             0.0432              0                     0
6     12     0.32          175             0.0464              0                     0
6     12     0.32          175             0.0496              0                     0
6     12     0.32          175             0.0528              0                     0
6     12     0.32          175             0.056              0.357599                     0.357599
6     12     0.32          175             0.0592              0                     0
6     12     0.32          175             0.0624              0                     0
6     12     0.32          175             0.0656              0.715198                     0.505722
6     12     0.32          175             0.0688              0                     0
6     12     0.32          175             0.072              0                     0
6     12     0.32          175             0.0752              0                     0
6     12     0.32          175             0.0784              0                     0
6     12     0.32          175             0.0816              0.357599                     0.357599
6     12     0.32          175             0.0848              0                     0
6     12     0.32          175             0.088              0.715198                     0.505722
6     12     0.32          175             0.0912              0                     0
6     12     0.32          175             0.0944              0                     0
6     12     0.32          175             0.0976              0.357599                     0.357599
6     12     0.32          175             0.1008              0.715198                     0.505722
6     12     0.32          175             0.104              0.715198                     0.505722
6     12     0.32          175             0.1072              0.715198                     0.505722
6     12     0.32          175             0.1104              0.715198                     0.505722
6     12     0.32          175             0.1136              0                     0
6     12     0.32          175             0.1168              1.0728                     0.61938
6     12     0.32          175             0.12              0.715198                     0.505722
6     12     0.32          175             0.1232              0.715198                     0.505722
6     12     0.32          175             0.1264              1.788                     0.799616
6     12     0.32          175             0.1296              0.715198                     0.505722
6     12     0.32          175             0.1328              0.357599                     0.357599
6     12     0.32          175             0.136              1.4304                     0.715198
6     12     0.32          175             0.1392              1.788                     0.799616
6     12     0.32          175             0.1424              0.357599                     0.357599
6     12     0.32          175             0.1456              2.1456                     0.875936
6     12     0.32          175             0.1488              1.0728                     0.61938
6     12     0.32          175             0.152              0.357599                     0.357599
6     12     0.32          175             0.1552              1.0728                     0.61938
6     12     0.32          175             0.1584              0.715198                     0.505722
6     12     0.32          175             0.1616              0.357599                     0.357599
6     12     0.32          175             0.1648              0                     0
6     12     0.32          175             0.168              1.0728                     0.61938
6     12     0.32          175             0.1712              0.357599                     0.357599
6     12     0.32          175             0.1744              0.715198                     0.505722
6     12     0.32          175             0.1776              0.715198                     0.505722
6     12     0.32          175             0.1808              1.0728                     0.61938
6     12     0.32          175             0.184              0.715198                     0.505722
6     12     0.32          175             0.1872              0.357599                     0.357599
6     12     0.32          175             0.1904              1.0728                     0.61938
6     12     0.32          175             0.1936              0                     0
6     12     0.32          175             0.1968              0.357599                     0.357599
6     12     0.32          175             0.2              0.357599                     0.357599
6     12     0.32          175             0.2032              0                     0
6     12     0.32          175             0.2064              0.357599                     0.357599
6     12     0.32          175             0.2096              0.357599                     0.357599
6     12     0.32          175             0.2128              0.715198                     0.505722
6     12     0.32          175             0.216              0.715198                     0.505722
6     12     0.32          175             0.2192              0                     0
6     12     0.32          175             0.2224              0.715198                     0.505722
6     12     0.32          175             0.2256              0.357599                     0.357599
6     12     0.32          175             0.2288              0.357599                     0.357599
6     12     0.32          175             0.232              0                     0
6     12     0.32          175             0.2352              0.357599                     0.357599
6     12     0.32          175             0.2384              0.715198                     0.505722
6     12     0.32          175             0.2416              0                     0
6     12     0.32          175             0.2448              1.0728                     0.61938
6     12     0.32          175             0.248              0                     0
6     12     0.32          175             0.2512              1.788                     0.799616
6     12     0.32          175             0.2544              0.715198                     0.505722
6     12     0.32          175             0.2576              0                     0
6     12     0.32          175             0.2608              0.715198                     0.505722
6     12     0.32          175             0.264              1.0728                     0.61938
6     12     0.32          175             0.2672              2.1456                     0.875936
6     12     0.32          175             0.2704              1.0728                     0.61938
6     12     0.32          175             0.2736              0.715198                     0.505722
6     12     0.32          175             0.2768              0.357599                     0.357599
6     12     0.32          175             0.28              0                     0
6     12     0.32          175             0.2832              1.4304                     0.715198
6     12     0.32          175             0.2864              0.357599                     0.357599
6     12     0.32          175             0.2896              0.715198                     0.505722
6     12     0.32          175             0.2928              2.1456                     0.875936
6     12     0.32          175             0.296              1.4304                     0.715198
6     12     0.32          175             0.2992              2.50319                     0.946119
6     12     0.32          175             0.3024              0.715198                     0.505722
6     12     0.32          175             0.3056              0.357599                     0.357599
6     12     0.32          175             0.3088              0                     0
6     12     0.32          175             0.312              0                     0
6     12     0.32          175             0.3152              0                     0
*******************************************************************************************************
 Average angle 174.919 +- 14.6789 deg 
 Average E' 0.120149 +- 0.0100827 GeV 
