*******************************************************************************************************
Z     A     E(GeV)     Theta(deg)     Energy Loss(GeV)     Sigma(nb/sr/GeV)     ERROR     Citation     
*******************************************************************************************************
6     12     0.4          133.5             0.002              0                     0
6     12     0.4          133.5             0.006              0                     0
6     12     0.4          133.5             0.01              0                     0
6     12     0.4          133.5             0.014              0                     0
6     12     0.4          133.5             0.018              0                     0
6     12     0.4          133.5             0.022              0                     0
6     12     0.4          133.5             0.026              0                     0
6     12     0.4          133.5             0.03              0                     0
6     12     0.4          133.5             0.034              0                     0
6     12     0.4          133.5             0.038              0                     0
6     12     0.4          133.5             0.042              0                     0
6     12     0.4          133.5             0.046              0                     0
6     12     0.4          133.5             0.05              0                     0
6     12     0.4          133.5             0.054              0                     0
6     12     0.4          133.5             0.058              0                     0
6     12     0.4          133.5             0.062              0                     0
6     12     0.4          133.5             0.066              0                     0
6     12     0.4          133.5             0.07              0                     0
6     12     0.4          133.5             0.074              0                     0
6     12     0.4          133.5             0.078              0                     0
6     12     0.4          133.5             0.082              0                     0
6     12     0.4          133.5             0.086              0                     0
6     12     0.4          133.5             0.09              0                     0
6     12     0.4          133.5             0.094              0                     0
6     12     0.4          133.5             0.098              0                     0
6     12     0.4          133.5             0.102              0                     0
6     12     0.4          133.5             0.106              0                     0
6     12     0.4          133.5             0.11              0                     0
6     12     0.4          133.5             0.114              0                     0
6     12     0.4          133.5             0.118              0                     0
6     12     0.4          133.5             0.122              0                     0
6     12     0.4          133.5             0.126              0                     0
6     12     0.4          133.5             0.13              0                     0
6     12     0.4          133.5             0.134              0                     0
6     12     0.4          133.5             0.138              0                     0
6     12     0.4          133.5             0.142              0                     0
6     12     0.4          133.5             0.146              0                     0
6     12     0.4          133.5             0.15              0                     0
6     12     0.4          133.5             0.154              0                     0
6     12     0.4          133.5             0.158              0                     0
6     12     0.4          133.5             0.162              0                     0
6     12     0.4          133.5             0.166              0                     0
6     12     0.4          133.5             0.17              0                     0
6     12     0.4          133.5             0.174              0                     0
6     12     0.4          133.5             0.178              0                     0
6     12     0.4          133.5             0.182              0                     0
6     12     0.4          133.5             0.186              0                     0
6     12     0.4          133.5             0.19              0                     0
6     12     0.4          133.5             0.194              0                     0
6     12     0.4          133.5             0.198              0                     0
6     12     0.4          133.5             0.202              0                     0
6     12     0.4          133.5             0.206              0                     0
6     12     0.4          133.5             0.21              0                     0
6     12     0.4          133.5             0.214              0                     0
6     12     0.4          133.5             0.218              0                     0
6     12     0.4          133.5             0.222              0                     0
6     12     0.4          133.5             0.226              0                     0
6     12     0.4          133.5             0.23              0                     0
6     12     0.4          133.5             0.234              0                     0
6     12     0.4          133.5             0.238              0                     0
6     12     0.4          133.5             0.242              0                     0
6     12     0.4          133.5             0.246              0                     0
6     12     0.4          133.5             0.25              0                     0
6     12     0.4          133.5             0.254              0                     0
6     12     0.4          133.5             0.258              0                     0
6     12     0.4          133.5             0.262              0                     0
6     12     0.4          133.5             0.266              0                     0
6     12     0.4          133.5             0.27              0                     0
6     12     0.4          133.5             0.274              0.0397832                     0.0397832
6     12     0.4          133.5             0.278              0                     0
6     12     0.4          133.5             0.282              0.0397832                     0.0397832
6     12     0.4          133.5             0.286              0                     0
6     12     0.4          133.5             0.29              0                     0
6     12     0.4          133.5             0.294              0.0397832                     0.0397832
6     12     0.4          133.5             0.298              0.0795664                     0.0562619
6     12     0.4          133.5             0.302              0.0795664                     0.0562619
6     12     0.4          133.5             0.306              0.11935                     0.0689065
6     12     0.4          133.5             0.31              0                     0
6     12     0.4          133.5             0.314              0.0795664                     0.0562619
6     12     0.4          133.5             0.318              0.238699                     0.0974485
6     12     0.4          133.5             0.322              0.11935                     0.0689065
6     12     0.4          133.5             0.326              0.437615                     0.131946
6     12     0.4          133.5             0.33              0.318266                     0.112524
6     12     0.4          133.5             0.334              0.556965                     0.148855
6     12     0.4          133.5             0.338              0.238699                     0.0974485
6     12     0.4          133.5             0.342              0.915014                     0.190794
6     12     0.4          133.5             0.346              0.596748                     0.15408
6     12     0.4          133.5             0.35              0.477398                     0.137813
6     12     0.4          133.5             0.354              1.23328                     0.221503
6     12     0.4          133.5             0.358              1.07415                     0.20672
6     12     0.4          133.5             0.362              1.03436                     0.202855
6     12     0.4          133.5             0.366              1.71068                     0.260876
6     12     0.4          133.5             0.37              1.31285                     0.228537
6     12     0.4          133.5             0.374              1.4322                     0.238699
6     12     0.4          133.5             0.378              2.22786                     0.29771
6     12     0.4          133.5             0.382              1.90959                     0.275626
6     12     0.4          133.5             0.386              0.676314                     0.16403
6     12     0.4          133.5             0.39              0                     0
6     12     0.4          133.5             0.394              0                     0
*******************************************************************************************************
 Average angle 133.478 +- 6.45945 deg 
 Average E' 0.0388625 +- 0.00188069 GeV 
