*******************************************************************************************************
Z     A     E(GeV)     Theta(deg)     Energy Loss(GeV)     Sigma(nb/sr/GeV)     ERROR     Citation     
*******************************************************************************************************
6     12     0.1          154             0.0005              2.66238                     0.294011
6     12     0.1          154             0.0015              3.50656                     0.337418
6     12     0.1          154             0.0025              3.40915                     0.332699
6     12     0.1          154             0.0035              4.90268                     0.398975
6     12     0.1          154             0.0045              5.38971                     0.418322
6     12     0.1          154             0.0055              4.93515                     0.400294
6     12     0.1          154             0.0065              5.32477                     0.415795
6     12     0.1          154             0.0075              6.42869                     0.456867
6     12     0.1          154             0.0085              6.85077                     0.471626
6     12     0.1          154             0.0095              7.98715                     0.509242
6     12     0.1          154             0.0105              7.27286                     0.485938
6     12     0.1          154             0.0115              7.40273                     0.490258
6     12     0.1          154             0.0125              8.21443                     0.516437
6     12     0.1          154             0.0135              7.66247                     0.498785
6     12     0.1          154             0.0145              8.31184                     0.51949
6     12     0.1          154             0.0155              8.14949                     0.514392
6     12     0.1          154             0.0165              8.76639                     0.533505
6     12     0.1          154             0.0175              8.57158                     0.527544
6     12     0.1          154             0.0185              8.9612                     0.539401
6     12     0.1          154             0.0195              9.12354                     0.544265
6     12     0.1          154             0.0205              8.37677                     0.521515
6     12     0.1          154             0.0215              8.11703                     0.513366
6     12     0.1          154             0.0225              8.05209                     0.511308
6     12     0.1          154             0.0235              8.99367                     0.540377
6     12     0.1          154             0.0245              8.27937                     0.518474
6     12     0.1          154             0.0255              8.86379                     0.536461
6     12     0.1          154             0.0265              8.31184                     0.51949
6     12     0.1          154             0.0275              8.27937                     0.518474
6     12     0.1          154             0.0285              7.37026                     0.489181
6     12     0.1          154             0.0295              7.17545                     0.482673
6     12     0.1          154             0.0305              8.08456                     0.512338
6     12     0.1          154             0.0315              6.7209                     0.467135
6     12     0.1          154             0.0325              7.17545                     0.482673
6     12     0.1          154             0.0335              6.26634                     0.451061
6     12     0.1          154             0.0345              6.94817                     0.474967
6     12     0.1          154             0.0355              6.42869                     0.456867
6     12     0.1          154             0.0365              5.97413                     0.440419
6     12     0.1          154             0.0375              5.81179                     0.434394
6     12     0.1          154             0.0385              5.97413                     0.440419
6     12     0.1          154             0.0395              5.2923                     0.414525
6     12     0.1          154             0.0405              5.12996                     0.408118
6     12     0.1          154             0.0415              4.83775                     0.396324
6     12     0.1          154             0.0425              4.96762                     0.401608
6     12     0.1          154             0.0435              4.12345                     0.365897
6     12     0.1          154             0.0445              4.09098                     0.364454
6     12     0.1          154             0.0455              4.12345                     0.365897
6     12     0.1          154             0.0465              3.40915                     0.332699
6     12     0.1          154             0.0475              1.49353                     0.220209
6     12     0.1          154             0.0485              0                     0
6     12     0.1          154             0.0495              0                     0
6     12     0.1          154             0.0505              0                     0
6     12     0.1          154             0.0515              0                     0
6     12     0.1          154             0.0525              0                     0
6     12     0.1          154             0.0535              0                     0
6     12     0.1          154             0.0545              0                     0
6     12     0.1          154             0.0555              0                     0
6     12     0.1          154             0.0565              0                     0
6     12     0.1          154             0.0575              0                     0
6     12     0.1          154             0.0585              0                     0
6     12     0.1          154             0.0595              0                     0
6     12     0.1          154             0.0605              0                     0
6     12     0.1          154             0.0615              0                     0
6     12     0.1          154             0.0625              0                     0
6     12     0.1          154             0.0635              0                     0
6     12     0.1          154             0.0645              0                     0
6     12     0.1          154             0.0655              0                     0
6     12     0.1          154             0.0665              0                     0
6     12     0.1          154             0.0675              0                     0
6     12     0.1          154             0.0685              0                     0
6     12     0.1          154             0.0695              0                     0
6     12     0.1          154             0.0705              0                     0
6     12     0.1          154             0.0715              0                     0
6     12     0.1          154             0.0725              0                     0
6     12     0.1          154             0.0735              0                     0
6     12     0.1          154             0.0745              0                     0
6     12     0.1          154             0.0755              0                     0
6     12     0.1          154             0.0765              0                     0
6     12     0.1          154             0.0775              0                     0
6     12     0.1          154             0.0785              0                     0
6     12     0.1          154             0.0795              0                     0
6     12     0.1          154             0.0805              0                     0
6     12     0.1          154             0.0815              0                     0
6     12     0.1          154             0.0825              0                     0
6     12     0.1          154             0.0835              0                     0
6     12     0.1          154             0.0845              0                     0
6     12     0.1          154             0.0855              0                     0
6     12     0.1          154             0.0865              0                     0
6     12     0.1          154             0.0875              0                     0
6     12     0.1          154             0.0885              0                     0
6     12     0.1          154             0.0895              0                     0
6     12     0.1          154             0.0905              0                     0
6     12     0.1          154             0.0915              0                     0
6     12     0.1          154             0.0925              0                     0
6     12     0.1          154             0.0935              0                     0
6     12     0.1          154             0.0945              0                     0
6     12     0.1          154             0.0955              0                     0
6     12     0.1          154             0.0965              0                     0
6     12     0.1          154             0.0975              0                     0
6     12     0.1          154             0.0985              0                     0
*******************************************************************************************************
 Average angle 154.479 +- 1.5746 deg 
 Average E' 0.0768565 +- 0.000783394 GeV 
