*******************************************************************************************************
Z     A     E(GeV)     Theta(deg)     Energy Loss(GeV)     Sigma(nb/sr/GeV)     ERROR     Citation     
*******************************************************************************************************
6     12     0.56          72             0.0028              0                     0
6     12     0.56          72             0.0084              0                     0
6     12     0.56          72             0.014              0                     0
6     12     0.56          72             0.0196              0.0248696                     0.0248696
6     12     0.56          72             0.0252              0                     0
6     12     0.56          72             0.0308              0                     0
6     12     0.56          72             0.0364              0                     0
6     12     0.56          72             0.042              0.0248696                     0.0248696
6     12     0.56          72             0.0476              0.0497391                     0.0351709
6     12     0.56          72             0.0532              0.0746087                     0.0430753
6     12     0.56          72             0.0588              0.0497391                     0.0351709
6     12     0.56          72             0.0644              0.124348                     0.05561
6     12     0.56          72             0.07              0.0994782                     0.0497391
6     12     0.56          72             0.0756              0.248696                     0.0786444
6     12     0.56          72             0.0812              0.0746087                     0.0430753
6     12     0.56          72             0.0868              0.373043                     0.0963194
6     12     0.56          72             0.0924              0.522261                     0.113967
6     12     0.56          72             0.098              0.323304                     0.0896685
6     12     0.56          72             0.1036              0.696348                     0.131597
6     12     0.56          72             0.1092              0.472522                     0.108404
6     12     0.56          72             0.1148              0.969913                     0.15531
6     12     0.56          72             0.1204              0.671478                     0.129226
6     12     0.56          72             0.126              0.945043                     0.153306
6     12     0.56          72             0.1316              1.29322                     0.179337
6     12     0.56          72             0.1372              1.3927                     0.186107
6     12     0.56          72             0.1428              1.4673                     0.191027
6     12     0.56          72             0.1484              1.79061                     0.211025
6     12     0.56          72             0.154              2.01443                     0.223826
6     12     0.56          72             0.1596              2.0393                     0.225203
6     12     0.56          72             0.1652              1.91496                     0.218229
6     12     0.56          72             0.1708              2.0393                     0.225203
6     12     0.56          72             0.1764              2.288                     0.23854
6     12     0.56          72             0.182              2.288                     0.23854
6     12     0.56          72             0.1876              2.08904                     0.227933
6     12     0.56          72             0.1932              1.54191                     0.195823
6     12     0.56          72             0.1988              1.716                     0.206582
6     12     0.56          72             0.2044              1.54191                     0.195823
6     12     0.56          72             0.21              2.0393                     0.225203
6     12     0.56          72             0.2156              2.06417                     0.226572
6     12     0.56          72             0.2212              1.56678                     0.197396
6     12     0.56          72             0.2268              1.84035                     0.213936
6     12     0.56          72             0.2324              1.31809                     0.181053
6     12     0.56          72             0.238              1.21861                     0.174087
6     12     0.56          72             0.2436              1.64139                     0.202041
6     12     0.56          72             0.2492              1.69113                     0.20508
6     12     0.56          72             0.2548              1.41756                     0.187761
6     12     0.56          72             0.2604              1.19374                     0.172301
6     12     0.56          72             0.266              0.770956                     0.138468
6     12     0.56          72             0.2716              1.04452                     0.161173
6     12     0.56          72             0.2772              1.04452                     0.161173
6     12     0.56          72             0.2828              1.144                     0.168674
6     12     0.56          72             0.2884              0.895304                     0.149217
6     12     0.56          72             0.294              0.895304                     0.149217
6     12     0.56          72             0.2996              1.144                     0.168674
6     12     0.56          72             0.3052              1.06939                     0.163081
6     12     0.56          72             0.3108              1.31809                     0.181053
6     12     0.56          72             0.3164              1.06939                     0.163081
6     12     0.56          72             0.322              1.16887                     0.170497
6     12     0.56          72             0.3276              1.34296                     0.182753
6     12     0.56          72             0.3332              1.36783                     0.184438
6     12     0.56          72             0.3388              1.06939                     0.163081
6     12     0.56          72             0.3444              1.06939                     0.163081
6     12     0.56          72             0.35              1.3927                     0.186107
6     12     0.56          72             0.3556              1.29322                     0.179337
6     12     0.56          72             0.3612              1.56678                     0.197396
6     12     0.56          72             0.3668              1.41756                     0.187761
6     12     0.56          72             0.3724              1.3927                     0.186107
6     12     0.56          72             0.378              1.44243                     0.189401
6     12     0.56          72             0.3836              1.51704                     0.194237
6     12     0.56          72             0.3892              1.64139                     0.202041
6     12     0.56          72             0.3948              1.56678                     0.197396
6     12     0.56          72             0.4004              1.91496                     0.218229
6     12     0.56          72             0.406              1.54191                     0.195823
6     12     0.56          72             0.4116              2.11391                     0.229286
6     12     0.56          72             0.4172              1.93983                     0.219642
6     12     0.56          72             0.4228              1.91496                     0.218229
6     12     0.56          72             0.4284              1.56678                     0.197396
6     12     0.56          72             0.434              2.08904                     0.227933
6     12     0.56          72             0.4396              1.74087                     0.208074
6     12     0.56          72             0.4452              2.06417                     0.226572
6     12     0.56          72             0.4508              1.96469                     0.221045
6     12     0.56          72             0.4564              2.06417                     0.226572
6     12     0.56          72             0.462              1.89009                     0.216808
6     12     0.56          72             0.4676              1.84035                     0.213936
6     12     0.56          72             0.4732              2.11391                     0.229286
6     12     0.56          72             0.4788              1.69113                     0.20508
6     12     0.56          72             0.4844              1.86522                     0.215377
6     12     0.56          72             0.49              1.79061                     0.211025
6     12     0.56          72             0.4956              1.93983                     0.219642
6     12     0.56          72             0.5012              1.36783                     0.184438
6     12     0.56          72             0.5068              1.51704                     0.194237
6     12     0.56          72             0.5124              1.09426                     0.164966
6     12     0.56          72             0.518              1.19374                     0.172301
6     12     0.56          72             0.5236              1.06939                     0.163081
6     12     0.56          72             0.5292              0.994782                     0.157289
6     12     0.56          72             0.5348              0.298435                     0.0861507
6     12     0.56          72             0.5404              0                     0
6     12     0.56          72             0.546              0                     0
6     12     0.56          72             0.5516              0                     0
*******************************************************************************************************
 Average angle 71.9616 +- 1.04303 deg 
 Average E' 0.241138 +- 0.00349512 GeV 
