*******************************************************************************************************
Z     A     E(GeV)     Theta(deg)     Energy Loss(GeV)     Sigma(nb/sr/GeV)     ERROR     Citation     
*******************************************************************************************************
6     12     0.4          35.3333             0.002              0                     0
6     12     0.4          35.3333             0.006              0                     0
6     12     0.4          35.3333             0.01              0                     0
6     12     0.4          35.3333             0.014              0                     0
6     12     0.4          35.3333             0.018              0                     0
6     12     0.4          35.3333             0.022              0                     0
6     12     0.4          35.3333             0.026              0                     0
6     12     0.4          35.3333             0.03              0                     0
6     12     0.4          35.3333             0.034              0                     0
6     12     0.4          35.3333             0.038              0                     0
6     12     0.4          35.3333             0.042              0                     0
6     12     0.4          35.3333             0.046              0                     0
6     12     0.4          35.3333             0.05              0                     0
6     12     0.4          35.3333             0.054              0                     0
6     12     0.4          35.3333             0.058              0                     0
6     12     0.4          35.3333             0.062              0                     0
6     12     0.4          35.3333             0.066              0                     0
6     12     0.4          35.3333             0.07              0                     0
6     12     0.4          35.3333             0.074              0                     0
6     12     0.4          35.3333             0.078              0                     0
6     12     0.4          35.3333             0.082              0                     0
6     12     0.4          35.3333             0.086              0                     0
6     12     0.4          35.3333             0.09              0                     0
6     12     0.4          35.3333             0.094              0                     0
6     12     0.4          35.3333             0.098              0                     0
6     12     0.4          35.3333             0.102              0                     0
6     12     0.4          35.3333             0.106              0                     0
6     12     0.4          35.3333             0.11              0                     0
6     12     0.4          35.3333             0.114              0                     0
6     12     0.4          35.3333             0.118              0                     0
6     12     0.4          35.3333             0.122              0                     0
6     12     0.4          35.3333             0.126              0                     0
6     12     0.4          35.3333             0.13              0                     0
6     12     0.4          35.3333             0.134              0                     0
6     12     0.4          35.3333             0.138              0                     0
6     12     0.4          35.3333             0.142              0                     0
6     12     0.4          35.3333             0.146              0                     0
6     12     0.4          35.3333             0.15              0                     0
6     12     0.4          35.3333             0.154              0                     0
6     12     0.4          35.3333             0.158              0                     0
6     12     0.4          35.3333             0.162              0.0498981                     0.0498981
6     12     0.4          35.3333             0.166              0                     0
6     12     0.4          35.3333             0.17              0.0997963                     0.0705666
6     12     0.4          35.3333             0.174              0.149694                     0.0864261
6     12     0.4          35.3333             0.178              0.299389                     0.122225
6     12     0.4          35.3333             0.182              0.449083                     0.149694
6     12     0.4          35.3333             0.186              0.748472                     0.193255
6     12     0.4          35.3333             0.19              0.54888                     0.165493
6     12     0.4          35.3333             0.194              0.449083                     0.149694
6     12     0.4          35.3333             0.198              0.748472                     0.193255
6     12     0.4          35.3333             0.202              1.24745                     0.249491
6     12     0.4          35.3333             0.206              0.848269                     0.205735
6     12     0.4          35.3333             0.21              1.24745                     0.249491
6     12     0.4          35.3333             0.214              1.09776                     0.234043
6     12     0.4          35.3333             0.218              1.04786                     0.228662
6     12     0.4          35.3333             0.222              1.69654                     0.290954
6     12     0.4          35.3333             0.226              1.64664                     0.286643
6     12     0.4          35.3333             0.23              1.74644                     0.295201
6     12     0.4          35.3333             0.234              1.79633                     0.299389
6     12     0.4          35.3333             0.238              1.29735                     0.254432
6     12     0.4          35.3333             0.242              1.59674                     0.282267
6     12     0.4          35.3333             0.246              1.49694                     0.273303
6     12     0.4          35.3333             0.25              1.34725                     0.259278
6     12     0.4          35.3333             0.254              1.54684                     0.277821
6     12     0.4          35.3333             0.258              1.49694                     0.273303
6     12     0.4          35.3333             0.262              1.29735                     0.254432
6     12     0.4          35.3333             0.266              0.449083                     0.149694
6     12     0.4          35.3333             0.27              0.249491                     0.111576
6     12     0.4          35.3333             0.274              0.0498981                     0.0498981
6     12     0.4          35.3333             0.278              0                     0
6     12     0.4          35.3333             0.282              0                     0
6     12     0.4          35.3333             0.286              0                     0
6     12     0.4          35.3333             0.29              0                     0
6     12     0.4          35.3333             0.294              0                     0
6     12     0.4          35.3333             0.298              0                     0
6     12     0.4          35.3333             0.302              0                     0
6     12     0.4          35.3333             0.306              0                     0
6     12     0.4          35.3333             0.31              0                     0
6     12     0.4          35.3333             0.314              0                     0
6     12     0.4          35.3333             0.318              0                     0
6     12     0.4          35.3333             0.322              0                     0
6     12     0.4          35.3333             0.326              0                     0
6     12     0.4          35.3333             0.33              0                     0
6     12     0.4          35.3333             0.334              0                     0
6     12     0.4          35.3333             0.338              0                     0
6     12     0.4          35.3333             0.342              0                     0
6     12     0.4          35.3333             0.346              0                     0
6     12     0.4          35.3333             0.35              0                     0
6     12     0.4          35.3333             0.354              0                     0
6     12     0.4          35.3333             0.358              0                     0
6     12     0.4          35.3333             0.362              0                     0
6     12     0.4          35.3333             0.366              0                     0
6     12     0.4          35.3333             0.37              0                     0
6     12     0.4          35.3333             0.374              0                     0
6     12     0.4          35.3333             0.378              0                     0
6     12     0.4          35.3333             0.382              0                     0
6     12     0.4          35.3333             0.386              0                     0
6     12     0.4          35.3333             0.39              0                     0
6     12     0.4          35.3333             0.394              0                     0
*******************************************************************************************************
 Average angle 35.3988 +- 1.529 deg 
 Average E' 0.17157 +- 0.00741069 GeV 
