*******************************************************************************************************
Z     A     E(GeV)     Theta(deg)     Energy Loss(GeV)     Sigma(nb/sr/GeV)     ERROR     Citation     
*******************************************************************************************************
6     12     0.48          52             0.0024              0                     0
6     12     0.48          52             0.0072              0.132327                     0.0661634
6     12     0.48          52             0.012              0.727798                     0.155167
6     12     0.48          52             0.0168              1.32327                     0.209227
6     12     0.48          52             0.0216              2.54729                     0.290291
6     12     0.48          52             0.0264              4.13521                     0.369865
6     12     0.48          52             0.0312              4.63144                     0.391428
6     12     0.48          52             0.036              5.65697                     0.4326
6     12     0.48          52             0.0408              6.94716                     0.4794
6     12     0.48          52             0.0456              9.49445                     0.56044
6     12     0.48          52             0.0504              10.3546                     0.585275
6     12     0.48          52             0.0552              11.5124                     0.617131
6     12     0.48          52             0.06              12.4718                     0.642331
6     12     0.48          52             0.0648              12.5049                     0.643182
6     12     0.48          52             0.0696              14.1921                     0.685199
6     12     0.48          52             0.0744              16.2431                     0.733042
6     12     0.48          52             0.0792              15.5153                     0.716431
6     12     0.48          52             0.084              16.0115                     0.727798
6     12     0.48          52             0.0888              16.2762                     0.733788
6     12     0.48          52             0.0936              15.6477                     0.71948
6     12     0.48          52             0.0984              15.6477                     0.71948
6     12     0.48          52             0.1032              15.0191                     0.704881
6     12     0.48          52             0.108              14.5229                     0.693139
6     12     0.48          52             0.1128              14.1259                     0.6836
6     12     0.48          52             0.1176              14.0266                     0.681194
6     12     0.48          52             0.1224              12.8357                     0.651634
6     12     0.48          52             0.1272              12.1741                     0.634617
6     12     0.48          52             0.132              11.8763                     0.626809
6     12     0.48          52             0.1368              10.2884                     0.583402
6     12     0.48          52             0.1416              8.93206                     0.543588
6     12     0.48          52             0.1464              8.99823                     0.545598
6     12     0.48          52             0.1512              7.34414                     0.492906
6     12     0.48          52             0.156              6.81483                     0.474812
6     12     0.48          52             0.1608              6.1532                     0.451174
6     12     0.48          52             0.1656              5.49156                     0.426228
6     12     0.48          52             0.1704              4.66452                     0.392824
6     12     0.48          52             0.1752              3.90364                     0.359359
6     12     0.48          52             0.18              4.43295                     0.382949
6     12     0.48          52             0.1848              3.63899                     0.346964
6     12     0.48          52             0.1896              3.4405                     0.337369
6     12     0.48          52             0.1944              2.84503                     0.306787
6     12     0.48          52             0.1992              2.97735                     0.313841
6     12     0.48          52             0.204              3.17584                     0.324133
6     12     0.48          52             0.2088              2.97735                     0.313841
6     12     0.48          52             0.2136              2.58037                     0.29217
6     12     0.48          52             0.2184              2.94427                     0.312092
6     12     0.48          52             0.2232              2.15031                     0.266713
6     12     0.48          52             0.228              3.04352                     0.317309
6     12     0.48          52             0.2328              2.87811                     0.308566
6     12     0.48          52             0.2376              2.84503                     0.306787
6     12     0.48          52             0.2424              2.84503                     0.306787
6     12     0.48          52             0.2472              2.51421                     0.2884
6     12     0.48          52             0.252              3.01044                     0.315579
6     12     0.48          52             0.2568              3.10968                     0.320739
6     12     0.48          52             0.2616              3.24201                     0.327492
6     12     0.48          52             0.2664              3.53974                     0.3422
6     12     0.48          52             0.2712              2.87811                     0.308566
6     12     0.48          52             0.276              2.28264                     0.274797
6     12     0.48          52             0.2808              2.77886                     0.303199
6     12     0.48          52             0.2856              3.17584                     0.324133
6     12     0.48          52             0.2904              3.37433                     0.334109
6     12     0.48          52             0.2952              3.47358                     0.338987
6     12     0.48          52             0.3              3.4405                     0.337369
6     12     0.48          52             0.3048              4.06905                     0.366894
6     12     0.48          52             0.3096              3.83748                     0.356301
6     12     0.48          52             0.3144              3.96981                     0.362392
6     12     0.48          52             0.3192              3.73823                     0.351663
6     12     0.48          52             0.324              3.87056                     0.357833
6     12     0.48          52             0.3288              3.70515                     0.350104
6     12     0.48          52             0.3336              3.90364                     0.359359
6     12     0.48          52             0.3384              4.56528                     0.388622
6     12     0.48          52             0.3432              4.46603                     0.384375
6     12     0.48          52             0.348              5.19383                     0.414513
6     12     0.48          52             0.3528              4.82993                     0.399728
6     12     0.48          52             0.3576              5.45848                     0.424942
6     12     0.48          52             0.3624              5.29307                     0.418454
6     12     0.48          52             0.3672              4.92918                     0.403814
6     12     0.48          52             0.372              5.65697                     0.4326
6     12     0.48          52             0.3768              5.7893                     0.43763
6     12     0.48          52             0.3816              5.7893                     0.43763
6     12     0.48          52             0.3864              5.19383                     0.414513
6     12     0.48          52             0.3912              5.29307                     0.418454
6     12     0.48          52             0.396              5.12767                     0.411864
6     12     0.48          52             0.4008              6.58326                     0.466675
6     12     0.48          52             0.4056              5.52465                     0.42751
6     12     0.48          52             0.4104              5.32616                     0.41976
6     12     0.48          52             0.4152              5.09458                     0.410533
6     12     0.48          52             0.42              5.35924                     0.421061
6     12     0.48          52             0.4248              3.0766                     0.319028
6     12     0.48          52             0.4296              0.231572                     0.087526
6     12     0.48          52             0.4344              0                     0
6     12     0.48          52             0.4392              0                     0
6     12     0.48          52             0.444              0                     0
6     12     0.48          52             0.4488              0                     0
6     12     0.48          52             0.4536              0                     0
6     12     0.48          52             0.4584              0                     0
6     12     0.48          52             0.4632              0                     0
6     12     0.48          52             0.468              0                     0
6     12     0.48          52             0.4728              0                     0
*******************************************************************************************************
 Average angle 51.9559 +- 0.401267 deg 
 Average E' 0.301148 +- 0.00232583 GeV 
