*******************************************************************************************************
Z     A     E(GeV)     Theta(deg)     Energy Loss(GeV)     Sigma(nb/sr/GeV)     ERROR     Citation     
*******************************************************************************************************
6     12     0.1          126             0.0005              6.22794                     0.331011
6     12     0.1          126             0.0015              7.31871                     0.358829
6     12     0.1          126             0.0025              8.76134                     0.392605
6     12     0.1          126             0.0035              9.27154                     0.403875
6     12     0.1          126             0.0045              11.0836                     0.441582
6     12     0.1          126             0.0055              12.0688                     0.46079
6     12     0.1          126             0.0065              13.4059                     0.485645
6     12     0.1          126             0.0075              13.3531                     0.484688
6     12     0.1          126             0.0085              14.3032                     0.501634
6     12     0.1          126             0.0095              14.5143                     0.505322
6     12     0.1          126             0.0105              16.3439                     0.536228
6     12     0.1          126             0.0115              16.6782                     0.541683
6     12     0.1          126             0.0125              16.5903                     0.540253
6     12     0.1          126             0.0135              17.6106                     0.556619
6     12     0.1          126             0.0145              18.6838                     0.573329
6     12     0.1          126             0.0155              17.4171                     0.553553
6     12     0.1          126             0.0165              18.2792                     0.567086
6     12     0.1          126             0.0175              17.5403                     0.555506
6     12     0.1          126             0.0185              18.1208                     0.564625
6     12     0.1          126             0.0195              17.769                     0.559116
6     12     0.1          126             0.0205              18.1912                     0.56572
6     12     0.1          126             0.0215              17.9097                     0.561326
6     12     0.1          126             0.0225              17.1708                     0.549625
6     12     0.1          126             0.0235              16.6782                     0.541683
6     12     0.1          126             0.0245              16.6254                     0.540826
6     12     0.1          126             0.0255              16.9773                     0.546519
6     12     0.1          126             0.0265              16.0273                     0.531007
6     12     0.1          126             0.0275              15.5171                     0.522487
6     12     0.1          126             0.0285              14.6726                     0.508071
6     12     0.1          126             0.0295              15.5699                     0.523375
6     12     0.1          126             0.0305              14.7254                     0.508984
6     12     0.1          126             0.0315              13.7402                     0.491662
6     12     0.1          126             0.0325              13.0189                     0.478583
6     12     0.1          126             0.0335              11.8753                     0.457081
6     12     0.1          126             0.0345              12.0864                     0.461126
6     12     0.1          126             0.0355              11.7698                     0.455045
6     12     0.1          126             0.0365              10.9077                     0.438064
6     12     0.1          126             0.0375              3.32509                     0.241865
6     12     0.1          126             0.0385              0                     0
6     12     0.1          126             0.0395              0                     0
6     12     0.1          126             0.0405              0                     0
6     12     0.1          126             0.0415              0                     0
6     12     0.1          126             0.0425              0                     0
6     12     0.1          126             0.0435              0                     0
6     12     0.1          126             0.0445              0                     0
6     12     0.1          126             0.0455              0                     0
6     12     0.1          126             0.0465              0                     0
6     12     0.1          126             0.0475              0                     0
6     12     0.1          126             0.0485              0                     0
6     12     0.1          126             0.0495              0                     0
6     12     0.1          126             0.0505              0                     0
6     12     0.1          126             0.0515              0                     0
6     12     0.1          126             0.0525              0                     0
6     12     0.1          126             0.0535              0                     0
6     12     0.1          126             0.0545              0                     0
6     12     0.1          126             0.0555              0                     0
6     12     0.1          126             0.0565              0                     0
6     12     0.1          126             0.0575              0                     0
6     12     0.1          126             0.0585              0                     0
6     12     0.1          126             0.0595              0                     0
6     12     0.1          126             0.0605              0                     0
6     12     0.1          126             0.0615              0                     0
6     12     0.1          126             0.0625              0                     0
6     12     0.1          126             0.0635              0                     0
6     12     0.1          126             0.0645              0                     0
6     12     0.1          126             0.0655              0                     0
6     12     0.1          126             0.0665              0                     0
6     12     0.1          126             0.0675              0                     0
6     12     0.1          126             0.0685              0                     0
6     12     0.1          126             0.0695              0                     0
6     12     0.1          126             0.0705              0                     0
6     12     0.1          126             0.0715              0                     0
6     12     0.1          126             0.0725              0                     0
6     12     0.1          126             0.0735              0                     0
6     12     0.1          126             0.0745              0                     0
6     12     0.1          126             0.0755              0                     0
6     12     0.1          126             0.0765              0                     0
6     12     0.1          126             0.0775              0                     0
6     12     0.1          126             0.0785              0                     0
6     12     0.1          126             0.0795              0                     0
6     12     0.1          126             0.0805              0                     0
6     12     0.1          126             0.0815              0                     0
6     12     0.1          126             0.0825              0                     0
6     12     0.1          126             0.0835              0                     0
6     12     0.1          126             0.0845              0                     0
6     12     0.1          126             0.0855              0                     0
6     12     0.1          126             0.0865              0                     0
6     12     0.1          126             0.0875              0                     0
6     12     0.1          126             0.0885              0                     0
6     12     0.1          126             0.0895              0                     0
6     12     0.1          126             0.0905              0                     0
6     12     0.1          126             0.0915              0                     0
6     12     0.1          126             0.0925              0                     0
6     12     0.1          126             0.0935              0                     0
6     12     0.1          126             0.0945              0                     0
6     12     0.1          126             0.0955              0                     0
6     12     0.1          126             0.0965              0                     0
6     12     0.1          126             0.0975              0                     0
6     12     0.1          126             0.0985              0                     0
*******************************************************************************************************
 Average angle 126.488 +- 0.720558 deg 
 Average E' 0.080746 +- 0.000459981 GeV 
