*******************************************************************************************************
Z     A     E(GeV)     Theta(deg)     Energy Loss(GeV)     Sigma(nb/sr/GeV)     ERROR     Citation     
*******************************************************************************************************
6     12     0.48          89.3333             0.0024              0                     0
6     12     0.48          89.3333             0.0072              0                     0
6     12     0.48          89.3333             0.012              0                     0
6     12     0.48          89.3333             0.0168              0                     0
6     12     0.48          89.3333             0.0216              0                     0
6     12     0.48          89.3333             0.0264              0                     0
6     12     0.48          89.3333             0.0312              0                     0
6     12     0.48          89.3333             0.036              0                     0
6     12     0.48          89.3333             0.0408              0                     0
6     12     0.48          89.3333             0.0456              0                     0
6     12     0.48          89.3333             0.0504              0                     0
6     12     0.48          89.3333             0.0552              0                     0
6     12     0.48          89.3333             0.06              0                     0
6     12     0.48          89.3333             0.0648              0                     0
6     12     0.48          89.3333             0.0696              0                     0
6     12     0.48          89.3333             0.0744              0                     0
6     12     0.48          89.3333             0.0792              0                     0
6     12     0.48          89.3333             0.084              0                     0
6     12     0.48          89.3333             0.0888              0                     0
6     12     0.48          89.3333             0.0936              0                     0
6     12     0.48          89.3333             0.0984              0                     0
6     12     0.48          89.3333             0.1032              0                     0
6     12     0.48          89.3333             0.108              0                     0
6     12     0.48          89.3333             0.1128              0                     0
6     12     0.48          89.3333             0.1176              0                     0
6     12     0.48          89.3333             0.1224              0                     0
6     12     0.48          89.3333             0.1272              0                     0
6     12     0.48          89.3333             0.132              0                     0
6     12     0.48          89.3333             0.1368              0                     0
6     12     0.48          89.3333             0.1416              0                     0
6     12     0.48          89.3333             0.1464              0                     0
6     12     0.48          89.3333             0.1512              0                     0
6     12     0.48          89.3333             0.156              0                     0
6     12     0.48          89.3333             0.1608              0                     0
6     12     0.48          89.3333             0.1656              0                     0
6     12     0.48          89.3333             0.1704              0                     0
6     12     0.48          89.3333             0.1752              0                     0
6     12     0.48          89.3333             0.18              0                     0
6     12     0.48          89.3333             0.1848              0                     0
6     12     0.48          89.3333             0.1896              0                     0
6     12     0.48          89.3333             0.1944              0                     0
6     12     0.48          89.3333             0.1992              0                     0
6     12     0.48          89.3333             0.204              0                     0
6     12     0.48          89.3333             0.2088              0                     0
6     12     0.48          89.3333             0.2136              0                     0
6     12     0.48          89.3333             0.2184              0                     0
6     12     0.48          89.3333             0.2232              0                     0
6     12     0.48          89.3333             0.228              0                     0
6     12     0.48          89.3333             0.2328              0                     0
6     12     0.48          89.3333             0.2376              0                     0
6     12     0.48          89.3333             0.2424              0                     0
6     12     0.48          89.3333             0.2472              0                     0
6     12     0.48          89.3333             0.252              0                     0
6     12     0.48          89.3333             0.2568              0                     0
6     12     0.48          89.3333             0.2616              0                     0
6     12     0.48          89.3333             0.2664              0                     0
6     12     0.48          89.3333             0.2712              0                     0
6     12     0.48          89.3333             0.276              0                     0
6     12     0.48          89.3333             0.2808              0.0782115                     0.0451554
6     12     0.48          89.3333             0.2856              0                     0
6     12     0.48          89.3333             0.2904              0.0260705                     0.0260705
6     12     0.48          89.3333             0.2952              0.0782115                     0.0451554
6     12     0.48          89.3333             0.3              0.052141                     0.0368693
6     12     0.48          89.3333             0.3048              0.156423                     0.0638594
6     12     0.48          89.3333             0.3096              0.052141                     0.0368693
6     12     0.48          89.3333             0.3144              0.130353                     0.0582954
6     12     0.48          89.3333             0.3192              0.0782115                     0.0451554
6     12     0.48          89.3333             0.324              0.234635                     0.0782115
6     12     0.48          89.3333             0.3288              0.182494                     0.0689761
6     12     0.48          89.3333             0.3336              0.260705                     0.0824422
6     12     0.48          89.3333             0.3384              0.286776                     0.0864661
6     12     0.48          89.3333             0.3432              0.338917                     0.0939986
6     12     0.48          89.3333             0.348              0.573551                     0.122282
6     12     0.48          89.3333             0.3528              0.886397                     0.152016
6     12     0.48          89.3333             0.3576              0.834256                     0.147477
6     12     0.48          89.3333             0.3624              0.912468                     0.154235
6     12     0.48          89.3333             0.3672              0.990679                     0.160709
6     12     0.48          89.3333             0.372              0.782115                     0.142794
6     12     0.48          89.3333             0.3768              1.17317                     0.174886
6     12     0.48          89.3333             0.3816              0.860327                     0.149764
6     12     0.48          89.3333             0.3864              1.27745                     0.182494
6     12     0.48          89.3333             0.3912              1.25138                     0.180622
6     12     0.48          89.3333             0.396              1.09496                     0.168956
6     12     0.48          89.3333             0.4008              1.69458                     0.210187
6     12     0.48          89.3333             0.4056              1.5903                     0.203617
6     12     0.48          89.3333             0.4104              1.48602                     0.196828
6     12     0.48          89.3333             0.4152              1.72065                     0.211798
6     12     0.48          89.3333             0.42              1.27745                     0.182494
6     12     0.48          89.3333             0.4248              1.79887                     0.216558
6     12     0.48          89.3333             0.4296              1.48602                     0.196828
6     12     0.48          89.3333             0.4344              1.77279                     0.214983
6     12     0.48          89.3333             0.4392              1.61637                     0.205279
6     12     0.48          89.3333             0.444              1.51209                     0.198547
6     12     0.48          89.3333             0.4488              1.51209                     0.198547
6     12     0.48          89.3333             0.4536              1.40781                     0.191578
6     12     0.48          89.3333             0.4584              1.12103                     0.170956
6     12     0.48          89.3333             0.4632              0                     0
6     12     0.48          89.3333             0.468              0                     0
6     12     0.48          89.3333             0.4728              0                     0
*******************************************************************************************************
 Average angle 89.265 +- 2.52479 deg 
 Average E' 0.0753194 +- 0.00213035 GeV 
