*******************************************************************************************************
Z     A     E(GeV)     Theta(deg)     Energy Loss(GeV)     Sigma(nb/sr/GeV)     ERROR     Citation     
*******************************************************************************************************
6     12     0.24          105.333             0.0012              0.0341614                     0.0341614
6     12     0.24          105.333             0.0036              0.102484                     0.0591692
6     12     0.24          105.333             0.006              0.136645                     0.0683227
6     12     0.24          105.333             0.0084              0.102484                     0.0591692
6     12     0.24          105.333             0.0108              0.375775                     0.1133
6     12     0.24          105.333             0.0132              1.059                     0.190202
6     12     0.24          105.333             0.0156              0.99068                     0.183965
6     12     0.24          105.333             0.018              1.67391                     0.23913
6     12     0.24          105.333             0.0204              1.91304                     0.25564
6     12     0.24          105.333             0.0228              1.77639                     0.246341
6     12     0.24          105.333             0.0252              2.11801                     0.268987
6     12     0.24          105.333             0.0276              1.87888                     0.253348
6     12     0.24          105.333             0.03              2.25465                     0.277528
6     12     0.24          105.333             0.0324              2.93788                     0.3168
6     12     0.24          105.333             0.0348              3.65527                     0.353368
6     12     0.24          105.333             0.0372              3.17701                     0.32944
6     12     0.24          105.333             0.0396              4.54346                     0.393968
6     12     0.24          105.333             0.042              4.44098                     0.3895
6     12     0.24          105.333             0.0444              4.44098                     0.3895
6     12     0.24          105.333             0.0468              4.9534                     0.411357
6     12     0.24          105.333             0.0492              4.54346                     0.393968
6     12     0.24          105.333             0.0516              5.36334                     0.428041
6     12     0.24          105.333             0.054              4.27017                     0.381936
6     12     0.24          105.333             0.0564              5.70495                     0.441462
6     12     0.24          105.333             0.0588              5.29501                     0.425306
6     12     0.24          105.333             0.0612              5.26085                     0.423931
6     12     0.24          105.333             0.0636              5.60247                     0.437479
6     12     0.24          105.333             0.066              5.02172                     0.414185
6     12     0.24          105.333             0.0684              6.31985                     0.464645
6     12     0.24          105.333             0.0708              7.31053                     0.499738
6     12     0.24          105.333             0.0732              5.49998                     0.433459
6     12     0.24          105.333             0.0756              5.43166                     0.430759
6     12     0.24          105.333             0.078              5.73911                     0.442782
6     12     0.24          105.333             0.0804              5.53414                     0.434803
6     12     0.24          105.333             0.0828              5.90992                     0.449323
6     12     0.24          105.333             0.0852              5.29501                     0.425306
6     12     0.24          105.333             0.0876              5.02172                     0.414185
6     12     0.24          105.333             0.09              3.92856                     0.36634
6     12     0.24          105.333             0.0924              4.74843                     0.402757
6     12     0.24          105.333             0.0948              4.64595                     0.398387
6     12     0.24          105.333             0.0972              3.86024                     0.36314
6     12     0.24          105.333             0.0996              3.96272                     0.367929
6     12     0.24          105.333             0.102              3.72359                     0.356655
6     12     0.24          105.333             0.1044              3.8944                     0.364744
6     12     0.24          105.333             0.1068              3.31365                     0.336451
6     12     0.24          105.333             0.1092              2.86956                     0.313094
6     12     0.24          105.333             0.1116              2.49378                     0.291875
6     12     0.24          105.333             0.114              2.66459                     0.301705
6     12     0.24          105.333             0.1164              2.83539                     0.311225
6     12     0.24          105.333             0.1188              2.25465                     0.277528
6     12     0.24          105.333             0.1212              1.84471                     0.251034
6     12     0.24          105.333             0.1236              2.11801                     0.268987
6     12     0.24          105.333             0.126              2.01552                     0.262398
6     12     0.24          105.333             0.1284              1.67391                     0.23913
6     12     0.24          105.333             0.1308              1.19565                     0.202101
6     12     0.24          105.333             0.1332              1.53726                     0.229161
6     12     0.24          105.333             0.1356              1.33229                     0.213338
6     12     0.24          105.333             0.138              1.26397                     0.207796
6     12     0.24          105.333             0.1404              1.19565                     0.202101
6     12     0.24          105.333             0.1428              0.99068                     0.183965
6     12     0.24          105.333             0.1452              0.99068                     0.183965
6     12     0.24          105.333             0.1476              0.785712                     0.163832
6     12     0.24          105.333             0.15              1.33229                     0.213338
6     12     0.24          105.333             0.1524              1.19565                     0.202101
6     12     0.24          105.333             0.1548              0.922357                     0.177508
6     12     0.24          105.333             0.1572              0.99068                     0.183965
6     12     0.24          105.333             0.1596              1.12733                     0.196242
6     12     0.24          105.333             0.162              0.75155                     0.160231
6     12     0.24          105.333             0.1644              0.785712                     0.163832
6     12     0.24          105.333             0.1668              0.888196                     0.17419
6     12     0.24          105.333             0.1692              0.956518                     0.180765
6     12     0.24          105.333             0.1716              0.888196                     0.17419
6     12     0.24          105.333             0.174              0.854034                     0.170807
6     12     0.24          105.333             0.1764              1.12733                     0.196242
6     12     0.24          105.333             0.1788              0.888196                     0.17419
6     12     0.24          105.333             0.1812              0.785712                     0.163832
6     12     0.24          105.333             0.1836              0.75155                     0.160231
6     12     0.24          105.333             0.186              0.785712                     0.163832
6     12     0.24          105.333             0.1884              0.888196                     0.17419
6     12     0.24          105.333             0.1908              1.12733                     0.196242
6     12     0.24          105.333             0.1932              0.888196                     0.17419
6     12     0.24          105.333             0.1956              0.888196                     0.17419
6     12     0.24          105.333             0.198              1.22981                     0.204968
6     12     0.24          105.333             0.2004              0.854034                     0.170807
6     12     0.24          105.333             0.2028              1.12733                     0.196242
6     12     0.24          105.333             0.2052              1.29813                     0.210585
6     12     0.24          105.333             0.2076              0.444098                     0.123171
6     12     0.24          105.333             0.21              0                     0
6     12     0.24          105.333             0.2124              0                     0
6     12     0.24          105.333             0.2148              0                     0
6     12     0.24          105.333             0.2172              0                     0
6     12     0.24          105.333             0.2196              0                     0
6     12     0.24          105.333             0.222              0                     0
6     12     0.24          105.333             0.2244              0                     0
6     12     0.24          105.333             0.2268              0                     0
6     12     0.24          105.333             0.2292              0                     0
6     12     0.24          105.333             0.2316              0                     0
6     12     0.24          105.333             0.234              0                     0
6     12     0.24          105.333             0.2364              0                     0
*******************************************************************************************************
 Average angle 105.308 +- 1.3075 deg 
 Average E' 0.154365 +- 0.00191658 GeV 
