*******************************************************************************************************
Z     A     E(GeV)     Theta(deg)     Energy Loss(GeV)     Sigma(nb/sr/GeV)     ERROR     Citation     
*******************************************************************************************************
6     12     1          83.6667             0.005              0                     0
6     12     1          83.6667             0.015              0                     0
6     12     1          83.6667             0.025              0                     0
6     12     1          83.6667             0.035              0                     0
6     12     1          83.6667             0.045              0                     0
6     12     1          83.6667             0.055              0                     0
6     12     1          83.6667             0.065              0                     0
6     12     1          83.6667             0.075              0                     0
6     12     1          83.6667             0.085              0                     0
6     12     1          83.6667             0.095              0                     0
6     12     1          83.6667             0.105              0                     0
6     12     1          83.6667             0.115              0                     0
6     12     1          83.6667             0.125              0                     0
6     12     1          83.6667             0.135              0                     0
6     12     1          83.6667             0.145              0                     0
6     12     1          83.6667             0.155              0                     0
6     12     1          83.6667             0.165              0                     0
6     12     1          83.6667             0.175              0                     0
6     12     1          83.6667             0.185              0                     0
6     12     1          83.6667             0.195              0                     0
6     12     1          83.6667             0.205              0                     0
6     12     1          83.6667             0.215              0                     0
6     12     1          83.6667             0.225              0                     0
6     12     1          83.6667             0.235              0                     0
6     12     1          83.6667             0.245              0                     0
6     12     1          83.6667             0.255              0                     0
6     12     1          83.6667             0.265              0                     0
6     12     1          83.6667             0.275              0                     0
6     12     1          83.6667             0.285              0                     0
6     12     1          83.6667             0.295              0                     0
6     12     1          83.6667             0.305              0                     0
6     12     1          83.6667             0.315              0                     0
6     12     1          83.6667             0.325              0                     0
6     12     1          83.6667             0.335              0                     0
6     12     1          83.6667             0.345              0.058798                     0.058798
6     12     1          83.6667             0.355              0.058798                     0.058798
6     12     1          83.6667             0.365              0                     0
6     12     1          83.6667             0.375              0                     0
6     12     1          83.6667             0.385              0.058798                     0.058798
6     12     1          83.6667             0.395              0.176394                     0.101841
6     12     1          83.6667             0.405              0                     0
6     12     1          83.6667             0.415              0.117596                     0.0831529
6     12     1          83.6667             0.425              0                     0
6     12     1          83.6667             0.435              0                     0
6     12     1          83.6667             0.445              0                     0
6     12     1          83.6667             0.455              0.058798                     0.058798
6     12     1          83.6667             0.465              0                     0
6     12     1          83.6667             0.475              0.117596                     0.0831529
6     12     1          83.6667             0.485              0                     0
6     12     1          83.6667             0.495              0.117596                     0.0831529
6     12     1          83.6667             0.505              0.176394                     0.101841
6     12     1          83.6667             0.515              0.235192                     0.117596
6     12     1          83.6667             0.525              0.058798                     0.058798
6     12     1          83.6667             0.535              0.117596                     0.0831529
6     12     1          83.6667             0.545              0.176394                     0.101841
6     12     1          83.6667             0.555              0.176394                     0.101841
6     12     1          83.6667             0.565              0.117596                     0.0831529
6     12     1          83.6667             0.575              0.058798                     0.058798
6     12     1          83.6667             0.585              0.176394                     0.101841
6     12     1          83.6667             0.595              0.176394                     0.101841
6     12     1          83.6667             0.605              0.058798                     0.058798
6     12     1          83.6667             0.615              0                     0
6     12     1          83.6667             0.625              0.117596                     0.0831529
6     12     1          83.6667             0.635              0.117596                     0.0831529
6     12     1          83.6667             0.645              0.352788                     0.144025
6     12     1          83.6667             0.655              0.352788                     0.144025
6     12     1          83.6667             0.665              0.176394                     0.101841
6     12     1          83.6667             0.675              0.117596                     0.0831529
6     12     1          83.6667             0.685              0.29399                     0.131476
6     12     1          83.6667             0.695              0.176394                     0.101841
6     12     1          83.6667             0.705              0.176394                     0.101841
6     12     1          83.6667             0.715              0.176394                     0.101841
6     12     1          83.6667             0.725              0.117596                     0.0831529
6     12     1          83.6667             0.735              0.29399                     0.131476
6     12     1          83.6667             0.745              0.352788                     0.144025
6     12     1          83.6667             0.755              0.235192                     0.117596
6     12     1          83.6667             0.765              0.235192                     0.117596
6     12     1          83.6667             0.775              0.176394                     0.101841
6     12     1          83.6667             0.785              0.058798                     0.058798
6     12     1          83.6667             0.795              0.411586                     0.155565
6     12     1          83.6667             0.805              0.352788                     0.144025
6     12     1          83.6667             0.815              0.176394                     0.101841
6     12     1          83.6667             0.825              0.411586                     0.155565
6     12     1          83.6667             0.835              0.352788                     0.144025
6     12     1          83.6667             0.845              0.352788                     0.144025
6     12     1          83.6667             0.855              0.352788                     0.144025
6     12     1          83.6667             0.865              0.235192                     0.117596
6     12     1          83.6667             0.875              0.352788                     0.144025
6     12     1          83.6667             0.885              0.529182                     0.176394
6     12     1          83.6667             0.895              0.58798                     0.185936
6     12     1          83.6667             0.905              0.352788                     0.144025
6     12     1          83.6667             0.915              0.29399                     0.131476
6     12     1          83.6667             0.925              0.823172                     0.220002
6     12     1          83.6667             0.935              0.470384                     0.166306
6     12     1          83.6667             0.945              0.705576                     0.203682
6     12     1          83.6667             0.955              0.235192                     0.117596
6     12     1          83.6667             0.965              0.940768                     0.235192
6     12     1          83.6667             0.975              0.646778                     0.195011
6     12     1          83.6667             0.985              0.58798                     0.185936
*******************************************************************************************************
 Average angle 83.5877 +- 5.23447 deg 
 Average E' 0.202973 +- 0.0127107 GeV 
