*******************************************************************************************************
Z     A     E(GeV)     Theta(deg)     Energy Loss(GeV)     Sigma(nb/sr/GeV)     ERROR     Citation     
*******************************************************************************************************
6     12     0.62          15             0.0031              0                     0
6     12     0.62          15             0.0093              0                     0
6     12     0.62          15             0.0155              0                     0
6     12     0.62          15             0.0217              0                     0
6     12     0.62          15             0.0279              0                     0
6     12     0.62          15             0.0341              0                     0
6     12     0.62          15             0.0403              0                     0
6     12     0.62          15             0.0465              0                     0
6     12     0.62          15             0.0527              0                     0
6     12     0.62          15             0.0589              0                     0
6     12     0.62          15             0.0651              0                     0
6     12     0.62          15             0.0713              0                     0
6     12     0.62          15             0.0775              0                     0
6     12     0.62          15             0.0837              0                     0
6     12     0.62          15             0.0899              0                     0
6     12     0.62          15             0.0961              0                     0
6     12     0.62          15             0.1023              0                     0
6     12     0.62          15             0.1085              0                     0
6     12     0.62          15             0.1147              0                     0
6     12     0.62          15             0.1209              0                     0
6     12     0.62          15             0.1271              0                     0
6     12     0.62          15             0.1333              0                     0
6     12     0.62          15             0.1395              0                     0
6     12     0.62          15             0.1457              0                     0
6     12     0.62          15             0.1519              0                     0
6     12     0.62          15             0.1581              0                     0
6     12     0.62          15             0.1643              0.187434                     0.132536
6     12     0.62          15             0.1705              0.468585                     0.209558
6     12     0.62          15             0.1767              0.562302                     0.229559
6     12     0.62          15             0.1829              0.93717                     0.296359
6     12     0.62          15             0.1891              1.96806                     0.429465
6     12     0.62          15             0.1953              1.49947                     0.374868
6     12     0.62          15             0.2015              1.21832                     0.337902
6     12     0.62          15             0.2077              1.03089                     0.310824
6     12     0.62          15             0.2139              1.21832                     0.337902
6     12     0.62          15             0.2201              0.374868                     0.187434
6     12     0.62          15             0.2263              0.187434                     0.132536
6     12     0.62          15             0.2325              0                     0
6     12     0.62          15             0.2387              0                     0
6     12     0.62          15             0.2449              0                     0
6     12     0.62          15             0.2511              0                     0
6     12     0.62          15             0.2573              0                     0
6     12     0.62          15             0.2635              0                     0
6     12     0.62          15             0.2697              0                     0
6     12     0.62          15             0.2759              0                     0
6     12     0.62          15             0.2821              0                     0
6     12     0.62          15             0.2883              0                     0
6     12     0.62          15             0.2945              0                     0
6     12     0.62          15             0.3007              0                     0
6     12     0.62          15             0.3069              0                     0
6     12     0.62          15             0.3131              0                     0
6     12     0.62          15             0.3193              0                     0
6     12     0.62          15             0.3255              0                     0
6     12     0.62          15             0.3317              0                     0
6     12     0.62          15             0.3379              0                     0
6     12     0.62          15             0.3441              0                     0
6     12     0.62          15             0.3503              0                     0
6     12     0.62          15             0.3565              0                     0
6     12     0.62          15             0.3627              0                     0
6     12     0.62          15             0.3689              0                     0
6     12     0.62          15             0.3751              0                     0
6     12     0.62          15             0.3813              0                     0
6     12     0.62          15             0.3875              0                     0
6     12     0.62          15             0.3937              0                     0
6     12     0.62          15             0.3999              0                     0
6     12     0.62          15             0.4061              0                     0
6     12     0.62          15             0.4123              0                     0
6     12     0.62          15             0.4185              0                     0
6     12     0.62          15             0.4247              0                     0
6     12     0.62          15             0.4309              0                     0
6     12     0.62          15             0.4371              0                     0
6     12     0.62          15             0.4433              0                     0
6     12     0.62          15             0.4495              0                     0
6     12     0.62          15             0.4557              0                     0
6     12     0.62          15             0.4619              0                     0
6     12     0.62          15             0.4681              0                     0
6     12     0.62          15             0.4743              0                     0
6     12     0.62          15             0.4805              0                     0
6     12     0.62          15             0.4867              0                     0
6     12     0.62          15             0.4929              0                     0
6     12     0.62          15             0.4991              0                     0
6     12     0.62          15             0.5053              0                     0
6     12     0.62          15             0.5115              0                     0
6     12     0.62          15             0.5177              0                     0
6     12     0.62          15             0.5239              0                     0
6     12     0.62          15             0.5301              0                     0
6     12     0.62          15             0.5363              0                     0
6     12     0.62          15             0.5425              0                     0
6     12     0.62          15             0.5487              0                     0
6     12     0.62          15             0.5549              0                     0
6     12     0.62          15             0.5611              0                     0
6     12     0.62          15             0.5673              0                     0
6     12     0.62          15             0.5735              0                     0
6     12     0.62          15             0.5797              0                     0
6     12     0.62          15             0.5859              0                     0
6     12     0.62          15             0.5921              0                     0
6     12     0.62          15             0.5983              0                     0
6     12     0.62          15             0.6045              0                     0
6     12     0.62          15             0.6107              0                     0
*******************************************************************************************************
 Average angle 16.17 +- 1.59328 deg 
 Average E' 0.423891 +- 0.0417673 GeV 
