*******************************************************************************************************
Z     A     E(GeV)     Theta(deg)     Energy Loss(GeV)     Sigma(nb/sr/GeV)     ERROR     Citation     
*******************************************************************************************************
6     12     0.68          55.3333             0.0034              0                     0
6     12     0.68          55.3333             0.0102              0                     0
6     12     0.68          55.3333             0.017              0                     0
6     12     0.68          55.3333             0.0238              0                     0
6     12     0.68          55.3333             0.0306              0                     0
6     12     0.68          55.3333             0.0374              0                     0
6     12     0.68          55.3333             0.0442              0                     0
6     12     0.68          55.3333             0.051              0                     0
6     12     0.68          55.3333             0.0578              0                     0
6     12     0.68          55.3333             0.0646              0                     0
6     12     0.68          55.3333             0.0714              0                     0
6     12     0.68          55.3333             0.0782              0                     0
6     12     0.68          55.3333             0.085              0                     0
6     12     0.68          55.3333             0.0918              0                     0
6     12     0.68          55.3333             0.0986              0                     0
6     12     0.68          55.3333             0.1054              0                     0
6     12     0.68          55.3333             0.1122              0                     0
6     12     0.68          55.3333             0.119              0                     0
6     12     0.68          55.3333             0.1258              0                     0
6     12     0.68          55.3333             0.1326              0                     0
6     12     0.68          55.3333             0.1394              0                     0
6     12     0.68          55.3333             0.1462              0                     0
6     12     0.68          55.3333             0.153              0                     0
6     12     0.68          55.3333             0.1598              0                     0
6     12     0.68          55.3333             0.1666              0                     0
6     12     0.68          55.3333             0.1734              0                     0
6     12     0.68          55.3333             0.1802              0                     0
6     12     0.68          55.3333             0.187              0                     0
6     12     0.68          55.3333             0.1938              0                     0
6     12     0.68          55.3333             0.2006              0                     0
6     12     0.68          55.3333             0.2074              0                     0
6     12     0.68          55.3333             0.2142              0                     0
6     12     0.68          55.3333             0.221              0                     0
6     12     0.68          55.3333             0.2278              0                     0
6     12     0.68          55.3333             0.2346              0                     0
6     12     0.68          55.3333             0.2414              0                     0
6     12     0.68          55.3333             0.2482              0.0263776                     0.0263776
6     12     0.68          55.3333             0.255              0.0791328                     0.0456874
6     12     0.68          55.3333             0.2618              0.0527552                     0.0373036
6     12     0.68          55.3333             0.2686              0.0263776                     0.0263776
6     12     0.68          55.3333             0.2754              0.0263776                     0.0263776
6     12     0.68          55.3333             0.2822              0.0791328                     0.0456874
6     12     0.68          55.3333             0.289              0                     0
6     12     0.68          55.3333             0.2958              0.237398                     0.0791328
6     12     0.68          55.3333             0.3026              0.211021                     0.0746071
6     12     0.68          55.3333             0.3094              0.158266                     0.0646117
6     12     0.68          55.3333             0.3162              0.0791328                     0.0456874
6     12     0.68          55.3333             0.323              0.263776                     0.0834133
6     12     0.68          55.3333             0.3298              0.316531                     0.0913747
6     12     0.68          55.3333             0.3366              0.290154                     0.0874846
6     12     0.68          55.3333             0.3434              0.211021                     0.0746071
6     12     0.68          55.3333             0.3502              0.184643                     0.0697886
6     12     0.68          55.3333             0.357              0.184643                     0.0697886
6     12     0.68          55.3333             0.3638              0.290154                     0.0874846
6     12     0.68          55.3333             0.3706              0.263776                     0.0834133
6     12     0.68          55.3333             0.3774              0.369286                     0.098696
6     12     0.68          55.3333             0.3842              0.342909                     0.0951058
6     12     0.68          55.3333             0.391              0.290154                     0.0874846
6     12     0.68          55.3333             0.3978              0.448419                     0.108758
6     12     0.68          55.3333             0.4046              0.158266                     0.0646117
6     12     0.68          55.3333             0.4114              0.184643                     0.0697886
6     12     0.68          55.3333             0.4182              0.263776                     0.0834133
6     12     0.68          55.3333             0.425              0.422042                     0.10551
6     12     0.68          55.3333             0.4318              0.211021                     0.0746071
6     12     0.68          55.3333             0.4386              0.290154                     0.0874846
6     12     0.68          55.3333             0.4454              0.501175                     0.114977
6     12     0.68          55.3333             0.4522              0.395664                     0.10216
6     12     0.68          55.3333             0.459              0.342909                     0.0951058
6     12     0.68          55.3333             0.4658              0.501175                     0.114977
6     12     0.68          55.3333             0.4726              0.369286                     0.098696
6     12     0.68          55.3333             0.4794              0.211021                     0.0746071
6     12     0.68          55.3333             0.4862              0.501175                     0.114977
6     12     0.68          55.3333             0.493              0.237398                     0.0791328
6     12     0.68          55.3333             0.4998              0.290154                     0.0874846
6     12     0.68          55.3333             0.5066              0.316531                     0.0913747
6     12     0.68          55.3333             0.5134              0.237398                     0.0791328
6     12     0.68          55.3333             0.5202              0.316531                     0.0913747
6     12     0.68          55.3333             0.527              0.211021                     0.0746071
6     12     0.68          55.3333             0.5338              0.474797                     0.111911
6     12     0.68          55.3333             0.5406              0.158266                     0.0646117
6     12     0.68          55.3333             0.5474              0.342909                     0.0951058
6     12     0.68          55.3333             0.5542              0.369286                     0.098696
6     12     0.68          55.3333             0.561              0.369286                     0.098696
6     12     0.68          55.3333             0.5678              0.10551                     0.0527552
6     12     0.68          55.3333             0.5746              0.184643                     0.0697886
6     12     0.68          55.3333             0.5814              0.211021                     0.0746071
6     12     0.68          55.3333             0.5882              0.395664                     0.10216
6     12     0.68          55.3333             0.595              0.237398                     0.0791328
6     12     0.68          55.3333             0.6018              0.184643                     0.0697886
6     12     0.68          55.3333             0.6086              0.211021                     0.0746071
6     12     0.68          55.3333             0.6154              0.0527552                     0.0373036
6     12     0.68          55.3333             0.6222              0.263776                     0.0834133
6     12     0.68          55.3333             0.629              0.0263776                     0.0263776
6     12     0.68          55.3333             0.6358              0.131888                     0.0589821
6     12     0.68          55.3333             0.6426              0.10551                     0.0527552
6     12     0.68          55.3333             0.6494              0.0263776                     0.0263776
6     12     0.68          55.3333             0.6562              0                     0
6     12     0.68          55.3333             0.663              0                     0
6     12     0.68          55.3333             0.6698              0                     0
*******************************************************************************************************
 Average angle 55.2055 +- 2.37567 deg 
 Average E' 0.220451 +- 0.00948669 GeV 
