*******************************************************************************************************
Z     A     E(GeV)     Theta(deg)     Energy Loss(GeV)     Sigma(nb/sr/GeV)     ERROR     Citation     
*******************************************************************************************************
6     12     0.16          156             0.0008              0.199495                     0.115178
6     12     0.16          156             0.0024              0                     0
6     12     0.16          156             0.004              0.332491                     0.148695
6     12     0.16          156             0.0056              0.332491                     0.148695
6     12     0.16          156             0.0072              1.13047                     0.274179
6     12     0.16          156             0.0088              1.59596                     0.325774
6     12     0.16          156             0.0104              1.32996                     0.297389
6     12     0.16          156             0.012              1.19697                     0.282128
6     12     0.16          156             0.0136              1.86195                     0.351876
6     12     0.16          156             0.0152              1.26347                     0.289859
6     12     0.16          156             0.0168              1.99495                     0.364226
6     12     0.16          156             0.0184              2.19444                     0.382003
6     12     0.16          156             0.02              1.79545                     0.345535
6     12     0.16          156             0.0216              2.99242                     0.446084
6     12     0.16          156             0.0232              2.99242                     0.446084
6     12     0.16          156             0.0248              3.05892                     0.451013
6     12     0.16          156             0.0264              3.32491                     0.470214
6     12     0.16          156             0.028              3.12542                     0.455889
6     12     0.16          156             0.0296              3.05892                     0.451013
6     12     0.16          156             0.0312              3.25841                     0.465488
6     12     0.16          156             0.0328              4.32239                     0.536126
6     12     0.16          156             0.0344              3.45791                     0.479526
6     12     0.16          156             0.036              4.05639                     0.519368
6     12     0.16          156             0.0376              3.7904                     0.502051
6     12     0.16          156             0.0392              3.8569                     0.506436
6     12     0.16          156             0.0408              3.59091                     0.48866
6     12     0.16          156             0.0424              3.7904                     0.502051
6     12     0.16          156             0.044              2.72643                     0.425797
6     12     0.16          156             0.0456              4.12289                     0.523608
6     12     0.16          156             0.0472              4.12289                     0.523608
6     12     0.16          156             0.0488              4.32239                     0.536126
6     12     0.16          156             0.0504              3.45791                     0.479526
6     12     0.16          156             0.052              3.45791                     0.479526
6     12     0.16          156             0.0536              4.18939                     0.527813
6     12     0.16          156             0.0552              3.52441                     0.484115
6     12     0.16          156             0.0568              3.52441                     0.484115
6     12     0.16          156             0.0584              3.7904                     0.502051
6     12     0.16          156             0.06              3.98989                     0.515093
6     12     0.16          156             0.0616              3.98989                     0.515093
6     12     0.16          156             0.0632              3.6574                     0.493164
6     12     0.16          156             0.0648              3.52441                     0.484115
6     12     0.16          156             0.0664              2.46044                     0.404493
6     12     0.16          156             0.068              2.12794                     0.376171
6     12     0.16          156             0.0696              2.72643                     0.425797
6     12     0.16          156             0.0712              2.12794                     0.376171
6     12     0.16          156             0.0728              2.12794                     0.376171
6     12     0.16          156             0.0744              2.92592                     0.441099
6     12     0.16          156             0.076              2.99242                     0.446084
6     12     0.16          156             0.0776              2.19444                     0.382003
6     12     0.16          156             0.0792              1.66246                     0.332491
6     12     0.16          156             0.0808              1.92845                     0.358104
6     12     0.16          156             0.0824              1.92845                     0.358104
6     12     0.16          156             0.084              1.99495                     0.364226
6     12     0.16          156             0.0856              2.12794                     0.376171
6     12     0.16          156             0.0872              1.72895                     0.339076
6     12     0.16          156             0.0888              1.72895                     0.339076
6     12     0.16          156             0.0904              1.19697                     0.282128
6     12     0.16          156             0.092              1.06397                     0.265993
6     12     0.16          156             0.0936              1.32996                     0.297389
6     12     0.16          156             0.0952              0.797979                     0.230357
6     12     0.16          156             0.0968              0.531986                     0.188085
6     12     0.16          156             0.0984              0.598484                     0.199495
6     12     0.16          156             0.1              0.797979                     0.230357
6     12     0.16          156             0.1016              0.465488                     0.175938
6     12     0.16          156             0.1032              0.797979                     0.230357
6     12     0.16          156             0.1048              0.664982                     0.210286
6     12     0.16          156             0.1064              1.19697                     0.282128
6     12     0.16          156             0.108              0.997474                     0.257547
6     12     0.16          156             0.1096              0.531986                     0.188085
6     12     0.16          156             0.1112              0.465488                     0.175938
6     12     0.16          156             0.1128              0.731481                     0.22055
6     12     0.16          156             0.1144              0.664982                     0.210286
6     12     0.16          156             0.116              0.531986                     0.188085
6     12     0.16          156             0.1176              0.731481                     0.22055
6     12     0.16          156             0.1192              0.598484                     0.199495
6     12     0.16          156             0.1208              0.332491                     0.148695
6     12     0.16          156             0.1224              0.265993                     0.132996
6     12     0.16          156             0.124              0.930975                     0.248814
6     12     0.16          156             0.1256              0.398989                     0.162887
6     12     0.16          156             0.1272              0.398989                     0.162887
6     12     0.16          156             0.1288              0                     0
6     12     0.16          156             0.1304              0                     0
6     12     0.16          156             0.132              0                     0
6     12     0.16          156             0.1336              0                     0
6     12     0.16          156             0.1352              0                     0
6     12     0.16          156             0.1368              0                     0
6     12     0.16          156             0.1384              0                     0
6     12     0.16          156             0.14              0                     0
6     12     0.16          156             0.1416              0                     0
6     12     0.16          156             0.1432              0                     0
6     12     0.16          156             0.1448              0                     0
6     12     0.16          156             0.1464              0                     0
6     12     0.16          156             0.148              0                     0
6     12     0.16          156             0.1496              0                     0
6     12     0.16          156             0.1512              0                     0
6     12     0.16          156             0.1528              0                     0
6     12     0.16          156             0.1544              0                     0
6     12     0.16          156             0.156              0                     0
6     12     0.16          156             0.1576              0                     0
*******************************************************************************************************
 Average angle 155.951 +- 3.12027 deg 
 Average E' 0.105981 +- 0.00212048 GeV 
