*******************************************************************************************************
Z     A     E(GeV)     Theta(deg)     Energy Loss(GeV)     Sigma(nb/sr/GeV)     ERROR     Citation     
*******************************************************************************************************
6     12     0.4          45.6667             0.002              0                     0
6     12     0.4          45.6667             0.006              0                     0
6     12     0.4          45.6667             0.01              0                     0
6     12     0.4          45.6667             0.014              0                     0
6     12     0.4          45.6667             0.018              0                     0
6     12     0.4          45.6667             0.022              0                     0
6     12     0.4          45.6667             0.026              0                     0
6     12     0.4          45.6667             0.03              0                     0
6     12     0.4          45.6667             0.034              0                     0
6     12     0.4          45.6667             0.038              0                     0
6     12     0.4          45.6667             0.042              0                     0
6     12     0.4          45.6667             0.046              0                     0
6     12     0.4          45.6667             0.05              0                     0
6     12     0.4          45.6667             0.054              0                     0
6     12     0.4          45.6667             0.058              0                     0
6     12     0.4          45.6667             0.062              0                     0
6     12     0.4          45.6667             0.066              0                     0
6     12     0.4          45.6667             0.07              0                     0
6     12     0.4          45.6667             0.074              0                     0
6     12     0.4          45.6667             0.078              0                     0
6     12     0.4          45.6667             0.082              0                     0
6     12     0.4          45.6667             0.086              0                     0
6     12     0.4          45.6667             0.09              0                     0
6     12     0.4          45.6667             0.094              0                     0
6     12     0.4          45.6667             0.098              0                     0
6     12     0.4          45.6667             0.102              0                     0
6     12     0.4          45.6667             0.106              0                     0
6     12     0.4          45.6667             0.11              0                     0
6     12     0.4          45.6667             0.114              0                     0
6     12     0.4          45.6667             0.118              0                     0
6     12     0.4          45.6667             0.122              0                     0
6     12     0.4          45.6667             0.126              0                     0
6     12     0.4          45.6667             0.13              0                     0
6     12     0.4          45.6667             0.134              0                     0
6     12     0.4          45.6667             0.138              0                     0
6     12     0.4          45.6667             0.142              0                     0
6     12     0.4          45.6667             0.146              0                     0
6     12     0.4          45.6667             0.15              0                     0
6     12     0.4          45.6667             0.154              0                     0
6     12     0.4          45.6667             0.158              0                     0
6     12     0.4          45.6667             0.162              0                     0
6     12     0.4          45.6667             0.166              0                     0
6     12     0.4          45.6667             0.17              0                     0
6     12     0.4          45.6667             0.174              0.0806886                     0.0570554
6     12     0.4          45.6667             0.178              0.0806886                     0.0570554
6     12     0.4          45.6667             0.182              0.201721                     0.0902126
6     12     0.4          45.6667             0.186              0.0403443                     0.0403443
6     12     0.4          45.6667             0.19              0.403443                     0.12758
6     12     0.4          45.6667             0.194              0.403443                     0.12758
6     12     0.4          45.6667             0.198              0.28241                     0.106741
6     12     0.4          45.6667             0.202              0.322754                     0.114111
6     12     0.4          45.6667             0.206              0.242066                     0.0988229
6     12     0.4          45.6667             0.21              0.524476                     0.145463
6     12     0.4          45.6667             0.214              0.363099                     0.121033
6     12     0.4          45.6667             0.218              0.524476                     0.145463
6     12     0.4          45.6667             0.222              0.766541                     0.175857
6     12     0.4          45.6667             0.226              0.484131                     0.139757
6     12     0.4          45.6667             0.23              1.29102                     0.228222
6     12     0.4          45.6667             0.234              0.56482                     0.150954
6     12     0.4          45.6667             0.238              0.806886                     0.180425
6     12     0.4          45.6667             0.242              0.927918                     0.193484
6     12     0.4          45.6667             0.246              0.806886                     0.180425
6     12     0.4          45.6667             0.25              1.25067                     0.224627
6     12     0.4          45.6667             0.254              0.806886                     0.180425
6     12     0.4          45.6667             0.258              0.927918                     0.193484
6     12     0.4          45.6667             0.262              0.927918                     0.193484
6     12     0.4          45.6667             0.266              0.806886                     0.180425
6     12     0.4          45.6667             0.27              1.04895                     0.205716
6     12     0.4          45.6667             0.274              0.968263                     0.197646
6     12     0.4          45.6667             0.278              0.484131                     0.139757
6     12     0.4          45.6667             0.282              0.484131                     0.139757
6     12     0.4          45.6667             0.286              0.685853                     0.166344
6     12     0.4          45.6667             0.29              0.84723                     0.184881
6     12     0.4          45.6667             0.294              0.806886                     0.180425
6     12     0.4          45.6667             0.298              0.484131                     0.139757
6     12     0.4          45.6667             0.302              0.443787                     0.133807
6     12     0.4          45.6667             0.306              0.645509                     0.161377
6     12     0.4          45.6667             0.31              0.887574                     0.189231
6     12     0.4          45.6667             0.314              0.685853                     0.166344
6     12     0.4          45.6667             0.318              0.242066                     0.0988229
6     12     0.4          45.6667             0.322              0                     0
6     12     0.4          45.6667             0.326              0                     0
6     12     0.4          45.6667             0.33              0                     0
6     12     0.4          45.6667             0.334              0                     0
6     12     0.4          45.6667             0.338              0                     0
6     12     0.4          45.6667             0.342              0                     0
6     12     0.4          45.6667             0.346              0                     0
6     12     0.4          45.6667             0.35              0                     0
6     12     0.4          45.6667             0.354              0                     0
6     12     0.4          45.6667             0.358              0                     0
6     12     0.4          45.6667             0.362              0                     0
6     12     0.4          45.6667             0.366              0                     0
6     12     0.4          45.6667             0.37              0                     0
6     12     0.4          45.6667             0.374              0                     0
6     12     0.4          45.6667             0.378              0                     0
6     12     0.4          45.6667             0.382              0                     0
6     12     0.4          45.6667             0.386              0                     0
6     12     0.4          45.6667             0.39              0                     0
6     12     0.4          45.6667             0.394              0                     0
*******************************************************************************************************
 Average angle 45.643 +- 1.93049 deg 
 Average E' 0.143699 +- 0.00607781 GeV 
