*******************************************************************************************************
Z     A     E(GeV)     Theta(deg)     Energy Loss(GeV)     Sigma(nb/sr/GeV)     ERROR     Citation     
*******************************************************************************************************
6     12     0.4          61.1667             0.002              0                     0
6     12     0.4          61.1667             0.006              0                     0
6     12     0.4          61.1667             0.01              0                     0
6     12     0.4          61.1667             0.014              0                     0
6     12     0.4          61.1667             0.018              0                     0
6     12     0.4          61.1667             0.022              0                     0
6     12     0.4          61.1667             0.026              0                     0
6     12     0.4          61.1667             0.03              0                     0
6     12     0.4          61.1667             0.034              0                     0
6     12     0.4          61.1667             0.038              0                     0
6     12     0.4          61.1667             0.042              0                     0
6     12     0.4          61.1667             0.046              0                     0
6     12     0.4          61.1667             0.05              0                     0
6     12     0.4          61.1667             0.054              0                     0
6     12     0.4          61.1667             0.058              0                     0
6     12     0.4          61.1667             0.062              0                     0
6     12     0.4          61.1667             0.066              0                     0
6     12     0.4          61.1667             0.07              0                     0
6     12     0.4          61.1667             0.074              0                     0
6     12     0.4          61.1667             0.078              0                     0
6     12     0.4          61.1667             0.082              0                     0
6     12     0.4          61.1667             0.086              0                     0
6     12     0.4          61.1667             0.09              0                     0
6     12     0.4          61.1667             0.094              0                     0
6     12     0.4          61.1667             0.098              0                     0
6     12     0.4          61.1667             0.102              0                     0
6     12     0.4          61.1667             0.106              0                     0
6     12     0.4          61.1667             0.11              0                     0
6     12     0.4          61.1667             0.114              0                     0
6     12     0.4          61.1667             0.118              0                     0
6     12     0.4          61.1667             0.122              0                     0
6     12     0.4          61.1667             0.126              0                     0
6     12     0.4          61.1667             0.13              0                     0
6     12     0.4          61.1667             0.134              0                     0
6     12     0.4          61.1667             0.138              0                     0
6     12     0.4          61.1667             0.142              0                     0
6     12     0.4          61.1667             0.146              0                     0
6     12     0.4          61.1667             0.15              0                     0
6     12     0.4          61.1667             0.154              0                     0
6     12     0.4          61.1667             0.158              0                     0
6     12     0.4          61.1667             0.162              0                     0
6     12     0.4          61.1667             0.166              0                     0
6     12     0.4          61.1667             0.17              0                     0
6     12     0.4          61.1667             0.174              0                     0
6     12     0.4          61.1667             0.178              0                     0
6     12     0.4          61.1667             0.182              0                     0
6     12     0.4          61.1667             0.186              0                     0
6     12     0.4          61.1667             0.19              0.0329416                     0.0329416
6     12     0.4          61.1667             0.194              0                     0
6     12     0.4          61.1667             0.198              0                     0
6     12     0.4          61.1667             0.202              0                     0
6     12     0.4          61.1667             0.206              0                     0
6     12     0.4          61.1667             0.21              0.0329416                     0.0329416
6     12     0.4          61.1667             0.214              0.0329416                     0.0329416
6     12     0.4          61.1667             0.218              0                     0
6     12     0.4          61.1667             0.222              0.0988248                     0.0570565
6     12     0.4          61.1667             0.226              0                     0
6     12     0.4          61.1667             0.23              0.0658832                     0.0465865
6     12     0.4          61.1667             0.234              0.0329416                     0.0329416
6     12     0.4          61.1667             0.238              0.0329416                     0.0329416
6     12     0.4          61.1667             0.242              0.0329416                     0.0329416
6     12     0.4          61.1667             0.246              0.0329416                     0.0329416
6     12     0.4          61.1667             0.25              0.0658832                     0.0465865
6     12     0.4          61.1667             0.254              0.19765                     0.0806901
6     12     0.4          61.1667             0.258              0.263533                     0.0931729
6     12     0.4          61.1667             0.262              0.263533                     0.0931729
6     12     0.4          61.1667             0.266              0.362358                     0.109255
6     12     0.4          61.1667             0.27              0.461182                     0.123256
6     12     0.4          61.1667             0.274              0.362358                     0.109255
6     12     0.4          61.1667             0.278              0.757657                     0.157982
6     12     0.4          61.1667             0.282              0.757657                     0.157982
6     12     0.4          61.1667             0.286              0.724715                     0.15451
6     12     0.4          61.1667             0.29              1.12001                     0.192081
6     12     0.4          61.1667             0.294              1.1859                     0.19765
6     12     0.4          61.1667             0.298              0.988248                     0.180429
6     12     0.4          61.1667             0.302              1.77885                     0.24207
6     12     0.4          61.1667             0.306              1.28472                     0.20572
6     12     0.4          61.1667             0.31              2.27297                     0.273634
6     12     0.4          61.1667             0.314              1.84473                     0.246512
6     12     0.4          61.1667             0.318              2.63533                     0.294639
6     12     0.4          61.1667             0.322              3.06357                     0.317677
6     12     0.4          61.1667             0.326              3.78828                     0.353259
6     12     0.4          61.1667             0.33              3.12945                     0.321075
6     12     0.4          61.1667             0.334              3.7224                     0.350174
6     12     0.4          61.1667             0.338              3.68946                     0.348621
6     12     0.4          61.1667             0.342              4.1177                     0.368298
6     12     0.4          61.1667             0.346              5.3036                     0.417982
6     12     0.4          61.1667             0.35              4.24947                     0.374145
6     12     0.4          61.1667             0.354              0.592949                     0.139759
6     12     0.4          61.1667             0.358              0                     0
6     12     0.4          61.1667             0.362              0                     0
6     12     0.4          61.1667             0.366              0                     0
6     12     0.4          61.1667             0.37              0                     0
6     12     0.4          61.1667             0.374              0                     0
6     12     0.4          61.1667             0.378              0                     0
6     12     0.4          61.1667             0.382              0                     0
6     12     0.4          61.1667             0.386              0                     0
6     12     0.4          61.1667             0.39              0                     0
6     12     0.4          61.1667             0.394              0                     0
*******************************************************************************************************
 Average angle 61.1808 +- 1.58021 deg 
 Average E' 0.0770508 +- 0.00199011 GeV 
