*******************************************************************************************************
Z     A     E(GeV)     Theta(deg)     Energy Loss(GeV)     Sigma(nb/sr/GeV)     ERROR     Citation     
*******************************************************************************************************
6     12     0.68          27             0.0034              0                     0
6     12     0.68          27             0.0102              0                     0
6     12     0.68          27             0.017              0                     0
6     12     0.68          27             0.0238              0                     0
6     12     0.68          27             0.0306              0                     0
6     12     0.68          27             0.0374              0                     0
6     12     0.68          27             0.0442              0                     0
6     12     0.68          27             0.051              0                     0
6     12     0.68          27             0.0578              0                     0
6     12     0.68          27             0.0646              0                     0
6     12     0.68          27             0.0714              0                     0
6     12     0.68          27             0.0782              0                     0
6     12     0.68          27             0.085              0                     0
6     12     0.68          27             0.0918              0                     0
6     12     0.68          27             0.0986              0                     0
6     12     0.68          27             0.1054              0                     0
6     12     0.68          27             0.1122              0                     0
6     12     0.68          27             0.119              0                     0
6     12     0.68          27             0.1258              0                     0
6     12     0.68          27             0.1326              0                     0
6     12     0.68          27             0.1394              0                     0
6     12     0.68          27             0.1462              0                     0
6     12     0.68          27             0.153              0                     0
6     12     0.68          27             0.1598              0                     0
6     12     0.68          27             0.1666              0                     0
6     12     0.68          27             0.1734              0                     0
6     12     0.68          27             0.1802              0                     0
6     12     0.68          27             0.187              0                     0
6     12     0.68          27             0.1938              0                     0
6     12     0.68          27             0.2006              0                     0
6     12     0.68          27             0.2074              0.238936                     0.106855
6     12     0.68          27             0.2142              0.0955744                     0.0675813
6     12     0.68          27             0.221              0.0477872                     0.0477872
6     12     0.68          27             0.2278              0.238936                     0.106855
6     12     0.68          27             0.2346              0.477872                     0.151116
6     12     0.68          27             0.2414              0.477872                     0.151116
6     12     0.68          27             0.2482              0.812382                     0.197032
6     12     0.68          27             0.255              1.05132                     0.224142
6     12     0.68          27             0.2618              1.4814                     0.266068
6     12     0.68          27             0.2686              1.67255                     0.282713
6     12     0.68          27             0.2754              1.62476                     0.278645
6     12     0.68          27             0.2822              2.53272                     0.347896
6     12     0.68          27             0.289              3.29732                     0.39695
6     12     0.68          27             0.2958              3.96634                     0.435362
6     12     0.68          27             0.3026              5.44774                     0.510227
6     12     0.68          27             0.3094              5.83004                     0.527827
6     12     0.68          27             0.3162              8.07603                     0.621233
6     12     0.68          27             0.323              8.5539                     0.639349
6     12     0.68          27             0.3298              9.79637                     0.684208
6     12     0.68          27             0.3366              11.1344                     0.72944
6     12     0.68          27             0.3434              11.4211                     0.738772
6     12     0.68          27             0.3502              13.0459                     0.789574
6     12     0.68          27             0.357              14.4317                     0.830453
6     12     0.68          27             0.3638              12.6158                     0.77645
6     12     0.68          27             0.3706              14.5751                     0.834567
6     12     0.68          27             0.3774              14.7662                     0.840022
6     12     0.68          27             0.3842              15.6264                     0.864142
6     12     0.68          27             0.391              14.9574                     0.845441
6     12     0.68          27             0.3978              13.0459                     0.789574
6     12     0.68          27             0.4046              12.4247                     0.770545
6     12     0.68          27             0.4114              14.3362                     0.827698
6     12     0.68          27             0.4182              13.2848                     0.796771
6     12     0.68          27             0.425              13.3326                     0.798203
6     12     0.68          27             0.4318              12.3769                     0.769062
6     12     0.68          27             0.4386              11.899                     0.754069
6     12     0.68          27             0.4454              11.1344                     0.72944
6     12     0.68          27             0.4522              9.3185                     0.667312
6     12     0.68          27             0.459              9.55744                     0.675813
6     12     0.68          27             0.4658              8.17161                     0.624898
6     12     0.68          27             0.4726              9.65301                     0.679183
6     12     0.68          27             0.4794              8.5539                     0.639349
6     12     0.68          27             0.4862              7.02471                     0.579389
6     12     0.68          27             0.493              8.21939                     0.626723
6     12     0.68          27             0.4998              7.64595                     0.604465
6     12     0.68          27             0.5066              6.45127                     0.555237
6     12     0.68          27             0.5134              6.73799                     0.567441
6     12     0.68          27             0.5202              6.6902                     0.565425
6     12     0.68          27             0.527              5.35216                     0.505732
6     12     0.68          27             0.5338              5.92561                     0.532135
6     12     0.68          27             0.5406              3.29732                     0.39695
6     12     0.68          27             0.5474              1.4814                     0.266068
6     12     0.68          27             0.5542              1.09911                     0.229179
6     12     0.68          27             0.561              0                     0
6     12     0.68          27             0.5678              0                     0
6     12     0.68          27             0.5746              0                     0
6     12     0.68          27             0.5814              0                     0
6     12     0.68          27             0.5882              0                     0
6     12     0.68          27             0.595              0                     0
6     12     0.68          27             0.6018              0                     0
6     12     0.68          27             0.6086              0                     0
6     12     0.68          27             0.6154              0                     0
6     12     0.68          27             0.6222              0                     0
6     12     0.68          27             0.629              0                     0
6     12     0.68          27             0.6358              0                     0
6     12     0.68          27             0.6426              0                     0
6     12     0.68          27             0.6494              0                     0
6     12     0.68          27             0.6562              0                     0
6     12     0.68          27             0.663              0                     0
6     12     0.68          27             0.6698              0                     0
*******************************************************************************************************
 Average angle 26.9711 +- 0.300366 deg 
 Average E' 0.274132 +- 0.00305289 GeV 
