*******************************************************************************************************
Z     A     E(GeV)     Theta(deg)     Energy Loss(GeV)     Sigma(nb/sr/GeV)     ERROR     Citation     
*******************************************************************************************************
6     12     0.12          130             0.0006              1.49858                     0.185876
6     12     0.12          130             0.0018              2.67438                     0.24831
6     12     0.12          130             0.003              3.08937                     0.266881
6     12     0.12          130             0.0042              3.48131                     0.283305
6     12     0.12          130             0.0054              3.73491                     0.293443
6     12     0.12          130             0.0066              3.96546                     0.302364
6     12     0.12          130             0.0078              4.84155                     0.334099
6     12     0.12          130             0.009              4.91072                     0.336477
6     12     0.12          130             0.0102              5.99431                     0.371751
6     12     0.12          130             0.0114              5.87903                     0.368159
6     12     0.12          130             0.0126              5.92514                     0.3696
6     12     0.12          130             0.0138              5.71765                     0.363071
6     12     0.12          130             0.015              6.06347                     0.37389
6     12     0.12          130             0.0162              6.93956                     0.39999
6     12     0.12          130             0.0174              8.13842                     0.433165
6     12     0.12          130             0.0186              6.54763                     0.38853
6     12     0.12          130             0.0198              6.84734                     0.397323
6     12     0.12          130             0.021              7.14706                     0.405926
6     12     0.12          130             0.0222              7.07789                     0.403957
6     12     0.12          130             0.0234              6.75512                     0.394638
6     12     0.12          130             0.0246              6.84734                     0.397323
6     12     0.12          130             0.0258              7.21622                     0.407885
6     12     0.12          130             0.027              6.57068                     0.389214
6     12     0.12          130             0.0282              6.61679                     0.390577
6     12     0.12          130             0.0294              6.82429                     0.396654
6     12     0.12          130             0.0306              6.75512                     0.394638
6     12     0.12          130             0.0318              6.27097                     0.380233
6     12     0.12          130             0.033              6.17875                     0.377427
6     12     0.12          130             0.0342              5.78681                     0.36526
6     12     0.12          130             0.0354              6.13264                     0.376016
6     12     0.12          130             0.0366              5.99431                     0.371751
6     12     0.12          130             0.0378              5.90209                     0.36888
6     12     0.12          130             0.039              5.60237                     0.359392
6     12     0.12          130             0.0402              5.69459                     0.362338
6     12     0.12          130             0.0414              5.0721                     0.341961
6     12     0.12          130             0.0426              4.70322                     0.329292
6     12     0.12          130             0.0438              4.8185                     0.333303
6     12     0.12          130             0.045              4.79544                     0.332504
6     12     0.12          130             0.0462              5.14127                     0.344285
6     12     0.12          130             0.0474              4.58795                     0.325231
6     12     0.12          130             0.0486              4.31129                     0.315273
6     12     0.12          130             0.0498              4.17296                     0.310174
6     12     0.12          130             0.051              4.08074                     0.306727
6     12     0.12          130             0.0522              4.31129                     0.315273
6     12     0.12          130             0.0534              3.27381                     0.274732
6     12     0.12          130             0.0546              3.55047                     0.286105
6     12     0.12          130             0.0558              2.99715                     0.262868
6     12     0.12          130             0.057              3.04326                     0.264882
6     12     0.12          130             0.0582              2.81271                     0.254651
6     12     0.12          130             0.0594              2.53605                     0.241803
6     12     0.12          130             0.0606              2.42078                     0.236244
6     12     0.12          130             0.0618              1.95968                     0.212557
6     12     0.12          130             0.063              1.89051                     0.208772
6     12     0.12          130             0.0642              1.98273                     0.213803
6     12     0.12          130             0.0654              1.8444                     0.20621
6     12     0.12          130             0.0666              1.42941                     0.181535
6     12     0.12          130             0.0678              1.52163                     0.1873
6     12     0.12          130             0.069              1.33719                     0.175582
6     12     0.12          130             0.0702              0.023055                     0.023055
6     12     0.12          130             0.0714              0                     0
6     12     0.12          130             0.0726              0                     0
6     12     0.12          130             0.0738              0                     0
6     12     0.12          130             0.075              0                     0
6     12     0.12          130             0.0762              0                     0
6     12     0.12          130             0.0774              0                     0
6     12     0.12          130             0.0786              0                     0
6     12     0.12          130             0.0798              0                     0
6     12     0.12          130             0.081              0                     0
6     12     0.12          130             0.0822              0                     0
6     12     0.12          130             0.0834              0                     0
6     12     0.12          130             0.0846              0                     0
6     12     0.12          130             0.0858              0                     0
6     12     0.12          130             0.087              0                     0
6     12     0.12          130             0.0882              0                     0
6     12     0.12          130             0.0894              0                     0
6     12     0.12          130             0.0906              0                     0
6     12     0.12          130             0.0918              0                     0
6     12     0.12          130             0.093              0                     0
6     12     0.12          130             0.0942              0                     0
6     12     0.12          130             0.0954              0                     0
6     12     0.12          130             0.0966              0                     0
6     12     0.12          130             0.0978              0                     0
6     12     0.12          130             0.099              0                     0
6     12     0.12          130             0.1002              0                     0
6     12     0.12          130             0.1014              0                     0
6     12     0.12          130             0.1026              0                     0
6     12     0.12          130             0.1038              0                     0
6     12     0.12          130             0.105              0                     0
6     12     0.12          130             0.1062              0                     0
6     12     0.12          130             0.1074              0                     0
6     12     0.12          130             0.1086              0                     0
6     12     0.12          130             0.1098              0                     0
6     12     0.12          130             0.111              0                     0
6     12     0.12          130             0.1122              0                     0
6     12     0.12          130             0.1134              0                     0
6     12     0.12          130             0.1146              0                     0
6     12     0.12          130             0.1158              0                     0
6     12     0.12          130             0.117              0                     0
6     12     0.12          130             0.1182              0                     0
*******************************************************************************************************
 Average angle 130.485 +- 1.19641 deg 
 Average E' 0.0892366 +- 0.000818203 GeV 
