*******************************************************************************************************
Z     A     E(GeV)     Theta(deg)     Energy Loss(GeV)     Sigma(nb/sr/GeV)     ERROR     Citation     
*******************************************************************************************************
6     12     0.24          133.333             0.0012              0                     0
6     12     0.24          133.333             0.0036              0                     0
6     12     0.24          133.333             0.006              0                     0
6     12     0.24          133.333             0.0084              0.0452936                     0.0452936
6     12     0.24          133.333             0.0108              0.0905872                     0.0640548
6     12     0.24          133.333             0.0132              0.135881                     0.0784508
6     12     0.24          133.333             0.0156              0.135881                     0.0784508
6     12     0.24          133.333             0.018              0.271761                     0.110946
6     12     0.24          133.333             0.0204              0.362349                     0.12811
6     12     0.24          133.333             0.0228              0.498229                     0.150222
6     12     0.24          133.333             0.0252              0.498229                     0.150222
6     12     0.24          133.333             0.0276              0.905872                     0.202559
6     12     0.24          133.333             0.03              0.679404                     0.175421
6     12     0.24          133.333             0.0324              1.13234                     0.226468
6     12     0.24          133.333             0.0348              1.04175                     0.21722
6     12     0.24          133.333             0.0372              0.951165                     0.207561
6     12     0.24          133.333             0.0396              1.08705                     0.221892
6     12     0.24          133.333             0.042              1.4041                     0.252184
6     12     0.24          133.333             0.0444              1.4041                     0.252184
6     12     0.24          133.333             0.0468              1.85704                     0.29002
6     12     0.24          133.333             0.0492              1.58528                     0.26796
6     12     0.24          133.333             0.0516              1.81174                     0.286462
6     12     0.24          133.333             0.054              2.0835                     0.307196
6     12     0.24          133.333             0.0564              2.30997                     0.323461
6     12     0.24          133.333             0.0588              2.21939                     0.317055
6     12     0.24          133.333             0.0612              1.85704                     0.29002
6     12     0.24          133.333             0.0636              3.17055                     0.378953
6     12     0.24          133.333             0.066              2.67232                     0.347907
6     12     0.24          133.333             0.0684              2.94408                     0.365169
6     12     0.24          133.333             0.0708              1.90233                     0.293536
6     12     0.24          133.333             0.0732              2.26468                     0.320274
6     12     0.24          133.333             0.0756              2.40056                     0.329742
6     12     0.24          133.333             0.078              3.12526                     0.376237
6     12     0.24          133.333             0.0804              2.8082                     0.356642
6     12     0.24          133.333             0.0828              2.94408                     0.365169
6     12     0.24          133.333             0.0852              2.94408                     0.365169
6     12     0.24          133.333             0.0876              2.94408                     0.365169
6     12     0.24          133.333             0.09              2.53644                     0.338946
6     12     0.24          133.333             0.0924              2.44585                     0.332838
6     12     0.24          133.333             0.0948              2.89879                     0.362349
6     12     0.24          133.333             0.0972              2.35527                     0.326617
6     12     0.24          133.333             0.0996              2.26468                     0.320274
6     12     0.24          133.333             0.102              1.99292                     0.300444
6     12     0.24          133.333             0.1044              2.76291                     0.353754
6     12     0.24          133.333             0.1068              2.44585                     0.332838
6     12     0.24          133.333             0.1092              2.1288                     0.310517
6     12     0.24          133.333             0.1116              2.1288                     0.310517
6     12     0.24          133.333             0.114              1.99292                     0.300444
6     12     0.24          133.333             0.1164              1.49469                     0.260192
6     12     0.24          133.333             0.1188              1.58528                     0.26796
6     12     0.24          133.333             0.1212              1.35881                     0.248083
6     12     0.24          133.333             0.1236              1.63057                     0.271761
6     12     0.24          133.333             0.126              1.58528                     0.26796
6     12     0.24          133.333             0.1284              1.08705                     0.221892
6     12     0.24          133.333             0.1308              1.17763                     0.230953
6     12     0.24          133.333             0.1332              1.22293                     0.235352
6     12     0.24          133.333             0.1356              1.17763                     0.230953
6     12     0.24          133.333             0.138              1.53998                     0.264105
6     12     0.24          133.333             0.1404              0.905872                     0.202559
6     12     0.24          133.333             0.1428              0.951165                     0.207561
6     12     0.24          133.333             0.1452              1.04175                     0.21722
6     12     0.24          133.333             0.1476              0.905872                     0.202559
6     12     0.24          133.333             0.15              0.588817                     0.163308
6     12     0.24          133.333             0.1524              0.498229                     0.150222
6     12     0.24          133.333             0.1548              0.905872                     0.202559
6     12     0.24          133.333             0.1572              0.905872                     0.202559
6     12     0.24          133.333             0.1596              0.63411                     0.169473
6     12     0.24          133.333             0.162              0.905872                     0.202559
6     12     0.24          133.333             0.1644              0.407642                     0.135881
6     12     0.24          133.333             0.1668              0.588817                     0.163308
6     12     0.24          133.333             0.1692              0.362349                     0.12811
6     12     0.24          133.333             0.1716              0.588817                     0.163308
6     12     0.24          133.333             0.174              0.588817                     0.163308
6     12     0.24          133.333             0.1764              0.588817                     0.163308
6     12     0.24          133.333             0.1788              0.498229                     0.150222
6     12     0.24          133.333             0.1812              0.452936                     0.143231
6     12     0.24          133.333             0.1836              0.543523                     0.156902
6     12     0.24          133.333             0.186              0.407642                     0.135881
6     12     0.24          133.333             0.1884              0.588817                     0.163308
6     12     0.24          133.333             0.1908              0.769991                     0.18675
6     12     0.24          133.333             0.1932              0.815284                     0.192164
6     12     0.24          133.333             0.1956              0.498229                     0.150222
6     12     0.24          133.333             0.198              0.769991                     0.18675
6     12     0.24          133.333             0.2004              0.63411                     0.169473
6     12     0.24          133.333             0.2028              0.860578                     0.19743
6     12     0.24          133.333             0.2052              0.498229                     0.150222
6     12     0.24          133.333             0.2076              0.815284                     0.192164
6     12     0.24          133.333             0.21              0.452936                     0.143231
6     12     0.24          133.333             0.2124              0.724697                     0.181174
6     12     0.24          133.333             0.2148              0.317055                     0.119836
6     12     0.24          133.333             0.2172              0                     0
6     12     0.24          133.333             0.2196              0                     0
6     12     0.24          133.333             0.222              0                     0
6     12     0.24          133.333             0.2244              0                     0
6     12     0.24          133.333             0.2268              0                     0
6     12     0.24          133.333             0.2292              0                     0
6     12     0.24          133.333             0.2316              0                     0
6     12     0.24          133.333             0.234              0                     0
6     12     0.24          133.333             0.2364              0                     0
*******************************************************************************************************
 Average angle 133.284 +- 2.64149 deg 
 Average E' 0.140658 +- 0.00278762 GeV 
