*******************************************************************************************************
Z     A     E(GeV)     Theta(deg)     Energy Loss(GeV)     Sigma(nb/sr/GeV)     ERROR     Citation     
*******************************************************************************************************
6     12     0.12          170             0.0006              0.711946                     0.26909
6     12     0.12          170             0.0018              1.22048                     0.352322
6     12     0.12          170             0.003              1.01707                     0.321625
6     12     0.12          170             0.0042              1.93243                     0.443329
6     12     0.12          170             0.0054              1.72901                     0.419347
6     12     0.12          170             0.0066              1.72901                     0.419347
6     12     0.12          170             0.0078              2.13584                     0.466078
6     12     0.12          170             0.009              2.54267                     0.508533
6     12     0.12          170             0.0102              2.13584                     0.466078
6     12     0.12          170             0.0114              1.62731                     0.406827
6     12     0.12          170             0.0126              2.23755                     0.477046
6     12     0.12          170             0.0138              2.33925                     0.487768
6     12     0.12          170             0.015              2.74608                     0.528483
6     12     0.12          170             0.0162              3.76315                     0.618657
6     12     0.12          170             0.0174              3.25461                     0.57534
6     12     0.12          170             0.0186              2.84779                     0.538181
6     12     0.12          170             0.0198              2.94949                     0.547707
6     12     0.12          170             0.021              3.45803                     0.593046
6     12     0.12          170             0.0222              3.25461                     0.57534
6     12     0.12          170             0.0234              3.45803                     0.593046
6     12     0.12          170             0.0246              3.0512                     0.55707
6     12     0.12          170             0.0258              2.33925                     0.487768
6     12     0.12          170             0.027              4.16997                     0.65124
6     12     0.12          170             0.0282              2.94949                     0.547707
6     12     0.12          170             0.0294              3.76315                     0.618657
6     12     0.12          170             0.0306              3.0512                     0.55707
6     12     0.12          170             0.0318              2.64437                     0.518604
6     12     0.12          170             0.033              2.64437                     0.518604
6     12     0.12          170             0.0342              3.76315                     0.618657
6     12     0.12          170             0.0354              3.15291                     0.566279
6     12     0.12          170             0.0366              3.45803                     0.593046
6     12     0.12          170             0.0378              3.15291                     0.566279
6     12     0.12          170             0.039              2.84779                     0.538181
6     12     0.12          170             0.0402              2.54267                     0.508533
6     12     0.12          170             0.0414              2.94949                     0.547707
6     12     0.12          170             0.0426              2.54267                     0.508533
6     12     0.12          170             0.0438              3.55973                     0.601705
6     12     0.12          170             0.045              2.33925                     0.487768
6     12     0.12          170             0.0462              2.33925                     0.487768
6     12     0.12          170             0.0474              3.0512                     0.55707
6     12     0.12          170             0.0486              1.5256                     0.393908
6     12     0.12          170             0.0498              2.74608                     0.528483
6     12     0.12          170             0.051              1.32219                     0.366708
6     12     0.12          170             0.0522              1.42389                     0.380551
6     12     0.12          170             0.0534              1.22048                     0.352322
6     12     0.12          170             0.0546              1.11877                     0.337323
6     12     0.12          170             0.0558              1.62731                     0.406827
6     12     0.12          170             0.057              2.23755                     0.477046
6     12     0.12          170             0.0582              2.33925                     0.487768
6     12     0.12          170             0.0594              1.42389                     0.380551
6     12     0.12          170             0.0606              1.22048                     0.352322
6     12     0.12          170             0.0618              1.11877                     0.337323
6     12     0.12          170             0.063              1.5256                     0.393908
6     12     0.12          170             0.0642              1.83072                     0.431505
6     12     0.12          170             0.0654              1.42389                     0.380551
6     12     0.12          170             0.0666              0.711946                     0.26909
6     12     0.12          170             0.0678              0.61024                     0.249129
6     12     0.12          170             0.069              0.91536                     0.30512
6     12     0.12          170             0.0702              1.01707                     0.321625
6     12     0.12          170             0.0714              1.11877                     0.337323
6     12     0.12          170             0.0726              1.22048                     0.352322
6     12     0.12          170             0.0738              0.61024                     0.249129
6     12     0.12          170             0.075              0.508533                     0.227423
6     12     0.12          170             0.0762              0.30512                     0.176161
6     12     0.12          170             0.0774              0.61024                     0.249129
6     12     0.12          170             0.0786              0                     0
6     12     0.12          170             0.0798              0                     0
6     12     0.12          170             0.081              0                     0
6     12     0.12          170             0.0822              0                     0
6     12     0.12          170             0.0834              0                     0
6     12     0.12          170             0.0846              0                     0
6     12     0.12          170             0.0858              0                     0
6     12     0.12          170             0.087              0                     0
6     12     0.12          170             0.0882              0                     0
6     12     0.12          170             0.0894              0                     0
6     12     0.12          170             0.0906              0                     0
6     12     0.12          170             0.0918              0                     0
6     12     0.12          170             0.093              0                     0
6     12     0.12          170             0.0942              0                     0
6     12     0.12          170             0.0954              0                     0
6     12     0.12          170             0.0966              0                     0
6     12     0.12          170             0.0978              0                     0
6     12     0.12          170             0.099              0                     0
6     12     0.12          170             0.1002              0                     0
6     12     0.12          170             0.1014              0                     0
6     12     0.12          170             0.1026              0                     0
6     12     0.12          170             0.1038              0                     0
6     12     0.12          170             0.105              0                     0
6     12     0.12          170             0.1062              0                     0
6     12     0.12          170             0.1074              0                     0
6     12     0.12          170             0.1086              0                     0
6     12     0.12          170             0.1098              0                     0
6     12     0.12          170             0.111              0                     0
6     12     0.12          170             0.1122              0                     0
6     12     0.12          170             0.1134              0                     0
6     12     0.12          170             0.1146              0                     0
6     12     0.12          170             0.1158              0                     0
6     12     0.12          170             0.117              0                     0
6     12     0.12          170             0.1182              0                     0
*******************************************************************************************************
 Average angle 170.435 +- 4.60804 deg 
 Average E' 0.085974 +- 0.00232447 GeV 
