*******************************************************************************************************
Z     A     E(GeV)     Theta(deg)     Energy Loss(GeV)     Sigma(nb/sr/GeV)     ERROR     Citation     
*******************************************************************************************************
6     12     0.62          20.5             0.0031              0                     0
6     12     0.62          20.5             0.0093              0                     0
6     12     0.62          20.5             0.0155              0                     0
6     12     0.62          20.5             0.0217              0                     0
6     12     0.62          20.5             0.0279              0                     0
6     12     0.62          20.5             0.0341              0                     0
6     12     0.62          20.5             0.0403              0                     0
6     12     0.62          20.5             0.0465              0                     0
6     12     0.62          20.5             0.0527              0                     0
6     12     0.62          20.5             0.0589              0                     0
6     12     0.62          20.5             0.0651              0                     0
6     12     0.62          20.5             0.0713              0                     0
6     12     0.62          20.5             0.0775              0                     0
6     12     0.62          20.5             0.0837              0                     0
6     12     0.62          20.5             0.0899              0                     0
6     12     0.62          20.5             0.0961              0                     0
6     12     0.62          20.5             0.1023              0                     0
6     12     0.62          20.5             0.1085              0                     0
6     12     0.62          20.5             0.1147              0                     0
6     12     0.62          20.5             0.1209              0                     0
6     12     0.62          20.5             0.1271              0                     0
6     12     0.62          20.5             0.1333              0                     0
6     12     0.62          20.5             0.1395              0                     0
6     12     0.62          20.5             0.1457              0                     0
6     12     0.62          20.5             0.1519              0                     0
6     12     0.62          20.5             0.1581              0                     0
6     12     0.62          20.5             0.1643              0.0692611                     0.0692611
6     12     0.62          20.5             0.1705              0.207783                     0.119964
6     12     0.62          20.5             0.1767              1.2467                     0.29385
6     12     0.62          20.5             0.1829              1.59301                     0.332165
6     12     0.62          20.5             0.1891              2.14709                     0.38563
6     12     0.62          20.5             0.1953              2.90897                     0.448863
6     12     0.62          20.5             0.2015              4.22493                     0.540947
6     12     0.62          20.5             0.2077              3.25527                     0.47483
6     12     0.62          20.5             0.2139              4.22493                     0.540947
6     12     0.62          20.5             0.2201              4.43271                     0.554089
6     12     0.62          20.5             0.2263              4.84828                     0.57948
6     12     0.62          20.5             0.2325              4.9868                     0.5877
6     12     0.62          20.5             0.2387              5.26385                     0.603804
6     12     0.62          20.5             0.2449              4.6405                     0.566927
6     12     0.62          20.5             0.2511              5.74867                     0.630999
6     12     0.62          20.5             0.2573              5.26385                     0.603804
6     12     0.62          20.5             0.2635              5.05606                     0.591767
6     12     0.62          20.5             0.2697              4.50197                     0.558401
6     12     0.62          20.5             0.2759              5.33311                     0.607764
6     12     0.62          20.5             0.2821              5.12532                     0.595807
6     12     0.62          20.5             0.2883              4.22493                     0.540947
6     12     0.62          20.5             0.2945              4.84828                     0.57948
6     12     0.62          20.5             0.3007              4.6405                     0.566927
6     12     0.62          20.5             0.3069              5.54089                     0.61949
6     12     0.62          20.5             0.3131              4.08641                     0.532005
6     12     0.62          20.5             0.3193              4.6405                     0.566927
6     12     0.62          20.5             0.3255              5.19458                     0.599819
6     12     0.62          20.5             0.3317              4.01715                     0.527477
6     12     0.62          20.5             0.3379              3.87862                     0.518303
6     12     0.62          20.5             0.3441              2.83971                     0.443488
6     12     0.62          20.5             0.3503              2.77044                     0.438046
6     12     0.62          20.5             0.3565              2.56266                     0.421299
6     12     0.62          20.5             0.3627              2.07783                     0.379359
6     12     0.62          20.5             0.3689              1.2467                     0.29385
6     12     0.62          20.5             0.3751              1.03892                     0.268247
6     12     0.62          20.5             0.3813              0.900395                     0.249725
6     12     0.62          20.5             0.3875              0.554089                     0.1959
6     12     0.62          20.5             0.3937              0.346306                     0.154873
6     12     0.62          20.5             0.3999              0                     0
6     12     0.62          20.5             0.4061              0                     0
6     12     0.62          20.5             0.4123              0                     0
6     12     0.62          20.5             0.4185              0                     0
6     12     0.62          20.5             0.4247              0                     0
6     12     0.62          20.5             0.4309              0                     0
6     12     0.62          20.5             0.4371              0                     0
6     12     0.62          20.5             0.4433              0                     0
6     12     0.62          20.5             0.4495              0                     0
6     12     0.62          20.5             0.4557              0                     0
6     12     0.62          20.5             0.4619              0                     0
6     12     0.62          20.5             0.4681              0                     0
6     12     0.62          20.5             0.4743              0                     0
6     12     0.62          20.5             0.4805              0                     0
6     12     0.62          20.5             0.4867              0                     0
6     12     0.62          20.5             0.4929              0                     0
6     12     0.62          20.5             0.4991              0                     0
6     12     0.62          20.5             0.5053              0                     0
6     12     0.62          20.5             0.5115              0                     0
6     12     0.62          20.5             0.5177              0                     0
6     12     0.62          20.5             0.5239              0                     0
6     12     0.62          20.5             0.5301              0                     0
6     12     0.62          20.5             0.5363              0                     0
6     12     0.62          20.5             0.5425              0                     0
6     12     0.62          20.5             0.5487              0                     0
6     12     0.62          20.5             0.5549              0                     0
6     12     0.62          20.5             0.5611              0                     0
6     12     0.62          20.5             0.5673              0                     0
6     12     0.62          20.5             0.5735              0                     0
6     12     0.62          20.5             0.5797              0                     0
6     12     0.62          20.5             0.5859              0                     0
6     12     0.62          20.5             0.5921              0                     0
6     12     0.62          20.5             0.5983              0                     0
6     12     0.62          20.5             0.6045              0                     0
6     12     0.62          20.5             0.6107              0                     0
*******************************************************************************************************
 Average angle 20.5284 +- 0.472949 deg 
 Average E' 0.345285 +- 0.00795494 GeV 
