*******************************************************************************************************
Z     A     E(GeV)     Theta(deg)     Energy Loss(GeV)     Sigma(nb/sr/GeV)     ERROR     Citation     
*******************************************************************************************************
6     12     0.16          96             0.0008              3.99785                     0.329737
6     12     0.16          96             0.0024              6.25514                     0.412452
6     12     0.16          96             0.004              7.37019                     0.447707
6     12     0.16          96             0.0056              8.92037                     0.492545
6     12     0.16          96             0.0072              9.35551                     0.504415
6     12     0.16          96             0.0088              11.7488                     0.565264
6     12     0.16          96             0.0104              12.3471                     0.579478
6     12     0.16          96             0.012              13.4893                     0.605689
6     12     0.16          96             0.0136              14.1149                     0.619574
6     12     0.16          96             0.0152              16.4265                     0.668386
6     12     0.16          96             0.0168              15.8282                     0.656101
6     12     0.16          96             0.0184              18.7382                     0.713869
6     12     0.16          96             0.02              16.073                     0.661154
6     12     0.16          96             0.0216              18.1943                     0.703432
6     12     0.16          96             0.0232              18.3031                     0.705532
6     12     0.16          96             0.0248              18.1399                     0.70238
6     12     0.16          96             0.0264              18.4119                     0.707626
6     12     0.16          96             0.028              17.7864                     0.695501
6     12     0.16          96             0.0296              18.4119                     0.707626
6     12     0.16          96             0.0312              18.7654                     0.714387
6     12     0.16          96             0.0328              18.4119                     0.707626
6     12     0.16          96             0.0344              19.119                     0.721086
6     12     0.16          96             0.036              19.9349                     0.736311
6     12     0.16          96             0.0376              18.6838                     0.712833
6     12     0.16          96             0.0392              19.1462                     0.721598
6     12     0.16          96             0.0408              16.5897                     0.671698
6     12     0.16          96             0.0424              16.9161                     0.678273
6     12     0.16          96             0.044              16.6985                     0.673897
6     12     0.16          96             0.0456              15.7738                     0.654973
6     12     0.16          96             0.0472              15.6378                     0.652143
6     12     0.16          96             0.0488              15.0667                     0.640124
6     12     0.16          96             0.0504              14.414                     0.626105
6     12     0.16          96             0.052              13.7613                     0.611765
6     12     0.16          96             0.0536              13.2446                     0.600169
6     12     0.16          96             0.0552              12.9726                     0.593975
6     12     0.16          96             0.0568              11.0145                     0.547314
6     12     0.16          96             0.0584              10.4162                     0.532241
6     12     0.16          96             0.06              10.4978                     0.534322
6     12     0.16          96             0.0616              10.4434                     0.532936
6     12     0.16          96             0.0632              9.21953                     0.500736
6     12     0.16          96             0.0648              9.16514                     0.499257
6     12     0.16          96             0.0664              6.98944                     0.435989
6     12     0.16          96             0.068              6.90785                     0.433437
6     12     0.16          96             0.0696              6.17355                     0.409753
6     12     0.16          96             0.0712              6.49991                     0.420444
6     12     0.16          96             0.0728              6.14635                     0.408849
6     12     0.16          96             0.0744              5.49364                     0.386531
6     12     0.16          96             0.076              4.3786                     0.345082
6     12     0.16          96             0.0776              4.10664                     0.334193
6     12     0.16          96             0.0792              3.72589                     0.318324
6     12     0.16          96             0.0808              3.6171                     0.313643
6     12     0.16          96             0.0824              3.10037                     0.290377
6     12     0.16          96             0.084              2.44766                     0.258006
6     12     0.16          96             0.0856              2.47486                     0.259436
6     12     0.16          96             0.0872              2.1485                     0.241726
6     12     0.16          96             0.0888              2.28449                     0.249258
6     12     0.16          96             0.0904              1.76776                     0.219263
6     12     0.16          96             0.092              1.87654                     0.225909
6     12     0.16          96             0.0936              2.25729                     0.24777
6     12     0.16          96             0.0952              1.90374                     0.22754
6     12     0.16          96             0.0968              1.52299                     0.203518
6     12     0.16          96             0.0984              1.41421                     0.196115
6     12     0.16          96             0.1              1.57738                     0.207121
6     12     0.16          96             0.1016              1.33262                     0.190374
6     12     0.16          96             0.1032              1.19664                     0.1804
6     12     0.16          96             0.1048              0.0271963                     0.0271963
6     12     0.16          96             0.1064              0                     0
6     12     0.16          96             0.108              0                     0
6     12     0.16          96             0.1096              0                     0
6     12     0.16          96             0.1112              0                     0
6     12     0.16          96             0.1128              0                     0
6     12     0.16          96             0.1144              0                     0
6     12     0.16          96             0.116              0                     0
6     12     0.16          96             0.1176              0                     0
6     12     0.16          96             0.1192              0                     0
6     12     0.16          96             0.1208              0                     0
6     12     0.16          96             0.1224              0                     0
6     12     0.16          96             0.124              0                     0
6     12     0.16          96             0.1256              0                     0
6     12     0.16          96             0.1272              0                     0
6     12     0.16          96             0.1288              0                     0
6     12     0.16          96             0.1304              0                     0
6     12     0.16          96             0.132              0                     0
6     12     0.16          96             0.1336              0                     0
6     12     0.16          96             0.1352              0                     0
6     12     0.16          96             0.1368              0                     0
6     12     0.16          96             0.1384              0                     0
6     12     0.16          96             0.14              0                     0
6     12     0.16          96             0.1416              0                     0
6     12     0.16          96             0.1432              0                     0
6     12     0.16          96             0.1448              0                     0
6     12     0.16          96             0.1464              0                     0
6     12     0.16          96             0.148              0                     0
6     12     0.16          96             0.1496              0                     0
6     12     0.16          96             0.1512              0                     0
6     12     0.16          96             0.1528              0                     0
6     12     0.16          96             0.1544              0                     0
6     12     0.16          96             0.156              0                     0
6     12     0.16          96             0.1576              0                     0
*******************************************************************************************************
 Average angle 95.9633 +- 0.610859 deg 
 Average E' 0.121212 +- 0.00077158 GeV 
