*******************************************************************************************************
Z     A     E(GeV)     Theta(deg)     Energy Loss(GeV)     Sigma(nb/sr/GeV)     ERROR     Citation     
*******************************************************************************************************
6     12     0.4          71.5             0.002              0                     0
6     12     0.4          71.5             0.006              0                     0
6     12     0.4          71.5             0.01              0.0912907                     0.0527067
6     12     0.4          71.5             0.014              0.121721                     0.0608605
6     12     0.4          71.5             0.018              0.152151                     0.0680441
6     12     0.4          71.5             0.022              0.486884                     0.121721
6     12     0.4          71.5             0.026              0.730326                     0.149077
6     12     0.4          71.5             0.03              0.791186                     0.155164
6     12     0.4          71.5             0.034              1.12592                     0.1851
6     12     0.4          71.5             0.038              1.0042                     0.174808
6     12     0.4          71.5             0.042              2.0084                     0.247216
6     12     0.4          71.5             0.046              2.3127                     0.265285
6     12     0.4          71.5             0.05              3.13431                     0.308833
6     12     0.4          71.5             0.054              3.40819                     0.322043
6     12     0.4          71.5             0.058              3.16474                     0.310329
6     12     0.4          71.5             0.062              3.2256                     0.313298
6     12     0.4          71.5             0.066              4.9297                     0.387314
6     12     0.4          71.5             0.07              4.53411                     0.371448
6     12     0.4          71.5             0.074              5.38615                     0.404848
6     12     0.4          71.5             0.078              6.45121                     0.443071
6     12     0.4          71.5             0.082              6.51207                     0.445156
6     12     0.4          71.5             0.086              5.81217                     0.420554
6     12     0.4          71.5             0.09              6.05562                     0.429271
6     12     0.4          71.5             0.094              7.02938                     0.4625
6     12     0.4          71.5             0.098              6.05562                     0.429271
6     12     0.4          71.5             0.102              7.05981                     0.4635
6     12     0.4          71.5             0.106              6.81637                     0.455438
6     12     0.4          71.5             0.11              5.9339                     0.424935
6     12     0.4          71.5             0.114              5.78174                     0.419452
6     12     0.4          71.5             0.118              7.12068                     0.465493
6     12     0.4          71.5             0.122              6.08605                     0.430349
6     12     0.4          71.5             0.126              6.14691                     0.432495
6     12     0.4          71.5             0.13              5.5383                     0.410526
6     12     0.4          71.5             0.134              4.80798                     0.382502
6     12     0.4          71.5             0.138              5.20357                     0.397927
6     12     0.4          71.5             0.142              4.77755                     0.38129
6     12     0.4          71.5             0.146              4.19937                     0.357474
6     12     0.4          71.5             0.15              4.26023                     0.360055
6     12     0.4          71.5             0.154              3.71249                     0.336113
6     12     0.4          71.5             0.158              3.49948                     0.326328
6     12     0.4          71.5             0.162              3.43862                     0.323478
6     12     0.4          71.5             0.166              3.04302                     0.304302
6     12     0.4          71.5             0.17              2.73872                     0.288687
6     12     0.4          71.5             0.174              2.52571                     0.277233
6     12     0.4          71.5             0.178              2.40399                     0.27047
6     12     0.4          71.5             0.182              2.3127                     0.265285
6     12     0.4          71.5             0.186              2.16055                     0.25641
6     12     0.4          71.5             0.19              2.13012                     0.254598
6     12     0.4          71.5             0.194              1.79538                     0.233739
6     12     0.4          71.5             0.198              1.46065                     0.210827
6     12     0.4          71.5             0.202              1.67366                     0.225677
6     12     0.4          71.5             0.206              1.79538                     0.233739
6     12     0.4          71.5             0.21              2.0084                     0.247216
6     12     0.4          71.5             0.214              1.49108                     0.213012
6     12     0.4          71.5             0.218              1.3085                     0.199544
6     12     0.4          71.5             0.222              1.46065                     0.210827
6     12     0.4          71.5             0.226              1.21721                     0.192458
6     12     0.4          71.5             0.23              1.27807                     0.19721
6     12     0.4          71.5             0.234              1.46065                     0.210827
6     12     0.4          71.5             0.238              1.43022                     0.208619
6     12     0.4          71.5             0.242              1.88667                     0.239608
6     12     0.4          71.5             0.246              1.76495                     0.23175
6     12     0.4          71.5             0.25              1.33893                     0.201851
6     12     0.4          71.5             0.254              1.55194                     0.217315
6     12     0.4          71.5             0.258              1.58237                     0.219436
6     12     0.4          71.5             0.262              1.6128                     0.221535
6     12     0.4          71.5             0.266              1.24764                     0.194849
6     12     0.4          71.5             0.27              1.64323                     0.223616
6     12     0.4          71.5             0.274              1.73452                     0.229743
6     12     0.4          71.5             0.278              1.9171                     0.241533
6     12     0.4          71.5             0.282              1.85624                     0.237668
6     12     0.4          71.5             0.286              1.76495                     0.23175
6     12     0.4          71.5             0.29              2.03883                     0.249082
6     12     0.4          71.5             0.294              2.13012                     0.254598
6     12     0.4          71.5             0.298              2.25184                     0.261771
6     12     0.4          71.5             0.302              1.76495                     0.23175
6     12     0.4          71.5             0.306              1.9171                     0.241533
6     12     0.4          71.5             0.31              2.34313                     0.267024
6     12     0.4          71.5             0.314              2.34313                     0.267024
6     12     0.4          71.5             0.318              2.25184                     0.261771
6     12     0.4          71.5             0.322              3.40819                     0.322043
6     12     0.4          71.5             0.326              3.04302                     0.304302
6     12     0.4          71.5             0.33              2.98216                     0.301244
6     12     0.4          71.5             0.334              3.6212                     0.331955
6     12     0.4          71.5             0.338              2.98216                     0.301244
6     12     0.4          71.5             0.342              3.40819                     0.322043
6     12     0.4          71.5             0.346              3.89507                     0.344279
6     12     0.4          71.5             0.35              4.10808                     0.353567
6     12     0.4          71.5             0.354              4.07765                     0.352255
6     12     0.4          71.5             0.358              4.35152                     0.363893
6     12     0.4          71.5             0.362              4.04722                     0.350939
6     12     0.4          71.5             0.366              0.0912907                     0.0527067
6     12     0.4          71.5             0.37              0                     0
6     12     0.4          71.5             0.374              0                     0
6     12     0.4          71.5             0.378              0                     0
6     12     0.4          71.5             0.382              0                     0
6     12     0.4          71.5             0.386              0                     0
6     12     0.4          71.5             0.39              0                     0
6     12     0.4          71.5             0.394              0                     0
*******************************************************************************************************
 Average angle 71.4503 +- 0.756352 deg 
 Average E' 0.225322 +- 0.0023852 GeV 
