*******************************************************************************************************
Z     A     E(GeV)     Theta(deg)     Energy Loss(GeV)     Sigma(nb/sr/GeV)     ERROR     Citation     
*******************************************************************************************************
6     12     0.56          158.4             0.0028              0                     0
6     12     0.56          158.4             0.0084              0                     0
6     12     0.56          158.4             0.014              0                     0
6     12     0.56          158.4             0.0196              0                     0
6     12     0.56          158.4             0.0252              0                     0
6     12     0.56          158.4             0.0308              0                     0
6     12     0.56          158.4             0.0364              0                     0
6     12     0.56          158.4             0.042              0                     0
6     12     0.56          158.4             0.0476              0                     0
6     12     0.56          158.4             0.0532              0                     0
6     12     0.56          158.4             0.0588              0                     0
6     12     0.56          158.4             0.0644              0                     0
6     12     0.56          158.4             0.07              0                     0
6     12     0.56          158.4             0.0756              0                     0
6     12     0.56          158.4             0.0812              0                     0
6     12     0.56          158.4             0.0868              0                     0
6     12     0.56          158.4             0.0924              0                     0
6     12     0.56          158.4             0.098              0                     0
6     12     0.56          158.4             0.1036              0                     0
6     12     0.56          158.4             0.1092              0                     0
6     12     0.56          158.4             0.1148              0                     0
6     12     0.56          158.4             0.1204              0                     0
6     12     0.56          158.4             0.126              0                     0
6     12     0.56          158.4             0.1316              0                     0
6     12     0.56          158.4             0.1372              0                     0
6     12     0.56          158.4             0.1428              0                     0
6     12     0.56          158.4             0.1484              0                     0
6     12     0.56          158.4             0.154              0                     0
6     12     0.56          158.4             0.1596              0                     0
6     12     0.56          158.4             0.1652              0                     0
6     12     0.56          158.4             0.1708              0                     0
6     12     0.56          158.4             0.1764              0                     0
6     12     0.56          158.4             0.182              0                     0
6     12     0.56          158.4             0.1876              0                     0
6     12     0.56          158.4             0.1932              0                     0
6     12     0.56          158.4             0.1988              0                     0
6     12     0.56          158.4             0.2044              0                     0
6     12     0.56          158.4             0.21              0                     0
6     12     0.56          158.4             0.2156              0.064251                     0.064251
6     12     0.56          158.4             0.2212              0                     0
6     12     0.56          158.4             0.2268              0.064251                     0.064251
6     12     0.56          158.4             0.2324              0.064251                     0.064251
6     12     0.56          158.4             0.238              0                     0
6     12     0.56          158.4             0.2436              0.064251                     0.064251
6     12     0.56          158.4             0.2492              0                     0
6     12     0.56          158.4             0.2548              0.192753                     0.111286
6     12     0.56          158.4             0.2604              0.064251                     0.064251
6     12     0.56          158.4             0.266              0.192753                     0.111286
6     12     0.56          158.4             0.2716              0.064251                     0.064251
6     12     0.56          158.4             0.2772              0.064251                     0.064251
6     12     0.56          158.4             0.2828              0                     0
6     12     0.56          158.4             0.2884              0.257004                     0.128502
6     12     0.56          158.4             0.294              0.257004                     0.128502
6     12     0.56          158.4             0.2996              0.192753                     0.111286
6     12     0.56          158.4             0.3052              0.128502                     0.0908646
6     12     0.56          158.4             0.3108              0.449757                     0.169992
6     12     0.56          158.4             0.3164              0                     0
6     12     0.56          158.4             0.322              0                     0
6     12     0.56          158.4             0.3276              0                     0
6     12     0.56          158.4             0.3332              0.192753                     0.111286
6     12     0.56          158.4             0.3388              0.192753                     0.111286
6     12     0.56          158.4             0.3444              0.321255                     0.14367
6     12     0.56          158.4             0.35              0.128502                     0.0908646
6     12     0.56          158.4             0.3556              0.192753                     0.111286
6     12     0.56          158.4             0.3612              0.192753                     0.111286
6     12     0.56          158.4             0.3668              0.257004                     0.128502
6     12     0.56          158.4             0.3724              0.321255                     0.14367
6     12     0.56          158.4             0.378              0                     0
6     12     0.56          158.4             0.3836              0.257004                     0.128502
6     12     0.56          158.4             0.3892              0.128502                     0.0908646
6     12     0.56          158.4             0.3948              0.128502                     0.0908646
6     12     0.56          158.4             0.4004              0.128502                     0.0908646
6     12     0.56          158.4             0.406              0.064251                     0.064251
6     12     0.56          158.4             0.4116              0.064251                     0.064251
6     12     0.56          158.4             0.4172              0.385506                     0.157382
6     12     0.56          158.4             0.4228              0.064251                     0.064251
6     12     0.56          158.4             0.4284              0.192753                     0.111286
6     12     0.56          158.4             0.434              0.128502                     0.0908646
6     12     0.56          158.4             0.4396              0.385506                     0.157382
6     12     0.56          158.4             0.4452              0.064251                     0.064251
6     12     0.56          158.4             0.4508              0.257004                     0.128502
6     12     0.56          158.4             0.4564              0.70676                     0.213096
6     12     0.56          158.4             0.462              0.321255                     0.14367
6     12     0.56          158.4             0.4676              0.257004                     0.128502
6     12     0.56          158.4             0.4732              0.385506                     0.157382
6     12     0.56          158.4             0.4788              0.257004                     0.128502
6     12     0.56          158.4             0.4844              0.771011                     0.222572
6     12     0.56          158.4             0.49              0.70676                     0.213096
6     12     0.56          158.4             0.4956              0.578259                     0.192753
6     12     0.56          158.4             0.5012              0.385506                     0.157382
6     12     0.56          158.4             0.5068              0.64251                     0.203179
6     12     0.56          158.4             0.5124              0.321255                     0.14367
6     12     0.56          158.4             0.518              0.578259                     0.192753
6     12     0.56          158.4             0.5236              0.385506                     0.157382
6     12     0.56          158.4             0.5292              0.578259                     0.192753
6     12     0.56          158.4             0.5348              0.578259                     0.192753
6     12     0.56          158.4             0.5404              0.64251                     0.203179
6     12     0.56          158.4             0.546              0.385506                     0.157382
6     12     0.56          158.4             0.5516              0                     0
*******************************************************************************************************
 Average angle 158.382 +- 10.4891 deg 
 Average E' 0.120516 +- 0.00798136 GeV 
