*******************************************************************************************************
Z     A     E(GeV)     Theta(deg)     Energy Loss(GeV)     Sigma(nb/sr/GeV)     ERROR     Citation     
*******************************************************************************************************
6     12     0.16          144             0.0008              0.184062                     0.0920311
6     12     0.16          144             0.0024              0.41414                     0.138047
6     12     0.16          144             0.004              0.82828                     0.195228
6     12     0.16          144             0.0056              0.736249                     0.184062
6     12     0.16          144             0.0072              1.42648                     0.256204
6     12     0.16          144             0.0088              1.51851                     0.264339
6     12     0.16          144             0.0104              1.56453                     0.268315
6     12     0.16          144             0.012              1.70258                     0.279902
6     12     0.16          144             0.0136              2.89898                     0.365237
6     12     0.16          144             0.0152              2.16273                     0.315467
6     12     0.16          144             0.0168              2.89898                     0.365237
6     12     0.16          144             0.0184              2.71492                     0.353452
6     12     0.16          144             0.02              2.99101                     0.370989
6     12     0.16          144             0.0216              2.39281                     0.331823
6     12     0.16          144             0.0232              3.26711                     0.387734
6     12     0.16          144             0.0248              4.41749                     0.450859
6     12     0.16          144             0.0264              3.77328                     0.416689
6     12     0.16          144             0.028              4.09539                     0.43411
6     12     0.16          144             0.0296              4.00335                     0.429205
6     12     0.16          144             0.0312              4.00335                     0.429205
6     12     0.16          144             0.0328              3.91132                     0.424243
6     12     0.16          144             0.0344              4.83164                     0.471519
6     12     0.16          144             0.036              4.18742                     0.438961
6     12     0.16          144             0.0376              4.69359                     0.464735
6     12     0.16          144             0.0392              5.15374                     0.486983
6     12     0.16          144             0.0408              4.23343                     0.441366
6     12     0.16          144             0.0424              4.7396                     0.467007
6     12     0.16          144             0.044              5.47585                     0.501971
6     12     0.16          144             0.0456              5.06171                     0.482615
6     12     0.16          144             0.0472              4.50953                     0.455531
6     12     0.16          144             0.0488              4.92367                     0.475989
6     12     0.16          144             0.0504              5.0157                     0.480417
6     12     0.16          144             0.052              5.24578                     0.491312
6     12     0.16          144             0.0536              3.68125                     0.411576
6     12     0.16          144             0.0552              4.87765                     0.473759
6     12     0.16          144             0.0568              4.69359                     0.464735
6     12     0.16          144             0.0584              3.5432                     0.403785
6     12     0.16          144             0.06              4.41749                     0.450859
6     12     0.16          144             0.0616              3.5432                     0.403785
6     12     0.16          144             0.0632              3.5432                     0.403785
6     12     0.16          144             0.0648              4.27945                     0.443758
6     12     0.16          144             0.0664              3.63523                     0.408995
6     12     0.16          144             0.068              2.89898                     0.365237
6     12     0.16          144             0.0696              2.99101                     0.370989
6     12     0.16          144             0.0712              3.12906                     0.379454
6     12     0.16          144             0.0728              2.57687                     0.344349
6     12     0.16          144             0.0744              3.08304                     0.376654
6     12     0.16          144             0.076              1.93265                     0.298215
6     12     0.16          144             0.0776              2.20875                     0.318805
6     12     0.16          144             0.0792              2.53086                     0.341261
6     12     0.16          144             0.0808              2.25476                     0.322109
6     12     0.16          144             0.0824              2.30078                     0.325379
6     12     0.16          144             0.084              2.30078                     0.325379
6     12     0.16          144             0.0856              1.65656                     0.276093
6     12     0.16          144             0.0872              1.56453                     0.268315
6     12     0.16          144             0.0888              1.1964                     0.234634
6     12     0.16          144             0.0904              1.4725                     0.260303
6     12     0.16          144             0.092              0.966327                     0.21087
6     12     0.16          144             0.0936              1.84062                     0.291028
6     12     0.16          144             0.0952              1.15039                     0.230078
6     12     0.16          144             0.0968              0.966327                     0.21087
6     12     0.16          144             0.0984              1.10437                     0.225429
6     12     0.16          144             0.1              0.782265                     0.189727
6     12     0.16          144             0.1016              1.10437                     0.225429
6     12     0.16          144             0.1032              0.598202                     0.165912
6     12     0.16          144             0.1048              0.966327                     0.21087
6     12     0.16          144             0.1064              0.782265                     0.189727
6     12     0.16          144             0.108              0.644218                     0.172175
6     12     0.16          144             0.1096              0.690234                     0.178218
6     12     0.16          144             0.1112              0.506171                     0.152616
6     12     0.16          144             0.1128              0.782265                     0.189727
6     12     0.16          144             0.1144              0.874296                     0.200577
6     12     0.16          144             0.116              0.598202                     0.165912
6     12     0.16          144             0.1176              0.598202                     0.165912
6     12     0.16          144             0.1192              0.82828                     0.195228
6     12     0.16          144             0.1208              0.41414                     0.138047
6     12     0.16          144             0.1224              1.05836                     0.220683
6     12     0.16          144             0.124              0.82828                     0.195228
6     12     0.16          144             0.1256              0.368125                     0.130152
6     12     0.16          144             0.1272              0                     0
6     12     0.16          144             0.1288              0                     0
6     12     0.16          144             0.1304              0                     0
6     12     0.16          144             0.132              0                     0
6     12     0.16          144             0.1336              0                     0
6     12     0.16          144             0.1352              0                     0
6     12     0.16          144             0.1368              0                     0
6     12     0.16          144             0.1384              0                     0
6     12     0.16          144             0.14              0                     0
6     12     0.16          144             0.1416              0                     0
6     12     0.16          144             0.1432              0                     0
6     12     0.16          144             0.1448              0                     0
6     12     0.16          144             0.1464              0                     0
6     12     0.16          144             0.148              0                     0
6     12     0.16          144             0.1496              0                     0
6     12     0.16          144             0.1512              0                     0
6     12     0.16          144             0.1528              0                     0
6     12     0.16          144             0.1544              0                     0
6     12     0.16          144             0.156              0                     0
6     12     0.16          144             0.1576              0                     0
*******************************************************************************************************
 Average angle 144.004 +- 2.19121 deg 
 Average E' 0.107562 +- 0.00163669 GeV 
