*******************************************************************************************************
Z     A     E(GeV)     Theta(deg)     Energy Loss(GeV)     Sigma(nb/sr/GeV)     ERROR     Citation     
*******************************************************************************************************
6     12     0.62          119.5             0.0031              0                     0
6     12     0.62          119.5             0.0093              0                     0
6     12     0.62          119.5             0.0155              0                     0
6     12     0.62          119.5             0.0217              0                     0
6     12     0.62          119.5             0.0279              0                     0
6     12     0.62          119.5             0.0341              0                     0
6     12     0.62          119.5             0.0403              0                     0
6     12     0.62          119.5             0.0465              0                     0
6     12     0.62          119.5             0.0527              0                     0
6     12     0.62          119.5             0.0589              0                     0
6     12     0.62          119.5             0.0651              0                     0
6     12     0.62          119.5             0.0713              0                     0
6     12     0.62          119.5             0.0775              0                     0
6     12     0.62          119.5             0.0837              0                     0
6     12     0.62          119.5             0.0899              0                     0
6     12     0.62          119.5             0.0961              0                     0
6     12     0.62          119.5             0.1023              0                     0
6     12     0.62          119.5             0.1085              0                     0
6     12     0.62          119.5             0.1147              0                     0
6     12     0.62          119.5             0.1209              0                     0
6     12     0.62          119.5             0.1271              0                     0
6     12     0.62          119.5             0.1333              0                     0
6     12     0.62          119.5             0.1395              0                     0
6     12     0.62          119.5             0.1457              0                     0
6     12     0.62          119.5             0.1519              0                     0
6     12     0.62          119.5             0.1581              0                     0
6     12     0.62          119.5             0.1643              0                     0
6     12     0.62          119.5             0.1705              0                     0
6     12     0.62          119.5             0.1767              0                     0
6     12     0.62          119.5             0.1829              0                     0
6     12     0.62          119.5             0.1891              0                     0
6     12     0.62          119.5             0.1953              0                     0
6     12     0.62          119.5             0.2015              0                     0
6     12     0.62          119.5             0.2077              0                     0
6     12     0.62          119.5             0.2139              0                     0
6     12     0.62          119.5             0.2201              0                     0
6     12     0.62          119.5             0.2263              0                     0
6     12     0.62          119.5             0.2325              0                     0
6     12     0.62          119.5             0.2387              0                     0
6     12     0.62          119.5             0.2449              0                     0
6     12     0.62          119.5             0.2511              0                     0
6     12     0.62          119.5             0.2573              0                     0
6     12     0.62          119.5             0.2635              0                     0
6     12     0.62          119.5             0.2697              0                     0
6     12     0.62          119.5             0.2759              0                     0
6     12     0.62          119.5             0.2821              0                     0
6     12     0.62          119.5             0.2883              0                     0
6     12     0.62          119.5             0.2945              0                     0
6     12     0.62          119.5             0.3007              0                     0
6     12     0.62          119.5             0.3069              0                     0
6     12     0.62          119.5             0.3131              0                     0
6     12     0.62          119.5             0.3193              0                     0
6     12     0.62          119.5             0.3255              0                     0
6     12     0.62          119.5             0.3317              0                     0
6     12     0.62          119.5             0.3379              0                     0
6     12     0.62          119.5             0.3441              0                     0
6     12     0.62          119.5             0.3503              0                     0
6     12     0.62          119.5             0.3565              0.0278688                     0.0278688
6     12     0.62          119.5             0.3627              0                     0
6     12     0.62          119.5             0.3689              0                     0
6     12     0.62          119.5             0.3751              0                     0
6     12     0.62          119.5             0.3813              0                     0
6     12     0.62          119.5             0.3875              0                     0
6     12     0.62          119.5             0.3937              0.0278688                     0.0278688
6     12     0.62          119.5             0.3999              0                     0
6     12     0.62          119.5             0.4061              0.0557376                     0.0394124
6     12     0.62          119.5             0.4123              0.0278688                     0.0278688
6     12     0.62          119.5             0.4185              0.0557376                     0.0394124
6     12     0.62          119.5             0.4247              0                     0
6     12     0.62          119.5             0.4309              0.0278688                     0.0278688
6     12     0.62          119.5             0.4371              0.0557376                     0.0394124
6     12     0.62          119.5             0.4433              0.278688                     0.0881288
6     12     0.62          119.5             0.4495              0.362294                     0.100482
6     12     0.62          119.5             0.4557              0.250819                     0.0836064
6     12     0.62          119.5             0.4619              0.167213                     0.0682643
6     12     0.62          119.5             0.4681              0.278688                     0.0881288
6     12     0.62          119.5             0.4743              0.390163                     0.104275
6     12     0.62          119.5             0.4805              0.167213                     0.0682643
6     12     0.62          119.5             0.4867              0.278688                     0.0881288
6     12     0.62          119.5             0.4929              0.418032                     0.107935
6     12     0.62          119.5             0.4991              0.445901                     0.111475
6     12     0.62          119.5             0.5053              0.306557                     0.0924303
6     12     0.62          119.5             0.5115              0.334425                     0.0965403
6     12     0.62          119.5             0.5177              0.473769                     0.114906
6     12     0.62          119.5             0.5239              0.139344                     0.0623165
6     12     0.62          119.5             0.5301              0.390163                     0.104275
6     12     0.62          119.5             0.5363              0.278688                     0.0881288
6     12     0.62          119.5             0.5425              0.390163                     0.104275
6     12     0.62          119.5             0.5487              0.278688                     0.0881288
6     12     0.62          119.5             0.5549              0.334425                     0.0965403
6     12     0.62          119.5             0.5611              0.445901                     0.111475
6     12     0.62          119.5             0.5673              0.306557                     0.0924303
6     12     0.62          119.5             0.5735              0.250819                     0.0836064
6     12     0.62          119.5             0.5797              0.306557                     0.0924303
6     12     0.62          119.5             0.5859              0.445901                     0.111475
6     12     0.62          119.5             0.5921              0.362294                     0.100482
6     12     0.62          119.5             0.5983              0.529507                     0.121477
6     12     0.62          119.5             0.6045              0.613113                     0.130716
6     12     0.62          119.5             0.6107              0.0278688                     0.0278688
*******************************************************************************************************
 Average angle 119.394 +- 6.45609 deg 
 Average E' 0.0921859 +- 0.00498484 GeV 
