*******************************************************************************************************
Z     A     E(GeV)     Theta(deg)     Energy Loss(GeV)     Sigma(nb/sr/GeV)     ERROR     Citation     
*******************************************************************************************************
6     12     0.68          61             0.0034              0                     0
6     12     0.68          61             0.0102              0                     0
6     12     0.68          61             0.017              0                     0
6     12     0.68          61             0.0238              0                     0
6     12     0.68          61             0.0306              0                     0
6     12     0.68          61             0.0374              0                     0
6     12     0.68          61             0.0442              0                     0
6     12     0.68          61             0.051              0                     0
6     12     0.68          61             0.0578              0                     0
6     12     0.68          61             0.0646              0                     0
6     12     0.68          61             0.0714              0                     0
6     12     0.68          61             0.0782              0                     0
6     12     0.68          61             0.085              0                     0
6     12     0.68          61             0.0918              0                     0
6     12     0.68          61             0.0986              0                     0
6     12     0.68          61             0.1054              0                     0
6     12     0.68          61             0.1122              0                     0
6     12     0.68          61             0.119              0                     0
6     12     0.68          61             0.1258              0                     0
6     12     0.68          61             0.1326              0                     0
6     12     0.68          61             0.1394              0                     0
6     12     0.68          61             0.1462              0                     0
6     12     0.68          61             0.153              0                     0
6     12     0.68          61             0.1598              0                     0
6     12     0.68          61             0.1666              0                     0
6     12     0.68          61             0.1734              0                     0
6     12     0.68          61             0.1802              0                     0
6     12     0.68          61             0.187              0                     0
6     12     0.68          61             0.1938              0                     0
6     12     0.68          61             0.2006              0                     0
6     12     0.68          61             0.2074              0                     0
6     12     0.68          61             0.2142              0                     0
6     12     0.68          61             0.221              0                     0
6     12     0.68          61             0.2278              0                     0
6     12     0.68          61             0.2346              0                     0
6     12     0.68          61             0.2414              0                     0
6     12     0.68          61             0.2482              0                     0
6     12     0.68          61             0.255              0                     0
6     12     0.68          61             0.2618              0                     0
6     12     0.68          61             0.2686              0                     0
6     12     0.68          61             0.2754              0                     0
6     12     0.68          61             0.2822              0                     0
6     12     0.68          61             0.289              0.024805                     0.024805
6     12     0.68          61             0.2958              0                     0
6     12     0.68          61             0.3026              0                     0
6     12     0.68          61             0.3094              0                     0
6     12     0.68          61             0.3162              0.024805                     0.024805
6     12     0.68          61             0.323              0.0744149                     0.0429635
6     12     0.68          61             0.3298              0.0992199                     0.04961
6     12     0.68          61             0.3366              0.124025                     0.0554656
6     12     0.68          61             0.3434              0.0992199                     0.04961
6     12     0.68          61             0.3502              0.29766                     0.085927
6     12     0.68          61             0.357              0.34727                     0.0928117
6     12     0.68          61             0.3638              0.24805                     0.0784402
6     12     0.68          61             0.3706              0.59532                     0.121519
6     12     0.68          61             0.3774              0.520905                     0.113671
6     12     0.68          61             0.3842              0.744149                     0.135862
6     12     0.68          61             0.391              0.818564                     0.142494
6     12     0.68          61             0.3978              1.04181                     0.160755
6     12     0.68          61             0.4046              0.992199                     0.15688
6     12     0.68          61             0.4114              0.942589                     0.152908
6     12     0.68          61             0.4182              1.04181                     0.160755
6     12     0.68          61             0.425              1.14103                     0.168236
6     12     0.68          61             0.4318              1.21544                     0.173635
6     12     0.68          61             0.4386              1.28986                     0.178871
6     12     0.68          61             0.4454              1.41388                     0.187273
6     12     0.68          61             0.4522              1.19064                     0.171854
6     12     0.68          61             0.459              1.33947                     0.182279
6     12     0.68          61             0.4658              1.31466                     0.180583
6     12     0.68          61             0.4726              1.68674                     0.204547
6     12     0.68          61             0.4794              1.46349                     0.190531
6     12     0.68          61             0.4862              1.73635                     0.207533
6     12     0.68          61             0.493              1.38908                     0.185623
6     12     0.68          61             0.4998              1.24025                     0.175398
6     12     0.68          61             0.5066              1.24025                     0.175398
6     12     0.68          61             0.5134              1.43869                     0.188909
6     12     0.68          61             0.5202              1.28986                     0.178871
6     12     0.68          61             0.527              0.992199                     0.15688
6     12     0.68          61             0.5338              1.06661                     0.162657
6     12     0.68          61             0.5406              1.017                     0.158829
6     12     0.68          61             0.5474              1.16583                     0.170054
6     12     0.68          61             0.5542              0.992199                     0.15688
6     12     0.68          61             0.561              1.16583                     0.170054
6     12     0.68          61             0.5678              0.669734                     0.12889
6     12     0.68          61             0.5746              1.06661                     0.162657
6     12     0.68          61             0.5814              0.917784                     0.150883
6     12     0.68          61             0.5882              0.967394                     0.154907
6     12     0.68          61             0.595              1.11622                     0.166397
6     12     0.68          61             0.6018              0.669734                     0.12889
6     12     0.68          61             0.6086              0.669734                     0.12889
6     12     0.68          61             0.6154              0.843369                     0.144637
6     12     0.68          61             0.6222              0.669734                     0.12889
6     12     0.68          61             0.629              0.942589                     0.152908
6     12     0.68          61             0.6358              0.719344                     0.133579
6     12     0.68          61             0.6426              0.694539                     0.131256
6     12     0.68          61             0.6494              0.421685                     0.102274
6     12     0.68          61             0.6562              0                     0
6     12     0.68          61             0.663              0                     0
6     12     0.68          61             0.6698              0                     0
*******************************************************************************************************
 Average angle 61.0046 +- 1.42919 deg 
 Average E' 0.181131 +- 0.00424345 GeV 
