*******************************************************************************************************
Z     A     E(GeV)     Theta(deg)     Energy Loss(GeV)     Sigma(nb/sr/GeV)     ERROR     Citation     
*******************************************************************************************************
6     12     0.48          153.333             0.0024              0                     0
6     12     0.48          153.333             0.0072              0                     0
6     12     0.48          153.333             0.012              0                     0
6     12     0.48          153.333             0.0168              0                     0
6     12     0.48          153.333             0.0216              0                     0
6     12     0.48          153.333             0.0264              0                     0
6     12     0.48          153.333             0.0312              0                     0
6     12     0.48          153.333             0.036              0                     0
6     12     0.48          153.333             0.0408              0                     0
6     12     0.48          153.333             0.0456              0                     0
6     12     0.48          153.333             0.0504              0                     0
6     12     0.48          153.333             0.0552              0                     0
6     12     0.48          153.333             0.06              0                     0
6     12     0.48          153.333             0.0648              0                     0
6     12     0.48          153.333             0.0696              0                     0
6     12     0.48          153.333             0.0744              0                     0
6     12     0.48          153.333             0.0792              0                     0
6     12     0.48          153.333             0.084              0                     0
6     12     0.48          153.333             0.0888              0                     0
6     12     0.48          153.333             0.0936              0                     0
6     12     0.48          153.333             0.0984              0                     0
6     12     0.48          153.333             0.1032              0                     0
6     12     0.48          153.333             0.108              0                     0
6     12     0.48          153.333             0.1128              0                     0
6     12     0.48          153.333             0.1176              0                     0
6     12     0.48          153.333             0.1224              0                     0
6     12     0.48          153.333             0.1272              0                     0
6     12     0.48          153.333             0.132              0.0580855                     0.0580855
6     12     0.48          153.333             0.1368              0                     0
6     12     0.48          153.333             0.1416              0                     0
6     12     0.48          153.333             0.1464              0.0580855                     0.0580855
6     12     0.48          153.333             0.1512              0.0580855                     0.0580855
6     12     0.48          153.333             0.156              0                     0
6     12     0.48          153.333             0.1608              0                     0
6     12     0.48          153.333             0.1656              0.0580855                     0.0580855
6     12     0.48          153.333             0.1704              0                     0
6     12     0.48          153.333             0.1752              0                     0
6     12     0.48          153.333             0.18              0                     0
6     12     0.48          153.333             0.1848              0.116171                     0.0821454
6     12     0.48          153.333             0.1896              0.116171                     0.0821454
6     12     0.48          153.333             0.1944              0.232342                     0.116171
6     12     0.48          153.333             0.1992              0                     0
6     12     0.48          153.333             0.204              0.290428                     0.129883
6     12     0.48          153.333             0.2088              0.116171                     0.0821454
6     12     0.48          153.333             0.2136              0.406599                     0.15368
6     12     0.48          153.333             0.2184              0.0580855                     0.0580855
6     12     0.48          153.333             0.2232              0.0580855                     0.0580855
6     12     0.48          153.333             0.228              0.52277                     0.174257
6     12     0.48          153.333             0.2328              0.116171                     0.0821454
6     12     0.48          153.333             0.2376              0.174257                     0.100607
6     12     0.48          153.333             0.2424              0.290428                     0.129883
6     12     0.48          153.333             0.2472              0.174257                     0.100607
6     12     0.48          153.333             0.252              0.52277                     0.174257
6     12     0.48          153.333             0.2568              0.580855                     0.183683
6     12     0.48          153.333             0.2616              0.464684                     0.164291
6     12     0.48          153.333             0.2664              0.464684                     0.164291
6     12     0.48          153.333             0.2712              0.290428                     0.129883
6     12     0.48          153.333             0.276              0.638941                     0.192648
6     12     0.48          153.333             0.2808              0.116171                     0.0821454
6     12     0.48          153.333             0.2856              0.406599                     0.15368
6     12     0.48          153.333             0.2904              0.406599                     0.15368
6     12     0.48          153.333             0.2952              0.232342                     0.116171
6     12     0.48          153.333             0.3              0.116171                     0.0821454
6     12     0.48          153.333             0.3048              0.116171                     0.0821454
6     12     0.48          153.333             0.3096              0.348513                     0.14228
6     12     0.48          153.333             0.3144              0.348513                     0.14228
6     12     0.48          153.333             0.3192              0.348513                     0.14228
6     12     0.48          153.333             0.324              0.174257                     0.100607
6     12     0.48          153.333             0.3288              0                     0
6     12     0.48          153.333             0.3336              0.464684                     0.164291
6     12     0.48          153.333             0.3384              0.116171                     0.0821454
6     12     0.48          153.333             0.3432              0.348513                     0.14228
6     12     0.48          153.333             0.348              0.406599                     0.15368
6     12     0.48          153.333             0.3528              0.174257                     0.100607
6     12     0.48          153.333             0.3576              0.406599                     0.15368
6     12     0.48          153.333             0.3624              0.232342                     0.116171
6     12     0.48          153.333             0.3672              0.464684                     0.164291
6     12     0.48          153.333             0.372              0.290428                     0.129883
6     12     0.48          153.333             0.3768              0.290428                     0.129883
6     12     0.48          153.333             0.3816              0.52277                     0.174257
6     12     0.48          153.333             0.3864              0.406599                     0.15368
6     12     0.48          153.333             0.3912              0.174257                     0.100607
6     12     0.48          153.333             0.396              0.638941                     0.192648
6     12     0.48          153.333             0.4008              1.2198                     0.266181
6     12     0.48          153.333             0.4056              0.290428                     0.129883
6     12     0.48          153.333             0.4104              0.697027                     0.201214
6     12     0.48          153.333             0.4152              0.52277                     0.174257
6     12     0.48          153.333             0.42              0.755112                     0.20943
6     12     0.48          153.333             0.4248              0.987454                     0.239493
6     12     0.48          153.333             0.4296              0.813198                     0.217336
6     12     0.48          153.333             0.4344              1.2198                     0.266181
6     12     0.48          153.333             0.4392              0.871283                     0.224964
6     12     0.48          153.333             0.444              0.929369                     0.232342
6     12     0.48          153.333             0.4488              0.813198                     0.217336
6     12     0.48          153.333             0.4536              0.929369                     0.232342
6     12     0.48          153.333             0.4584              0.929369                     0.232342
6     12     0.48          153.333             0.4632              0.871283                     0.224964
6     12     0.48          153.333             0.468              0.52277                     0.174257
6     12     0.48          153.333             0.4728              0                     0
*******************************************************************************************************
 Average angle 153.277 +- 7.27422 deg 
 Average E' 0.116128 +- 0.00551117 GeV 
