*******************************************************************************************************
Z     A     E(GeV)     Theta(deg)     Energy Loss(GeV)     Sigma(nb/sr/GeV)     ERROR     Citation     
*******************************************************************************************************
6     12     1          38.3333             0.005              0                     0
6     12     1          38.3333             0.015              0                     0
6     12     1          38.3333             0.025              0                     0
6     12     1          38.3333             0.035              0                     0
6     12     1          38.3333             0.045              0                     0
6     12     1          38.3333             0.055              0                     0
6     12     1          38.3333             0.065              0                     0
6     12     1          38.3333             0.075              0                     0
6     12     1          38.3333             0.085              0                     0
6     12     1          38.3333             0.095              0                     0
6     12     1          38.3333             0.105              0                     0
6     12     1          38.3333             0.115              0                     0
6     12     1          38.3333             0.125              0                     0
6     12     1          38.3333             0.135              0                     0
6     12     1          38.3333             0.145              0                     0
6     12     1          38.3333             0.155              0                     0
6     12     1          38.3333             0.165              0                     0
6     12     1          38.3333             0.175              0                     0
6     12     1          38.3333             0.185              0                     0
6     12     1          38.3333             0.195              0                     0
6     12     1          38.3333             0.205              0                     0
6     12     1          38.3333             0.215              0                     0
6     12     1          38.3333             0.225              0                     0
6     12     1          38.3333             0.235              0                     0
6     12     1          38.3333             0.245              0                     0
6     12     1          38.3333             0.255              0                     0
6     12     1          38.3333             0.265              0                     0
6     12     1          38.3333             0.275              0                     0
6     12     1          38.3333             0.285              0                     0
6     12     1          38.3333             0.295              0.0942209                     0.0942209
6     12     1          38.3333             0.305              0.0942209                     0.0942209
6     12     1          38.3333             0.315              0                     0
6     12     1          38.3333             0.325              0.0942209                     0.0942209
6     12     1          38.3333             0.335              0.188442                     0.133248
6     12     1          38.3333             0.345              0.0942209                     0.0942209
6     12     1          38.3333             0.355              0.282663                     0.163195
6     12     1          38.3333             0.365              0.376884                     0.188442
6     12     1          38.3333             0.375              0.659546                     0.249285
6     12     1          38.3333             0.385              0.471104                     0.210684
6     12     1          38.3333             0.395              0.659546                     0.249285
6     12     1          38.3333             0.405              1.41331                     0.364916
6     12     1          38.3333             0.415              0.847988                     0.282663
6     12     1          38.3333             0.425              1.7902                     0.410699
6     12     1          38.3333             0.435              1.22487                     0.339718
6     12     1          38.3333             0.445              1.60176                     0.388483
6     12     1          38.3333             0.455              1.7902                     0.410699
6     12     1          38.3333             0.465              2.63819                     0.49857
6     12     1          38.3333             0.475              2.82663                     0.516069
6     12     1          38.3333             0.485              2.73241                     0.507395
6     12     1          38.3333             0.495              2.07286                     0.441935
6     12     1          38.3333             0.505              2.35552                     0.471104
6     12     1          38.3333             0.515              2.73241                     0.507395
6     12     1          38.3333             0.525              2.2613                     0.461586
6     12     1          38.3333             0.535              2.2613                     0.461586
6     12     1          38.3333             0.545              1.97864                     0.431774
6     12     1          38.3333             0.555              1.31909                     0.352542
6     12     1          38.3333             0.565              1.60176                     0.388483
6     12     1          38.3333             0.575              1.50753                     0.376884
6     12     1          38.3333             0.585              1.97864                     0.431774
6     12     1          38.3333             0.595              1.50753                     0.376884
6     12     1          38.3333             0.605              1.03643                     0.312495
6     12     1          38.3333             0.615              1.69598                     0.399745
6     12     1          38.3333             0.625              1.69598                     0.399745
6     12     1          38.3333             0.635              1.41331                     0.364916
6     12     1          38.3333             0.645              1.31909                     0.352542
6     12     1          38.3333             0.655              1.60176                     0.388483
6     12     1          38.3333             0.665              1.60176                     0.388483
6     12     1          38.3333             0.675              1.22487                     0.339718
6     12     1          38.3333             0.685              1.22487                     0.339718
6     12     1          38.3333             0.695              1.69598                     0.399745
6     12     1          38.3333             0.705              1.69598                     0.399745
6     12     1          38.3333             0.715              1.13065                     0.326391
6     12     1          38.3333             0.725              1.22487                     0.339718
6     12     1          38.3333             0.735              1.03643                     0.312495
6     12     1          38.3333             0.745              1.50753                     0.376884
6     12     1          38.3333             0.755              1.88442                     0.421369
6     12     1          38.3333             0.765              1.60176                     0.388483
6     12     1          38.3333             0.775              1.69598                     0.399745
6     12     1          38.3333             0.785              1.88442                     0.421369
6     12     1          38.3333             0.795              1.69598                     0.399745
6     12     1          38.3333             0.805              2.07286                     0.441935
6     12     1          38.3333             0.815              1.69598                     0.399745
6     12     1          38.3333             0.825              1.97864                     0.431774
6     12     1          38.3333             0.835              2.82663                     0.516069
6     12     1          38.3333             0.845              2.16708                     0.451868
6     12     1          38.3333             0.855              1.13065                     0.326391
6     12     1          38.3333             0.865              2.16708                     0.451868
6     12     1          38.3333             0.875              2.2613                     0.461586
6     12     1          38.3333             0.885              2.73241                     0.507395
6     12     1          38.3333             0.895              2.07286                     0.441935
6     12     1          38.3333             0.905              1.13065                     0.326391
6     12     1          38.3333             0.915              1.97864                     0.431774
6     12     1          38.3333             0.925              2.44974                     0.480434
6     12     1          38.3333             0.935              3.48617                     0.573123
6     12     1          38.3333             0.945              2.54396                     0.489586
6     12     1          38.3333             0.955              1.31909                     0.352542
6     12     1          38.3333             0.965              0                     0
6     12     1          38.3333             0.975              0                     0
6     12     1          38.3333             0.985              0                     0
*******************************************************************************************************
 Average angle 38.2948 +- 1.1453 deg 
 Average E' 0.322234 +- 0.0096372 GeV 
