*******************************************************************************************************
Z     A     E(GeV)     Theta(deg)     Energy Loss(GeV)     Sigma(nb/sr/GeV)     ERROR     Citation     
*******************************************************************************************************
6     12     0.4          149             0.002              0                     0
6     12     0.4          149             0.006              0                     0
6     12     0.4          149             0.01              0                     0
6     12     0.4          149             0.014              0                     0
6     12     0.4          149             0.018              0                     0
6     12     0.4          149             0.022              0                     0
6     12     0.4          149             0.026              0                     0
6     12     0.4          149             0.03              0                     0
6     12     0.4          149             0.034              0                     0
6     12     0.4          149             0.038              0                     0
6     12     0.4          149             0.042              0                     0
6     12     0.4          149             0.046              0                     0
6     12     0.4          149             0.05              0                     0
6     12     0.4          149             0.054              0                     0
6     12     0.4          149             0.058              0                     0
6     12     0.4          149             0.062              0                     0
6     12     0.4          149             0.066              0                     0
6     12     0.4          149             0.07              0                     0
6     12     0.4          149             0.074              0                     0
6     12     0.4          149             0.078              0                     0
6     12     0.4          149             0.082              0                     0
6     12     0.4          149             0.086              0                     0
6     12     0.4          149             0.09              0                     0
6     12     0.4          149             0.094              0                     0
6     12     0.4          149             0.098              0                     0
6     12     0.4          149             0.102              0                     0
6     12     0.4          149             0.106              0                     0
6     12     0.4          149             0.11              0                     0
6     12     0.4          149             0.114              0                     0
6     12     0.4          149             0.118              0                     0
6     12     0.4          149             0.122              0                     0
6     12     0.4          149             0.126              0                     0
6     12     0.4          149             0.13              0                     0
6     12     0.4          149             0.134              0                     0
6     12     0.4          149             0.138              0                     0
6     12     0.4          149             0.142              0                     0
6     12     0.4          149             0.146              0                     0
6     12     0.4          149             0.15              0                     0
6     12     0.4          149             0.154              0                     0
6     12     0.4          149             0.158              0                     0
6     12     0.4          149             0.162              0                     0
6     12     0.4          149             0.166              0                     0
6     12     0.4          149             0.17              0                     0
6     12     0.4          149             0.174              0                     0
6     12     0.4          149             0.178              0                     0
6     12     0.4          149             0.182              0                     0
6     12     0.4          149             0.186              0                     0
6     12     0.4          149             0.19              0                     0
6     12     0.4          149             0.194              0                     0
6     12     0.4          149             0.198              0                     0
6     12     0.4          149             0.202              0                     0
6     12     0.4          149             0.206              0                     0
6     12     0.4          149             0.21              0                     0
6     12     0.4          149             0.214              0                     0
6     12     0.4          149             0.218              0                     0
6     12     0.4          149             0.222              0.0560303                     0.0560303
6     12     0.4          149             0.226              0                     0
6     12     0.4          149             0.23              0                     0
6     12     0.4          149             0.234              0                     0
6     12     0.4          149             0.238              0                     0
6     12     0.4          149             0.242              0                     0
6     12     0.4          149             0.246              0                     0
6     12     0.4          149             0.25              0                     0
6     12     0.4          149             0.254              0                     0
6     12     0.4          149             0.258              0                     0
6     12     0.4          149             0.262              0                     0
6     12     0.4          149             0.266              0                     0
6     12     0.4          149             0.27              0                     0
6     12     0.4          149             0.274              0.112061                     0.0792387
6     12     0.4          149             0.278              0                     0
6     12     0.4          149             0.282              0.112061                     0.0792387
6     12     0.4          149             0.286              0.112061                     0.0792387
6     12     0.4          149             0.29              0.112061                     0.0792387
6     12     0.4          149             0.294              0                     0
6     12     0.4          149             0.298              0                     0
6     12     0.4          149             0.302              0.112061                     0.0792387
6     12     0.4          149             0.306              0.0560303                     0.0560303
6     12     0.4          149             0.31              0.0560303                     0.0560303
6     12     0.4          149             0.314              0.224121                     0.112061
6     12     0.4          149             0.318              0.0560303                     0.0560303
6     12     0.4          149             0.322              0.168091                     0.0970472
6     12     0.4          149             0.326              0                     0
6     12     0.4          149             0.33              0.0560303                     0.0560303
6     12     0.4          149             0.334              0.112061                     0.0792387
6     12     0.4          149             0.338              0                     0
6     12     0.4          149             0.342              0.112061                     0.0792387
6     12     0.4          149             0.346              0.112061                     0.0792387
6     12     0.4          149             0.35              0                     0
6     12     0.4          149             0.354              0.0560303                     0.0560303
6     12     0.4          149             0.358              0.0560303                     0.0560303
6     12     0.4          149             0.362              0.112061                     0.0792387
6     12     0.4          149             0.366              0                     0
6     12     0.4          149             0.37              0.0560303                     0.0560303
6     12     0.4          149             0.374              0                     0
6     12     0.4          149             0.378              0                     0
6     12     0.4          149             0.382              0                     0
6     12     0.4          149             0.386              0.0560303                     0.0560303
6     12     0.4          149             0.39              0                     0
6     12     0.4          149             0.394              0                     0
*******************************************************************************************************
 Average angle 149.199 +- 25.5875 deg 
 Average E' 0.0819919 +- 0.0140615 GeV 
