*******************************************************************************************************
Z     A     E(GeV)     Theta(deg)     Energy Loss(GeV)     Sigma(nb/sr/GeV)     ERROR     Citation     
*******************************************************************************************************
6     12     0.48          62.6667             0.0024              0                     0
6     12     0.48          62.6667             0.0072              0                     0
6     12     0.48          62.6667             0.012              0.0293451                     0.0293451
6     12     0.48          62.6667             0.0168              0.0586902                     0.0415003
6     12     0.48          62.6667             0.0216              0.205416                     0.0776399
6     12     0.48          62.6667             0.0264              0.586902                     0.131235
6     12     0.48          62.6667             0.0312              0.645593                     0.137641
6     12     0.48          62.6667             0.036              1.02708                     0.173608
6     12     0.48          62.6667             0.0408              0.909699                     0.163387
6     12     0.48          62.6667             0.0456              1.46726                     0.207501
6     12     0.48          62.6667             0.0504              1.64333                     0.219599
6     12     0.48          62.6667             0.0552              2.02481                     0.243759
6     12     0.48          62.6667             0.06              3.34534                     0.31332
6     12     0.48          62.6667             0.0648              2.84648                     0.289016
6     12     0.48          62.6667             0.0696              3.34534                     0.31332
6     12     0.48          62.6667             0.0744              3.81487                     0.334586
6     12     0.48          62.6667             0.0792              4.31373                     0.355791
6     12     0.48          62.6667             0.084              5.07671                     0.385975
6     12     0.48          62.6667             0.0888              5.89837                     0.416039
6     12     0.48          62.6667             0.0936              5.07671                     0.385975
6     12     0.48          62.6667             0.0984              5.92771                     0.417073
6     12     0.48          62.6667             0.1032              6.98414                     0.452714
6     12     0.48          62.6667             0.108              5.28212                     0.393706
6     12     0.48          62.6667             0.1128              5.92771                     0.417073
6     12     0.48          62.6667             0.1176              6.95479                     0.451762
6     12     0.48          62.6667             0.1224              6.16248                     0.425251
6     12     0.48          62.6667             0.1272              6.632                     0.441154
6     12     0.48          62.6667             0.132              6.10379                     0.423221
6     12     0.48          62.6667             0.1368              6.27986                     0.429282
6     12     0.48          62.6667             0.1416              6.16248                     0.425251
6     12     0.48          62.6667             0.1464              5.78099                     0.411878
6     12     0.48          62.6667             0.1512              5.69295                     0.40873
6     12     0.48          62.6667             0.156              4.87129                     0.378085
6     12     0.48          62.6667             0.1608              4.78325                     0.374653
6     12     0.48          62.6667             0.1656              4.72456                     0.372348
6     12     0.48          62.6667             0.1704              3.87356                     0.33715
6     12     0.48          62.6667             0.1752              3.93225                     0.339694
6     12     0.48          62.6667             0.18              3.40403                     0.316057
6     12     0.48          62.6667             0.1848              3.37469                     0.314691
6     12     0.48          62.6667             0.1896              2.7291                     0.282994
6     12     0.48          62.6667             0.1944              2.90517                     0.29198
6     12     0.48          62.6667             0.1992              1.61398                     0.217629
6     12     0.48          62.6667             0.204              2.14219                     0.250725
6     12     0.48          62.6667             0.2088              2.4063                     0.265731
6     12     0.48          62.6667             0.2136              1.58464                     0.215642
6     12     0.48          62.6667             0.2184              1.96612                     0.2402
6     12     0.48          62.6667             0.2232              1.73136                     0.225404
6     12     0.48          62.6667             0.228              1.8194                     0.231064
6     12     0.48          62.6667             0.2328              2.43565                     0.267347
6     12     0.48          62.6667             0.2376              1.64333                     0.219599
6     12     0.48          62.6667             0.2424              1.79005                     0.229193
6     12     0.48          62.6667             0.2472              1.76071                     0.227306
6     12     0.48          62.6667             0.252              1.61398                     0.217629
6     12     0.48          62.6667             0.2568              1.96612                     0.2402
6     12     0.48          62.6667             0.2616              1.67267                     0.221551
6     12     0.48          62.6667             0.2664              1.61398                     0.217629
6     12     0.48          62.6667             0.2712              1.8194                     0.231064
6     12     0.48          62.6667             0.276              1.8194                     0.231064
6     12     0.48          62.6667             0.2808              2.49434                     0.270549
6     12     0.48          62.6667             0.2856              1.96612                     0.2402
6     12     0.48          62.6667             0.2904              1.58464                     0.215642
6     12     0.48          62.6667             0.2952              2.17154                     0.252436
6     12     0.48          62.6667             0.3              1.96612                     0.2402
6     12     0.48          62.6667             0.3048              1.99547                     0.241986
6     12     0.48          62.6667             0.3096              2.20088                     0.254136
6     12     0.48          62.6667             0.3144              2.43565                     0.267347
6     12     0.48          62.6667             0.3192              1.93678                     0.238401
6     12     0.48          62.6667             0.324              2.14219                     0.250725
6     12     0.48          62.6667             0.3288              2.25957                     0.257502
6     12     0.48          62.6667             0.3336              2.25957                     0.257502
6     12     0.48          62.6667             0.3384              3.08124                     0.300698
6     12     0.48          62.6667             0.3432              2.64106                     0.278392
6     12     0.48          62.6667             0.348              2.96386                     0.294915
6     12     0.48          62.6667             0.3528              3.55076                     0.322796
6     12     0.48          62.6667             0.3576              3.19862                     0.306372
6     12     0.48          62.6667             0.3624              3.28665                     0.31056
6     12     0.48          62.6667             0.3672              3.81487                     0.334586
6     12     0.48          62.6667             0.372              3.40403                     0.316057
6     12     0.48          62.6667             0.3768              3.19862                     0.306372
6     12     0.48          62.6667             0.3816              3.55076                     0.322796
6     12     0.48          62.6667             0.3864              3.55076                     0.322796
6     12     0.48          62.6667             0.3912              3.52141                     0.32146
6     12     0.48          62.6667             0.396              3.9029                     0.338424
6     12     0.48          62.6667             0.4008              4.13766                     0.348454
6     12     0.48          62.6667             0.4056              4.13766                     0.348454
6     12     0.48          62.6667             0.4104              4.10832                     0.347216
6     12     0.48          62.6667             0.4152              4.19635                     0.350917
6     12     0.48          62.6667             0.42              3.46272                     0.31877
6     12     0.48          62.6667             0.4248              3.40403                     0.316057
6     12     0.48          62.6667             0.4296              3.316                     0.311943
6     12     0.48          62.6667             0.4344              3.69749                     0.329398
6     12     0.48          62.6667             0.4392              3.19862                     0.306372
6     12     0.48          62.6667             0.444              0.176071                     0.0718806
6     12     0.48          62.6667             0.4488              0                     0
6     12     0.48          62.6667             0.4536              0                     0
6     12     0.48          62.6667             0.4584              0                     0
6     12     0.48          62.6667             0.4632              0                     0
6     12     0.48          62.6667             0.468              0                     0
6     12     0.48          62.6667             0.4728              0                     0
*******************************************************************************************************
 Average angle 62.6273 +- 0.63536 deg 
 Average E' 0.256431 +- 0.00260152 GeV 
