*******************************************************************************************************
Z     A     E(GeV)     Theta(deg)     Energy Loss(GeV)     Sigma(nb/sr/GeV)     ERROR     Citation     
*******************************************************************************************************
6     12     0.12          132             0.0006              2.02006                     0.219107
6     12     0.12          132             0.0018              2.42408                     0.240019
6     12     0.12          132             0.003              3.20834                     0.27613
6     12     0.12          132             0.0042              3.56482                     0.291066
6     12     0.12          132             0.0054              3.73118                     0.29778
6     12     0.12          132             0.0066              4.01636                     0.308951
6     12     0.12          132             0.0078              5.32346                     0.355689
6     12     0.12          132             0.009              5.41852                     0.35885
6     12     0.12          132             0.0102              5.06204                     0.346845
6     12     0.12          132             0.0114              5.67994                     0.367405
6     12     0.12          132             0.0126              5.79877                     0.371228
6     12     0.12          132             0.0138              5.70371                     0.368173
6     12     0.12          132             0.015              6.4642                     0.39195
6     12     0.12          132             0.0162              6.4642                     0.39195
6     12     0.12          132             0.0174              6.39291                     0.389782
6     12     0.12          132             0.0186              7.29599                     0.416404
6     12     0.12          132             0.0198              6.44044                     0.391229
6     12     0.12          132             0.021              6.06019                     0.379504
6     12     0.12          132             0.0222              7.2247                     0.414365
6     12     0.12          132             0.0234              6.44044                     0.391229
6     12     0.12          132             0.0246              6.77315                     0.401207
6     12     0.12          132             0.0258              6.91575                     0.405408
6     12     0.12          132             0.027              7.12963                     0.41163
6     12     0.12          132             0.0282              7.55741                     0.423799
6     12     0.12          132             0.0294              6.34537                     0.388331
6     12     0.12          132             0.0306              6.70186                     0.39909
6     12     0.12          132             0.0318              6.41667                     0.390506
6     12     0.12          132             0.033              6.22655                     0.384677
6     12     0.12          132             0.0342              5.39476                     0.358063
6     12     0.12          132             0.0354              5.87007                     0.373503
6     12     0.12          132             0.0366              5.1571                     0.350087
6     12     0.12          132             0.0378              5.96513                     0.376516
6     12     0.12          132             0.039              5.32346                     0.355689
6     12     0.12          132             0.0402              5.25216                     0.353299
6     12     0.12          132             0.0414              5.60865                     0.365092
6     12     0.12          132             0.0426              5.25216                     0.353299
6     12     0.12          132             0.0438              4.80062                     0.33777
6     12     0.12          132             0.045              4.42037                     0.324118
6     12     0.12          132             0.0462              4.39661                     0.323245
6     12     0.12          132             0.0474              4.34908                     0.321493
6     12     0.12          132             0.0486              4.51544                     0.327584
6     12     0.12          132             0.0498              3.96883                     0.307117
6     12     0.12          132             0.051              3.32716                     0.281197
6     12     0.12          132             0.0522              3.44599                     0.286174
6     12     0.12          132             0.0534              3.3034                     0.280191
6     12     0.12          132             0.0546              3.3034                     0.280191
6     12     0.12          132             0.0558              2.6855                     0.25263
6     12     0.12          132             0.057              2.94692                     0.264641
6     12     0.12          132             0.0582              2.63796                     0.250385
6     12     0.12          132             0.0594              2.09136                     0.22294
6     12     0.12          132             0.0606              2.21019                     0.229186
6     12     0.12          132             0.0618              2.21019                     0.229186
6     12     0.12          132             0.063              2.16266                     0.226708
6     12     0.12          132             0.0642              1.85371                     0.209891
6     12     0.12          132             0.0654              1.54475                     0.191603
6     12     0.12          132             0.0666              1.52099                     0.190124
6     12     0.12          132             0.0678              1.04568                     0.157642
6     12     0.12          132             0.069              1.14074                     0.164652
6     12     0.12          132             0.0702              0.617902                     0.12118
6     12     0.12          132             0.0714              0                     0
6     12     0.12          132             0.0726              0                     0
6     12     0.12          132             0.0738              0                     0
6     12     0.12          132             0.075              0                     0
6     12     0.12          132             0.0762              0                     0
6     12     0.12          132             0.0774              0                     0
6     12     0.12          132             0.0786              0                     0
6     12     0.12          132             0.0798              0                     0
6     12     0.12          132             0.081              0                     0
6     12     0.12          132             0.0822              0                     0
6     12     0.12          132             0.0834              0                     0
6     12     0.12          132             0.0846              0                     0
6     12     0.12          132             0.0858              0                     0
6     12     0.12          132             0.087              0                     0
6     12     0.12          132             0.0882              0                     0
6     12     0.12          132             0.0894              0                     0
6     12     0.12          132             0.0906              0                     0
6     12     0.12          132             0.0918              0                     0
6     12     0.12          132             0.093              0                     0
6     12     0.12          132             0.0942              0                     0
6     12     0.12          132             0.0954              0                     0
6     12     0.12          132             0.0966              0                     0
6     12     0.12          132             0.0978              0                     0
6     12     0.12          132             0.099              0                     0
6     12     0.12          132             0.1002              0                     0
6     12     0.12          132             0.1014              0                     0
6     12     0.12          132             0.1026              0                     0
6     12     0.12          132             0.1038              0                     0
6     12     0.12          132             0.105              0                     0
6     12     0.12          132             0.1062              0                     0
6     12     0.12          132             0.1074              0                     0
6     12     0.12          132             0.1086              0                     0
6     12     0.12          132             0.1098              0                     0
6     12     0.12          132             0.111              0                     0
6     12     0.12          132             0.1122              0                     0
6     12     0.12          132             0.1134              0                     0
6     12     0.12          132             0.1146              0                     0
6     12     0.12          132             0.1158              0                     0
6     12     0.12          132             0.117              0                     0
6     12     0.12          132             0.1182              0                     0
*******************************************************************************************************
 Average angle 132.48 +- 1.24959 deg 
 Average E' 0.0895224 +- 0.0008444 GeV 
