*******************************************************************************************************
Z     A     E(GeV)     Theta(deg)     Energy Loss(GeV)     Sigma(nb/sr/GeV)     ERROR     Citation     
*******************************************************************************************************
6     12     0.4          50.8333             0.002              0                     0
6     12     0.4          50.8333             0.006              0                     0
6     12     0.4          50.8333             0.01              0                     0
6     12     0.4          50.8333             0.014              0                     0
6     12     0.4          50.8333             0.018              0                     0
6     12     0.4          50.8333             0.022              0                     0
6     12     0.4          50.8333             0.026              0                     0
6     12     0.4          50.8333             0.03              0                     0
6     12     0.4          50.8333             0.034              0                     0
6     12     0.4          50.8333             0.038              0                     0
6     12     0.4          50.8333             0.042              0                     0
6     12     0.4          50.8333             0.046              0                     0
6     12     0.4          50.8333             0.05              0                     0
6     12     0.4          50.8333             0.054              0                     0
6     12     0.4          50.8333             0.058              0                     0
6     12     0.4          50.8333             0.062              0                     0
6     12     0.4          50.8333             0.066              0                     0
6     12     0.4          50.8333             0.07              0                     0
6     12     0.4          50.8333             0.074              0                     0
6     12     0.4          50.8333             0.078              0                     0
6     12     0.4          50.8333             0.082              0                     0
6     12     0.4          50.8333             0.086              0                     0
6     12     0.4          50.8333             0.09              0                     0
6     12     0.4          50.8333             0.094              0                     0
6     12     0.4          50.8333             0.098              0                     0
6     12     0.4          50.8333             0.102              0                     0
6     12     0.4          50.8333             0.106              0                     0
6     12     0.4          50.8333             0.11              0                     0
6     12     0.4          50.8333             0.114              0                     0
6     12     0.4          50.8333             0.118              0                     0
6     12     0.4          50.8333             0.122              0                     0
6     12     0.4          50.8333             0.126              0                     0
6     12     0.4          50.8333             0.13              0                     0
6     12     0.4          50.8333             0.134              0                     0
6     12     0.4          50.8333             0.138              0                     0
6     12     0.4          50.8333             0.142              0                     0
6     12     0.4          50.8333             0.146              0                     0
6     12     0.4          50.8333             0.15              0                     0
6     12     0.4          50.8333             0.154              0                     0
6     12     0.4          50.8333             0.158              0                     0
6     12     0.4          50.8333             0.162              0                     0
6     12     0.4          50.8333             0.166              0                     0
6     12     0.4          50.8333             0.17              0                     0
6     12     0.4          50.8333             0.174              0                     0
6     12     0.4          50.8333             0.178              0                     0
6     12     0.4          50.8333             0.182              0                     0
6     12     0.4          50.8333             0.186              0                     0
6     12     0.4          50.8333             0.19              0                     0
6     12     0.4          50.8333             0.194              0                     0
6     12     0.4          50.8333             0.198              0.0372208                     0.0372208
6     12     0.4          50.8333             0.202              0                     0
6     12     0.4          50.8333             0.206              0                     0
6     12     0.4          50.8333             0.21              0                     0
6     12     0.4          50.8333             0.214              0.0744415                     0.0526381
6     12     0.4          50.8333             0.218              0.0372208                     0.0372208
6     12     0.4          50.8333             0.222              0.0372208                     0.0372208
6     12     0.4          50.8333             0.226              0.148883                     0.0744415
6     12     0.4          50.8333             0.23              0.111662                     0.0644683
6     12     0.4          50.8333             0.234              0.148883                     0.0744415
6     12     0.4          50.8333             0.238              0.111662                     0.0644683
6     12     0.4          50.8333             0.242              0.260545                     0.0984769
6     12     0.4          50.8333             0.246              0.372208                     0.117702
6     12     0.4          50.8333             0.25              0.297766                     0.105276
6     12     0.4          50.8333             0.254              0.409428                     0.123447
6     12     0.4          50.8333             0.258              0.595532                     0.148883
6     12     0.4          50.8333             0.262              0.409428                     0.123447
6     12     0.4          50.8333             0.266              0.744415                     0.166456
6     12     0.4          50.8333             0.27              0.893298                     0.182344
6     12     0.4          50.8333             0.274              0.632753                     0.153465
6     12     0.4          50.8333             0.278              0.818857                     0.174581
6     12     0.4          50.8333             0.282              0.930519                     0.186104
6     12     0.4          50.8333             0.286              1.45161                     0.232444
6     12     0.4          50.8333             0.29              1.93548                     0.268403
6     12     0.4          50.8333             0.294              1.82382                     0.260545
6     12     0.4          50.8333             0.298              1.82382                     0.260545
6     12     0.4          50.8333             0.302              2.866                     0.326611
6     12     0.4          50.8333             0.306              3.31265                     0.35114
6     12     0.4          50.8333             0.31              3.12654                     0.341134
6     12     0.4          50.8333             0.314              2.97766                     0.332913
6     12     0.4          50.8333             0.318              4.16873                     0.393908
6     12     0.4          50.8333             0.322              4.42927                     0.406031
6     12     0.4          50.8333             0.326              4.6526                     0.416141
6     12     0.4          50.8333             0.33              4.42927                     0.406031
6     12     0.4          50.8333             0.334              1.15384                     0.207236
6     12     0.4          50.8333             0.338              0                     0
6     12     0.4          50.8333             0.342              0                     0
6     12     0.4          50.8333             0.346              0                     0
6     12     0.4          50.8333             0.35              0                     0
6     12     0.4          50.8333             0.354              0                     0
6     12     0.4          50.8333             0.358              0                     0
6     12     0.4          50.8333             0.362              0                     0
6     12     0.4          50.8333             0.366              0                     0
6     12     0.4          50.8333             0.37              0                     0
6     12     0.4          50.8333             0.374              0                     0
6     12     0.4          50.8333             0.378              0                     0
6     12     0.4          50.8333             0.382              0                     0
6     12     0.4          50.8333             0.386              0                     0
6     12     0.4          50.8333             0.39              0                     0
6     12     0.4          50.8333             0.394              0                     0
*******************************************************************************************************
 Average angle 50.8555 +- 1.45898 deg 
 Average E' 0.0946254 +- 0.00271468 GeV 
