*******************************************************************************************************
Z     A     E(GeV)     Theta(deg)     Energy Loss(GeV)     Sigma(nb/sr/GeV)     ERROR     Citation     
*******************************************************************************************************
6     12     1          72.3333             0.005              0                     0
6     12     1          72.3333             0.015              0                     0
6     12     1          72.3333             0.025              0                     0
6     12     1          72.3333             0.035              0                     0
6     12     1          72.3333             0.045              0                     0
6     12     1          72.3333             0.055              0                     0
6     12     1          72.3333             0.065              0                     0
6     12     1          72.3333             0.075              0                     0
6     12     1          72.3333             0.085              0                     0
6     12     1          72.3333             0.095              0                     0
6     12     1          72.3333             0.105              0                     0
6     12     1          72.3333             0.115              0                     0
6     12     1          72.3333             0.125              0                     0
6     12     1          72.3333             0.135              0                     0
6     12     1          72.3333             0.145              0                     0
6     12     1          72.3333             0.155              0                     0
6     12     1          72.3333             0.165              0                     0
6     12     1          72.3333             0.175              0                     0
6     12     1          72.3333             0.185              0                     0
6     12     1          72.3333             0.195              0                     0
6     12     1          72.3333             0.205              0                     0
6     12     1          72.3333             0.215              0                     0
6     12     1          72.3333             0.225              0                     0
6     12     1          72.3333             0.235              0                     0
6     12     1          72.3333             0.245              0                     0
6     12     1          72.3333             0.255              0                     0
6     12     1          72.3333             0.265              0                     0
6     12     1          72.3333             0.275              0                     0
6     12     1          72.3333             0.285              0                     0
6     12     1          72.3333             0.295              0                     0
6     12     1          72.3333             0.305              0                     0
6     12     1          72.3333             0.315              0                     0
6     12     1          72.3333             0.325              0                     0
6     12     1          72.3333             0.335              0                     0
6     12     1          72.3333             0.345              0                     0
6     12     1          72.3333             0.355              0                     0
6     12     1          72.3333             0.365              0                     0
6     12     1          72.3333             0.375              0                     0
6     12     1          72.3333             0.385              0                     0
6     12     1          72.3333             0.395              0                     0
6     12     1          72.3333             0.405              0                     0
6     12     1          72.3333             0.415              0                     0
6     12     1          72.3333             0.425              0                     0
6     12     1          72.3333             0.435              0                     0
6     12     1          72.3333             0.445              0                     0
6     12     1          72.3333             0.455              0                     0
6     12     1          72.3333             0.465              0                     0
6     12     1          72.3333             0.475              0                     0
6     12     1          72.3333             0.485              0.0613317                     0.0613317
6     12     1          72.3333             0.495              0                     0
6     12     1          72.3333             0.505              0.183995                     0.10623
6     12     1          72.3333             0.515              0                     0
6     12     1          72.3333             0.525              0.0613317                     0.0613317
6     12     1          72.3333             0.535              0                     0
6     12     1          72.3333             0.545              0.0613317                     0.0613317
6     12     1          72.3333             0.555              0.0613317                     0.0613317
6     12     1          72.3333             0.565              0.0613317                     0.0613317
6     12     1          72.3333             0.575              0                     0
6     12     1          72.3333             0.585              0.0613317                     0.0613317
6     12     1          72.3333             0.595              0.0613317                     0.0613317
6     12     1          72.3333             0.605              0                     0
6     12     1          72.3333             0.615              0.0613317                     0.0613317
6     12     1          72.3333             0.625              0.122663                     0.0867361
6     12     1          72.3333             0.635              0.0613317                     0.0613317
6     12     1          72.3333             0.645              0.0613317                     0.0613317
6     12     1          72.3333             0.655              0                     0
6     12     1          72.3333             0.665              0.0613317                     0.0613317
6     12     1          72.3333             0.675              0.122663                     0.0867361
6     12     1          72.3333             0.685              0.0613317                     0.0613317
6     12     1          72.3333             0.695              0                     0
6     12     1          72.3333             0.705              0.0613317                     0.0613317
6     12     1          72.3333             0.715              0                     0
6     12     1          72.3333             0.725              0.0613317                     0.0613317
6     12     1          72.3333             0.735              0.122663                     0.0867361
6     12     1          72.3333             0.745              0.122663                     0.0867361
6     12     1          72.3333             0.755              0.122663                     0.0867361
6     12     1          72.3333             0.765              0.0613317                     0.0613317
6     12     1          72.3333             0.775              0.122663                     0.0867361
6     12     1          72.3333             0.785              0.122663                     0.0867361
6     12     1          72.3333             0.795              0.0613317                     0.0613317
6     12     1          72.3333             0.805              0.183995                     0.10623
6     12     1          72.3333             0.815              0.183995                     0.10623
6     12     1          72.3333             0.825              0.122663                     0.0867361
6     12     1          72.3333             0.835              0.245327                     0.122663
6     12     1          72.3333             0.845              0.0613317                     0.0613317
6     12     1          72.3333             0.855              0.0613317                     0.0613317
6     12     1          72.3333             0.865              0.0613317                     0.0613317
6     12     1          72.3333             0.875              0.245327                     0.122663
6     12     1          72.3333             0.885              0.245327                     0.122663
6     12     1          72.3333             0.895              0.122663                     0.0867361
6     12     1          72.3333             0.905              0.183995                     0.10623
6     12     1          72.3333             0.915              0                     0
6     12     1          72.3333             0.925              0.122663                     0.0867361
6     12     1          72.3333             0.935              0.122663                     0.0867361
6     12     1          72.3333             0.945              0.245327                     0.122663
6     12     1          72.3333             0.955              0.0613317                     0.0613317
6     12     1          72.3333             0.965              0                     0
6     12     1          72.3333             0.975              0                     0
6     12     1          72.3333             0.985              0                     0
*******************************************************************************************************
 Average angle 72.3109 +- 8.6428 deg 
 Average E' 0.225557 +- 0.0269593 GeV 
