*******************************************************************************************************
Z     A     E(GeV)     Theta(deg)     Energy Loss(GeV)     Sigma(nb/sr/GeV)     ERROR     Citation     
*******************************************************************************************************
6     12     0.48          94.6667             0.0024              0                     0
6     12     0.48          94.6667             0.0072              0                     0
6     12     0.48          94.6667             0.012              0                     0
6     12     0.48          94.6667             0.0168              0                     0
6     12     0.48          94.6667             0.0216              0                     0
6     12     0.48          94.6667             0.0264              0                     0
6     12     0.48          94.6667             0.0312              0                     0
6     12     0.48          94.6667             0.036              0                     0
6     12     0.48          94.6667             0.0408              0                     0
6     12     0.48          94.6667             0.0456              0                     0
6     12     0.48          94.6667             0.0504              0                     0
6     12     0.48          94.6667             0.0552              0                     0
6     12     0.48          94.6667             0.06              0                     0
6     12     0.48          94.6667             0.0648              0                     0
6     12     0.48          94.6667             0.0696              0                     0
6     12     0.48          94.6667             0.0744              0                     0
6     12     0.48          94.6667             0.0792              0                     0
6     12     0.48          94.6667             0.084              0                     0
6     12     0.48          94.6667             0.0888              0                     0
6     12     0.48          94.6667             0.0936              0                     0
6     12     0.48          94.6667             0.0984              0                     0
6     12     0.48          94.6667             0.1032              0                     0
6     12     0.48          94.6667             0.108              0                     0
6     12     0.48          94.6667             0.1128              0                     0
6     12     0.48          94.6667             0.1176              0                     0
6     12     0.48          94.6667             0.1224              0                     0
6     12     0.48          94.6667             0.1272              0                     0
6     12     0.48          94.6667             0.132              0                     0
6     12     0.48          94.6667             0.1368              0                     0
6     12     0.48          94.6667             0.1416              0                     0
6     12     0.48          94.6667             0.1464              0                     0
6     12     0.48          94.6667             0.1512              0                     0
6     12     0.48          94.6667             0.156              0                     0
6     12     0.48          94.6667             0.1608              0                     0
6     12     0.48          94.6667             0.1656              0                     0
6     12     0.48          94.6667             0.1704              0                     0
6     12     0.48          94.6667             0.1752              0                     0
6     12     0.48          94.6667             0.18              0                     0
6     12     0.48          94.6667             0.1848              0                     0
6     12     0.48          94.6667             0.1896              0                     0
6     12     0.48          94.6667             0.1944              0                     0
6     12     0.48          94.6667             0.1992              0                     0
6     12     0.48          94.6667             0.204              0                     0
6     12     0.48          94.6667             0.2088              0                     0
6     12     0.48          94.6667             0.2136              0                     0
6     12     0.48          94.6667             0.2184              0                     0
6     12     0.48          94.6667             0.2232              0                     0
6     12     0.48          94.6667             0.228              0                     0
6     12     0.48          94.6667             0.2328              0                     0
6     12     0.48          94.6667             0.2376              0                     0
6     12     0.48          94.6667             0.2424              0                     0
6     12     0.48          94.6667             0.2472              0                     0
6     12     0.48          94.6667             0.252              0                     0
6     12     0.48          94.6667             0.2568              0                     0
6     12     0.48          94.6667             0.2616              0                     0
6     12     0.48          94.6667             0.2664              0.0261555                     0.0261555
6     12     0.48          94.6667             0.2712              0                     0
6     12     0.48          94.6667             0.276              0                     0
6     12     0.48          94.6667             0.2808              0.0261555                     0.0261555
6     12     0.48          94.6667             0.2856              0                     0
6     12     0.48          94.6667             0.2904              0.0261555                     0.0261555
6     12     0.48          94.6667             0.2952              0                     0
6     12     0.48          94.6667             0.3              0                     0
6     12     0.48          94.6667             0.3048              0.104622                     0.0523109
6     12     0.48          94.6667             0.3096              0.130777                     0.0584854
6     12     0.48          94.6667             0.3144              0.104622                     0.0523109
6     12     0.48          94.6667             0.3192              0.0784664                     0.0453026
6     12     0.48          94.6667             0.324              0.130777                     0.0584854
6     12     0.48          94.6667             0.3288              0.156933                     0.0640675
6     12     0.48          94.6667             0.3336              0.183088                     0.0692008
6     12     0.48          94.6667             0.3384              0.183088                     0.0692008
6     12     0.48          94.6667             0.3432              0.444643                     0.107842
6     12     0.48          94.6667             0.348              0.444643                     0.107842
6     12     0.48          94.6667             0.3528              0.601575                     0.125437
6     12     0.48          94.6667             0.3576              0.549265                     0.119859
6     12     0.48          94.6667             0.3624              0.57542                     0.12268
6     12     0.48          94.6667             0.3672              0.784664                     0.143259
6     12     0.48          94.6667             0.372              0.889285                     0.152511
6     12     0.48          94.6667             0.3768              0.915441                     0.154738
6     12     0.48          94.6667             0.3816              0.784664                     0.143259
6     12     0.48          94.6667             0.3864              0.941596                     0.156933
6     12     0.48          94.6667             0.3912              1.177                     0.175456
6     12     0.48          94.6667             0.396              1.15084                     0.173496
6     12     0.48          94.6667             0.4008              1.177                     0.175456
6     12     0.48          94.6667             0.4056              1.43855                     0.193974
6     12     0.48          94.6667             0.4104              1.28162                     0.183088
6     12     0.48          94.6667             0.4152              1.43855                     0.193974
6     12     0.48          94.6667             0.42              1.33393                     0.186787
6     12     0.48          94.6667             0.4248              1.7001                     0.210872
6     12     0.48          94.6667             0.4296              1.25546                     0.18121
6     12     0.48          94.6667             0.4344              1.41239                     0.192203
6     12     0.48          94.6667             0.4392              1.64779                     0.207602
6     12     0.48          94.6667             0.444              1.41239                     0.192203
6     12     0.48          94.6667             0.4488              1.90935                     0.223472
6     12     0.48          94.6667             0.4536              1.67395                     0.209244
6     12     0.48          94.6667             0.4584              1.64779                     0.207602
6     12     0.48          94.6667             0.4632              0.0261555                     0.0261555
6     12     0.48          94.6667             0.468              0                     0
6     12     0.48          94.6667             0.4728              0                     0
*******************************************************************************************************
 Average angle 94.5788 +- 2.80364 deg 
 Average E' 0.0705319 +- 0.00209081 GeV 
