*******************************************************************************************************
Z     A     E(GeV)     Theta(deg)     Energy Loss(GeV)     Sigma(nb/sr/GeV)     ERROR     Citation     
*******************************************************************************************************
6     12     0.62          48             0.0031              0                     0
6     12     0.62          48             0.0093              0                     0
6     12     0.62          48             0.0155              0                     0
6     12     0.62          48             0.0217              0                     0
6     12     0.62          48             0.0279              0                     0
6     12     0.62          48             0.0341              0                     0
6     12     0.62          48             0.0403              0                     0
6     12     0.62          48             0.0465              0                     0
6     12     0.62          48             0.0527              0                     0
6     12     0.62          48             0.0589              0                     0
6     12     0.62          48             0.0651              0                     0
6     12     0.62          48             0.0713              0                     0
6     12     0.62          48             0.0775              0                     0
6     12     0.62          48             0.0837              0                     0
6     12     0.62          48             0.0899              0                     0
6     12     0.62          48             0.0961              0                     0
6     12     0.62          48             0.1023              0                     0
6     12     0.62          48             0.1085              0                     0
6     12     0.62          48             0.1147              0                     0
6     12     0.62          48             0.1209              0                     0
6     12     0.62          48             0.1271              0                     0
6     12     0.62          48             0.1333              0                     0
6     12     0.62          48             0.1395              0                     0
6     12     0.62          48             0.1457              0                     0
6     12     0.62          48             0.1519              0                     0
6     12     0.62          48             0.1581              0                     0
6     12     0.62          48             0.1643              0                     0
6     12     0.62          48             0.1705              0                     0
6     12     0.62          48             0.1767              0                     0
6     12     0.62          48             0.1829              0                     0
6     12     0.62          48             0.1891              0                     0
6     12     0.62          48             0.1953              0                     0
6     12     0.62          48             0.2015              0                     0
6     12     0.62          48             0.2077              0.0326393                     0.0326393
6     12     0.62          48             0.2139              0                     0
6     12     0.62          48             0.2201              0.0652787                     0.046159
6     12     0.62          48             0.2263              0.097918                     0.056533
6     12     0.62          48             0.2325              0.0326393                     0.0326393
6     12     0.62          48             0.2387              0.0326393                     0.0326393
6     12     0.62          48             0.2449              0.195836                     0.0799497
6     12     0.62          48             0.2511              0.326393                     0.103215
6     12     0.62          48             0.2573              0.359033                     0.108252
6     12     0.62          48             0.2635              0.359033                     0.108252
6     12     0.62          48             0.2697              0.261115                     0.092318
6     12     0.62          48             0.2759              0.261115                     0.092318
6     12     0.62          48             0.2821              0.293754                     0.097918
6     12     0.62          48             0.2883              0.587508                     0.138477
6     12     0.62          48             0.2945              0.554869                     0.134575
6     12     0.62          48             0.3007              0.587508                     0.138477
6     12     0.62          48             0.3069              0.587508                     0.138477
6     12     0.62          48             0.3131              0.326393                     0.103215
6     12     0.62          48             0.3193              0.48959                     0.126412
6     12     0.62          48             0.3255              0.587508                     0.138477
6     12     0.62          48             0.3317              0.424311                     0.117683
6     12     0.62          48             0.3379              0.554869                     0.134575
6     12     0.62          48             0.3441              0.293754                     0.097918
6     12     0.62          48             0.3503              0.815984                     0.163197
6     12     0.62          48             0.3565              0.48959                     0.126412
6     12     0.62          48             0.3627              0.685426                     0.149572
6     12     0.62          48             0.3689              0.587508                     0.138477
6     12     0.62          48             0.3751              0.718065                     0.153092
6     12     0.62          48             0.3813              0.48959                     0.126412
6     12     0.62          48             0.3875              0.587508                     0.138477
6     12     0.62          48             0.3937              0.456951                     0.122125
6     12     0.62          48             0.3999              0.522229                     0.130557
6     12     0.62          48             0.4061              0.587508                     0.138477
6     12     0.62          48             0.4123              0.718065                     0.153092
6     12     0.62          48             0.4185              0.456951                     0.122125
6     12     0.62          48             0.4247              0.554869                     0.134575
6     12     0.62          48             0.4309              0.48959                     0.126412
6     12     0.62          48             0.4371              0.261115                     0.092318
6     12     0.62          48             0.4433              0.554869                     0.134575
6     12     0.62          48             0.4495              0.48959                     0.126412
6     12     0.62          48             0.4557              0.424311                     0.117683
6     12     0.62          48             0.4619              0.685426                     0.149572
6     12     0.62          48             0.4681              0.554869                     0.134575
6     12     0.62          48             0.4743              0.359033                     0.108252
6     12     0.62          48             0.4805              0.48959                     0.126412
6     12     0.62          48             0.4867              0.326393                     0.103215
6     12     0.62          48             0.4929              0.424311                     0.117683
6     12     0.62          48             0.4991              0.522229                     0.130557
6     12     0.62          48             0.5053              0.326393                     0.103215
6     12     0.62          48             0.5115              0.293754                     0.097918
6     12     0.62          48             0.5177              0.326393                     0.103215
6     12     0.62          48             0.5239              0.391672                     0.113066
6     12     0.62          48             0.5301              0.326393                     0.103215
6     12     0.62          48             0.5363              0.359033                     0.108252
6     12     0.62          48             0.5425              0.326393                     0.103215
6     12     0.62          48             0.5487              0.228475                     0.0863556
6     12     0.62          48             0.5549              0.293754                     0.097918
6     12     0.62          48             0.5611              0.293754                     0.097918
6     12     0.62          48             0.5673              0.228475                     0.0863556
6     12     0.62          48             0.5735              0.0652787                     0.046159
6     12     0.62          48             0.5797              0                     0
6     12     0.62          48             0.5859              0                     0
6     12     0.62          48             0.5921              0                     0
6     12     0.62          48             0.5983              0                     0
6     12     0.62          48             0.6045              0                     0
6     12     0.62          48             0.6107              0                     0
*******************************************************************************************************
 Average angle 48.0091 +- 1.76964 deg 
 Average E' 0.221285 +- 0.00815668 GeV 
