*******************************************************************************************************
Z     A     E(GeV)     Theta(deg)     Energy Loss(GeV)     Sigma(nb/sr/GeV)     ERROR     Citation     
*******************************************************************************************************
6     12     0.32          125             0.0016              0                     0
6     12     0.32          125             0.0048              0                     0
6     12     0.32          125             0.008              0                     0
6     12     0.32          125             0.0112              0                     0
6     12     0.32          125             0.0144              0                     0
6     12     0.32          125             0.0176              0                     0
6     12     0.32          125             0.0208              0                     0
6     12     0.32          125             0.024              0                     0
6     12     0.32          125             0.0272              0                     0
6     12     0.32          125             0.0304              0                     0
6     12     0.32          125             0.0336              0                     0
6     12     0.32          125             0.0368              0                     0
6     12     0.32          125             0.04              0                     0
6     12     0.32          125             0.0432              0                     0
6     12     0.32          125             0.0464              0                     0
6     12     0.32          125             0.0496              0                     0
6     12     0.32          125             0.0528              0                     0
6     12     0.32          125             0.056              0                     0
6     12     0.32          125             0.0592              0                     0
6     12     0.32          125             0.0624              0                     0
6     12     0.32          125             0.0656              0                     0
6     12     0.32          125             0.0688              0                     0
6     12     0.32          125             0.072              0                     0
6     12     0.32          125             0.0752              0                     0
6     12     0.32          125             0.0784              0                     0
6     12     0.32          125             0.0816              0                     0
6     12     0.32          125             0.0848              0                     0
6     12     0.32          125             0.088              0                     0
6     12     0.32          125             0.0912              0                     0
6     12     0.32          125             0.0944              0                     0
6     12     0.32          125             0.0976              0                     0
6     12     0.32          125             0.1008              0                     0
6     12     0.32          125             0.104              0                     0
6     12     0.32          125             0.1072              0                     0
6     12     0.32          125             0.1104              0                     0
6     12     0.32          125             0.1136              0                     0
6     12     0.32          125             0.1168              0                     0
6     12     0.32          125             0.12              0                     0
6     12     0.32          125             0.1232              0                     0
6     12     0.32          125             0.1264              0                     0
6     12     0.32          125             0.1296              0                     0
6     12     0.32          125             0.1328              0                     0
6     12     0.32          125             0.136              0                     0
6     12     0.32          125             0.1392              0                     0
6     12     0.32          125             0.1424              0                     0
6     12     0.32          125             0.1456              0                     0
6     12     0.32          125             0.1488              0                     0
6     12     0.32          125             0.152              0                     0
6     12     0.32          125             0.1552              0                     0
6     12     0.32          125             0.1584              0                     0
6     12     0.32          125             0.1616              0                     0
6     12     0.32          125             0.1648              0                     0
6     12     0.32          125             0.168              0                     0
6     12     0.32          125             0.1712              0                     0
6     12     0.32          125             0.1744              0                     0
6     12     0.32          125             0.1776              0                     0
6     12     0.32          125             0.1808              0                     0
6     12     0.32          125             0.184              0                     0
6     12     0.32          125             0.1872              0                     0
6     12     0.32          125             0.1904              0                     0
6     12     0.32          125             0.1936              0                     0
6     12     0.32          125             0.1968              0                     0
6     12     0.32          125             0.2              0                     0
6     12     0.32          125             0.2032              0                     0
6     12     0.32          125             0.2064              0                     0
6     12     0.32          125             0.2096              0                     0
6     12     0.32          125             0.2128              0                     0
6     12     0.32          125             0.216              0                     0
6     12     0.32          125             0.2192              0                     0
6     12     0.32          125             0.2224              0                     0
6     12     0.32          125             0.2256              0.0380477                     0.0380477
6     12     0.32          125             0.2288              0                     0
6     12     0.32          125             0.232              0                     0
6     12     0.32          125             0.2352              0                     0
6     12     0.32          125             0.2384              0                     0
6     12     0.32          125             0.2416              0.0380477                     0.0380477
6     12     0.32          125             0.2448              0                     0
6     12     0.32          125             0.248              0.152191                     0.0760953
6     12     0.32          125             0.2512              0.0380477                     0.0380477
6     12     0.32          125             0.2544              0.0380477                     0.0380477
6     12     0.32          125             0.2576              0.0760953                     0.0538075
6     12     0.32          125             0.2608              0.152191                     0.0760953
6     12     0.32          125             0.264              0.190238                     0.0850772
6     12     0.32          125             0.2672              0.0380477                     0.0380477
6     12     0.32          125             0.2704              0.380477                     0.120317
6     12     0.32          125             0.2736              0.304381                     0.107615
6     12     0.32          125             0.2768              0.380477                     0.120317
6     12     0.32          125             0.28              0.380477                     0.120317
6     12     0.32          125             0.2832              0.570715                     0.147358
6     12     0.32          125             0.2864              0.684858                     0.161423
6     12     0.32          125             0.2896              0.951192                     0.190238
6     12     0.32          125             0.2928              0.837049                     0.178459
6     12     0.32          125             0.296              1.40776                     0.231435
6     12     0.32          125             0.2992              1.14143                     0.208396
6     12     0.32          125             0.3024              0                     0
6     12     0.32          125             0.3056              0                     0
6     12     0.32          125             0.3088              0                     0
6     12     0.32          125             0.312              0                     0
6     12     0.32          125             0.3152              0                     0
*******************************************************************************************************
 Average angle 124.933 +- 8.72567 deg 
 Average E' 0.0342768 +- 0.002394 GeV 
