*******************************************************************************************************
Z     A     E(GeV)     Theta(deg)     Energy Loss(GeV)     Sigma(nb/sr/GeV)     ERROR     Citation     
*******************************************************************************************************
6     12     0.62          64.5             0.0031              0                     0
6     12     0.62          64.5             0.0093              0                     0
6     12     0.62          64.5             0.0155              0                     0
6     12     0.62          64.5             0.0217              0                     0
6     12     0.62          64.5             0.0279              0                     0
6     12     0.62          64.5             0.0341              0                     0
6     12     0.62          64.5             0.0403              0                     0
6     12     0.62          64.5             0.0465              0                     0
6     12     0.62          64.5             0.0527              0                     0
6     12     0.62          64.5             0.0589              0                     0
6     12     0.62          64.5             0.0651              0                     0
6     12     0.62          64.5             0.0713              0                     0
6     12     0.62          64.5             0.0775              0                     0
6     12     0.62          64.5             0.0837              0                     0
6     12     0.62          64.5             0.0899              0                     0
6     12     0.62          64.5             0.0961              0                     0
6     12     0.62          64.5             0.1023              0                     0
6     12     0.62          64.5             0.1085              0                     0
6     12     0.62          64.5             0.1147              0                     0
6     12     0.62          64.5             0.1209              0                     0
6     12     0.62          64.5             0.1271              0                     0
6     12     0.62          64.5             0.1333              0                     0
6     12     0.62          64.5             0.1395              0                     0
6     12     0.62          64.5             0.1457              0                     0
6     12     0.62          64.5             0.1519              0                     0
6     12     0.62          64.5             0.1581              0                     0
6     12     0.62          64.5             0.1643              0                     0
6     12     0.62          64.5             0.1705              0                     0
6     12     0.62          64.5             0.1767              0                     0
6     12     0.62          64.5             0.1829              0                     0
6     12     0.62          64.5             0.1891              0                     0
6     12     0.62          64.5             0.1953              0                     0
6     12     0.62          64.5             0.2015              0                     0
6     12     0.62          64.5             0.2077              0                     0
6     12     0.62          64.5             0.2139              0                     0
6     12     0.62          64.5             0.2201              0                     0
6     12     0.62          64.5             0.2263              0                     0
6     12     0.62          64.5             0.2325              0                     0
6     12     0.62          64.5             0.2387              0                     0
6     12     0.62          64.5             0.2449              0                     0
6     12     0.62          64.5             0.2511              0                     0
6     12     0.62          64.5             0.2573              0                     0
6     12     0.62          64.5             0.2635              0                     0
6     12     0.62          64.5             0.2697              0                     0
6     12     0.62          64.5             0.2759              0                     0
6     12     0.62          64.5             0.2821              0                     0
6     12     0.62          64.5             0.2883              0.0268736                     0.0268736
6     12     0.62          64.5             0.2945              0.0268736                     0.0268736
6     12     0.62          64.5             0.3007              0.0537473                     0.0380051
6     12     0.62          64.5             0.3069              0.0268736                     0.0268736
6     12     0.62          64.5             0.3131              0.0806209                     0.0465465
6     12     0.62          64.5             0.3193              0.161242                     0.0658267
6     12     0.62          64.5             0.3255              0.0806209                     0.0465465
6     12     0.62          64.5             0.3317              0.214989                     0.0760101
6     12     0.62          64.5             0.3379              0.188116                     0.071101
6     12     0.62          64.5             0.3441              0.29561                     0.0891298
6     12     0.62          64.5             0.3503              0.403105                     0.104081
6     12     0.62          64.5             0.3565              0.29561                     0.0891298
6     12     0.62          64.5             0.3627              0.59122                     0.126049
6     12     0.62          64.5             0.3689              0.859957                     0.15202
6     12     0.62          64.5             0.3751              0.537473                     0.120183
6     12     0.62          64.5             0.3813              0.833083                     0.149626
6     12     0.62          64.5             0.3875              1.15557                     0.176222
6     12     0.62          64.5             0.3937              1.26306                     0.184236
6     12     0.62          64.5             0.3999              1.34368                     0.190025
6     12     0.62          64.5             0.4061              1.58555                     0.20642
6     12     0.62          64.5             0.4123              1.50492                     0.201104
6     12     0.62          64.5             0.4185              1.66617                     0.211603
6     12     0.62          64.5             0.4247              1.37056                     0.191916
6     12     0.62          64.5             0.4309              1.28993                     0.186186
6     12     0.62          64.5             0.4371              1.55867                     0.204664
6     12     0.62          64.5             0.4433              1.80053                     0.21997
6     12     0.62          64.5             0.4495              1.07495                     0.169964
6     12     0.62          64.5             0.4557              1.31681                     0.188116
6     12     0.62          64.5             0.4619              1.9349                     0.22803
6     12     0.62          64.5             0.4681              1.61242                     0.208162
6     12     0.62          64.5             0.4743              1.71991                     0.214989
6     12     0.62          64.5             0.4805              1.4243                     0.195643
6     12     0.62          64.5             0.4867              1.39743                     0.193789
6     12     0.62          64.5             0.4929              1.63929                     0.20989
6     12     0.62          64.5             0.4991              1.10182                     0.172075
6     12     0.62          64.5             0.5053              1.50492                     0.201104
6     12     0.62          64.5             0.5115              1.07495                     0.169964
6     12     0.62          64.5             0.5177              1.20931                     0.180274
6     12     0.62          64.5             0.5239              1.39743                     0.193789
6     12     0.62          64.5             0.5301              1.0212                     0.16566
6     12     0.62          64.5             0.5363              0.967451                     0.161242
6     12     0.62          64.5             0.5425              1.07495                     0.169964
6     12     0.62          64.5             0.5487              1.20931                     0.180274
6     12     0.62          64.5             0.5549              0.806209                     0.147193
6     12     0.62          64.5             0.5611              0.967451                     0.161242
6     12     0.62          64.5             0.5673              0.671841                     0.134368
6     12     0.62          64.5             0.5735              1.10182                     0.172075
6     12     0.62          64.5             0.5797              0.725588                     0.13964
6     12     0.62          64.5             0.5859              1.07495                     0.169964
6     12     0.62          64.5             0.5921              0.29561                     0.0891298
6     12     0.62          64.5             0.5983              0                     0
6     12     0.62          64.5             0.6045              0                     0
6     12     0.62          64.5             0.6107              0                     0
*******************************************************************************************************
 Average angle 64.4561 +- 1.5325 deg 
 Average E' 0.152762 +- 0.00363204 GeV 
