*******************************************************************************************************
Z     A     E(GeV)     Theta(deg)     Energy Loss(GeV)     Sigma(nb/sr/GeV)     ERROR     Citation     
*******************************************************************************************************
6     12     0.4          169.667             0.002              0                     0
6     12     0.4          169.667             0.006              0                     0
6     12     0.4          169.667             0.01              0                     0
6     12     0.4          169.667             0.014              0                     0
6     12     0.4          169.667             0.018              0                     0
6     12     0.4          169.667             0.022              0                     0
6     12     0.4          169.667             0.026              0                     0
6     12     0.4          169.667             0.03              0                     0
6     12     0.4          169.667             0.034              0                     0
6     12     0.4          169.667             0.038              0                     0
6     12     0.4          169.667             0.042              0                     0
6     12     0.4          169.667             0.046              0                     0
6     12     0.4          169.667             0.05              0                     0
6     12     0.4          169.667             0.054              0                     0
6     12     0.4          169.667             0.058              0                     0
6     12     0.4          169.667             0.062              0                     0
6     12     0.4          169.667             0.066              0                     0
6     12     0.4          169.667             0.07              0                     0
6     12     0.4          169.667             0.074              0                     0
6     12     0.4          169.667             0.078              0                     0
6     12     0.4          169.667             0.082              0                     0
6     12     0.4          169.667             0.086              0                     0
6     12     0.4          169.667             0.09              0                     0
6     12     0.4          169.667             0.094              0                     0
6     12     0.4          169.667             0.098              0                     0
6     12     0.4          169.667             0.102              0                     0
6     12     0.4          169.667             0.106              0                     0
6     12     0.4          169.667             0.11              0                     0
6     12     0.4          169.667             0.114              0                     0
6     12     0.4          169.667             0.118              0                     0
6     12     0.4          169.667             0.122              0                     0
6     12     0.4          169.667             0.126              0                     0
6     12     0.4          169.667             0.13              0                     0
6     12     0.4          169.667             0.134              0                     0
6     12     0.4          169.667             0.138              0                     0
6     12     0.4          169.667             0.142              0                     0
6     12     0.4          169.667             0.146              0                     0
6     12     0.4          169.667             0.15              0                     0
6     12     0.4          169.667             0.154              0                     0
6     12     0.4          169.667             0.158              0                     0
6     12     0.4          169.667             0.162              0                     0
6     12     0.4          169.667             0.166              0                     0
6     12     0.4          169.667             0.17              0                     0
6     12     0.4          169.667             0.174              0                     0
6     12     0.4          169.667             0.178              0                     0
6     12     0.4          169.667             0.182              0                     0
6     12     0.4          169.667             0.186              0                     0
6     12     0.4          169.667             0.19              0                     0
6     12     0.4          169.667             0.194              0                     0
6     12     0.4          169.667             0.198              0                     0
6     12     0.4          169.667             0.202              0                     0
6     12     0.4          169.667             0.206              0                     0
6     12     0.4          169.667             0.21              0                     0
6     12     0.4          169.667             0.214              0                     0
6     12     0.4          169.667             0.218              0                     0
6     12     0.4          169.667             0.222              0                     0
6     12     0.4          169.667             0.226              0                     0
6     12     0.4          169.667             0.23              0                     0
6     12     0.4          169.667             0.234              0                     0
6     12     0.4          169.667             0.238              0                     0
6     12     0.4          169.667             0.242              0                     0
6     12     0.4          169.667             0.246              0                     0
6     12     0.4          169.667             0.25              0                     0
6     12     0.4          169.667             0.254              0                     0
6     12     0.4          169.667             0.258              0                     0
6     12     0.4          169.667             0.262              0                     0
6     12     0.4          169.667             0.266              0                     0
6     12     0.4          169.667             0.27              0                     0
6     12     0.4          169.667             0.274              0                     0
6     12     0.4          169.667             0.278              0                     0
6     12     0.4          169.667             0.282              0                     0
6     12     0.4          169.667             0.286              0                     0
6     12     0.4          169.667             0.29              0                     0
6     12     0.4          169.667             0.294              0                     0
6     12     0.4          169.667             0.298              0.16088                     0.16088
6     12     0.4          169.667             0.302              0                     0
6     12     0.4          169.667             0.306              0                     0
6     12     0.4          169.667             0.31              0.16088                     0.16088
6     12     0.4          169.667             0.314              0                     0
6     12     0.4          169.667             0.318              0.321759                     0.227518
6     12     0.4          169.667             0.322              0                     0
6     12     0.4          169.667             0.326              0.482639                     0.278652
6     12     0.4          169.667             0.33              0.482639                     0.278652
6     12     0.4          169.667             0.334              0.16088                     0.16088
6     12     0.4          169.667             0.338              0.482639                     0.278652
6     12     0.4          169.667             0.342              0.321759                     0.227518
6     12     0.4          169.667             0.346              0.321759                     0.227518
6     12     0.4          169.667             0.35              0.804398                     0.359738
6     12     0.4          169.667             0.354              0.965278                     0.394073
6     12     0.4          169.667             0.358              1.12616                     0.425647
6     12     0.4          169.667             0.362              0.804398                     0.359738
6     12     0.4          169.667             0.366              1.44792                     0.482639
6     12     0.4          169.667             0.37              0.643518                     0.321759
6     12     0.4          169.667             0.374              1.12616                     0.425647
6     12     0.4          169.667             0.378              1.76968                     0.533577
6     12     0.4          169.667             0.382              2.09143                     0.58006
6     12     0.4          169.667             0.386              1.6088                     0.508746
6     12     0.4          169.667             0.39              0                     0
6     12     0.4          169.667             0.394              0                     0
*******************************************************************************************************
 Average angle 169.602 +- 17.4008 deg 
 Average E' 0.0369491 +- 0.0037909 GeV 
