*******************************************************************************************************
Z     A     E(GeV)     Theta(deg)     Energy Loss(GeV)     Sigma(nb/sr/GeV)     ERROR     Citation     
*******************************************************************************************************
6     12     0.62          103             0.0031              0                     0
6     12     0.62          103             0.0093              0                     0
6     12     0.62          103             0.0155              0                     0
6     12     0.62          103             0.0217              0                     0
6     12     0.62          103             0.0279              0                     0
6     12     0.62          103             0.0341              0                     0
6     12     0.62          103             0.0403              0                     0
6     12     0.62          103             0.0465              0                     0
6     12     0.62          103             0.0527              0                     0
6     12     0.62          103             0.0589              0                     0
6     12     0.62          103             0.0651              0                     0
6     12     0.62          103             0.0713              0                     0
6     12     0.62          103             0.0775              0                     0
6     12     0.62          103             0.0837              0                     0
6     12     0.62          103             0.0899              0                     0
6     12     0.62          103             0.0961              0                     0
6     12     0.62          103             0.1023              0                     0
6     12     0.62          103             0.1085              0                     0
6     12     0.62          103             0.1147              0                     0
6     12     0.62          103             0.1209              0                     0
6     12     0.62          103             0.1271              0                     0
6     12     0.62          103             0.1333              0.0248938                     0.0248938
6     12     0.62          103             0.1395              0                     0
6     12     0.62          103             0.1457              0                     0
6     12     0.62          103             0.1519              0.0248938                     0.0248938
6     12     0.62          103             0.1581              0                     0
6     12     0.62          103             0.1643              0                     0
6     12     0.62          103             0.1705              0.0497876                     0.0352051
6     12     0.62          103             0.1767              0.0497876                     0.0352051
6     12     0.62          103             0.1829              0.0497876                     0.0352051
6     12     0.62          103             0.1891              0.0746813                     0.0431173
6     12     0.62          103             0.1953              0.0746813                     0.0431173
6     12     0.62          103             0.2015              0.0497876                     0.0352051
6     12     0.62          103             0.2077              0.0248938                     0.0248938
6     12     0.62          103             0.2139              0.124469                     0.0556642
6     12     0.62          103             0.2201              0.0746813                     0.0431173
6     12     0.62          103             0.2263              0.174256                     0.0658628
6     12     0.62          103             0.2325              0.124469                     0.0556642
6     12     0.62          103             0.2387              0.224044                     0.0746813
6     12     0.62          103             0.2449              0.0746813                     0.0431173
6     12     0.62          103             0.2511              0.19915                     0.0704103
6     12     0.62          103             0.2573              0.19915                     0.0704103
6     12     0.62          103             0.2635              0.273832                     0.0825633
6     12     0.62          103             0.2697              0.174256                     0.0658628
6     12     0.62          103             0.2759              0.273832                     0.0825633
6     12     0.62          103             0.2821              0.273832                     0.0825633
6     12     0.62          103             0.2883              0.273832                     0.0825633
6     12     0.62          103             0.2945              0.348513                     0.093144
6     12     0.62          103             0.3007              0.423194                     0.10264
6     12     0.62          103             0.3069              0.19915                     0.0704103
6     12     0.62          103             0.3131              0.423194                     0.10264
6     12     0.62          103             0.3193              0.273832                     0.0825633
6     12     0.62          103             0.3255              0.423194                     0.10264
6     12     0.62          103             0.3317              0.472982                     0.108509
6     12     0.62          103             0.3379              0.273832                     0.0825633
6     12     0.62          103             0.3441              0.448088                     0.105615
6     12     0.62          103             0.3503              0.373407                     0.0964132
6     12     0.62          103             0.3565              0.273832                     0.0825633
6     12     0.62          103             0.3627              0.0995751                     0.0497876
6     12     0.62          103             0.3689              0.323619                     0.0897558
6     12     0.62          103             0.3751              0.373407                     0.0964132
6     12     0.62          103             0.3813              0.273832                     0.0825633
6     12     0.62          103             0.3875              0.19915                     0.0704103
6     12     0.62          103             0.3937              0.273832                     0.0825633
6     12     0.62          103             0.3999              0.348513                     0.093144
6     12     0.62          103             0.4061              0.19915                     0.0704103
6     12     0.62          103             0.4123              0.323619                     0.0897558
6     12     0.62          103             0.4185              0.348513                     0.093144
6     12     0.62          103             0.4247              0.373407                     0.0964132
6     12     0.62          103             0.4309              0.423194                     0.10264
6     12     0.62          103             0.4371              0.547663                     0.116762
6     12     0.62          103             0.4433              0.472982                     0.108509
6     12     0.62          103             0.4495              0.423194                     0.10264
6     12     0.62          103             0.4557              0.672132                     0.129352
6     12     0.62          103             0.4619              0.597451                     0.121954
6     12     0.62          103             0.4681              0.522769                     0.114078
6     12     0.62          103             0.4743              0.647238                     0.126934
6     12     0.62          103             0.4805              0.622345                     0.124469
6     12     0.62          103             0.4867              0.746813                     0.136349
6     12     0.62          103             0.4929              0.472982                     0.108509
6     12     0.62          103             0.4991              0.522769                     0.114078
6     12     0.62          103             0.5053              0.572557                     0.119386
6     12     0.62          103             0.5115              0.771707                     0.138603
6     12     0.62          103             0.5177              0.672132                     0.129352
6     12     0.62          103             0.5239              0.348513                     0.093144
6     12     0.62          103             0.5301              0.746813                     0.136349
6     12     0.62          103             0.5363              0.622345                     0.124469
6     12     0.62          103             0.5425              0.572557                     0.119386
6     12     0.62          103             0.5487              0.697026                     0.131726
6     12     0.62          103             0.5549              0.597451                     0.121954
6     12     0.62          103             0.5611              0.597451                     0.121954
6     12     0.62          103             0.5673              0.423194                     0.10264
6     12     0.62          103             0.5735              0.497876                     0.111328
6     12     0.62          103             0.5797              0.522769                     0.114078
6     12     0.62          103             0.5859              0.821495                     0.143004
6     12     0.62          103             0.5921              0.547663                     0.116762
6     12     0.62          103             0.5983              0.373407                     0.0964132
6     12     0.62          103             0.6045              0.373407                     0.0964132
6     12     0.62          103             0.6107              0                     0
*******************************************************************************************************
 Average angle 102.989 +- 3.1633 deg 
 Average E' 0.175321 +- 0.00538494 GeV 
