*******************************************************************************************************
Z     A     E(GeV)     Theta(deg)     Energy Loss(GeV)     Sigma(nb/sr/GeV)     ERROR     Citation     
*******************************************************************************************************
6     12     0.56          99             0.0028              0                     0
6     12     0.56          99             0.0084              0                     0
6     12     0.56          99             0.014              0                     0
6     12     0.56          99             0.0196              0                     0
6     12     0.56          99             0.0252              0                     0
6     12     0.56          99             0.0308              0                     0
6     12     0.56          99             0.0364              0                     0
6     12     0.56          99             0.042              0                     0
6     12     0.56          99             0.0476              0                     0
6     12     0.56          99             0.0532              0                     0
6     12     0.56          99             0.0588              0                     0
6     12     0.56          99             0.0644              0                     0
6     12     0.56          99             0.07              0                     0
6     12     0.56          99             0.0756              0                     0
6     12     0.56          99             0.0812              0                     0
6     12     0.56          99             0.0868              0                     0
6     12     0.56          99             0.0924              0                     0
6     12     0.56          99             0.098              0                     0
6     12     0.56          99             0.1036              0                     0
6     12     0.56          99             0.1092              0                     0
6     12     0.56          99             0.1148              0                     0
6     12     0.56          99             0.1204              0                     0
6     12     0.56          99             0.126              0                     0
6     12     0.56          99             0.1316              0                     0
6     12     0.56          99             0.1372              0                     0
6     12     0.56          99             0.1428              0                     0
6     12     0.56          99             0.1484              0                     0
6     12     0.56          99             0.154              0                     0
6     12     0.56          99             0.1596              0                     0
6     12     0.56          99             0.1652              0                     0
6     12     0.56          99             0.1708              0                     0
6     12     0.56          99             0.1764              0                     0
6     12     0.56          99             0.182              0                     0
6     12     0.56          99             0.1876              0                     0
6     12     0.56          99             0.1932              0                     0
6     12     0.56          99             0.1988              0                     0
6     12     0.56          99             0.2044              0                     0
6     12     0.56          99             0.21              0                     0
6     12     0.56          99             0.2156              0                     0
6     12     0.56          99             0.2212              0                     0
6     12     0.56          99             0.2268              0                     0
6     12     0.56          99             0.2324              0                     0
6     12     0.56          99             0.238              0                     0
6     12     0.56          99             0.2436              0                     0
6     12     0.56          99             0.2492              0                     0
6     12     0.56          99             0.2548              0                     0
6     12     0.56          99             0.2604              0                     0
6     12     0.56          99             0.266              0                     0
6     12     0.56          99             0.2716              0                     0
6     12     0.56          99             0.2772              0.0239472                     0.0239472
6     12     0.56          99             0.2828              0                     0
6     12     0.56          99             0.2884              0                     0
6     12     0.56          99             0.294              0                     0
6     12     0.56          99             0.2996              0.0239472                     0.0239472
6     12     0.56          99             0.3052              0.0239472                     0.0239472
6     12     0.56          99             0.3108              0                     0
6     12     0.56          99             0.3164              0.0239472                     0.0239472
6     12     0.56          99             0.322              0                     0
6     12     0.56          99             0.3276              0.0239472                     0.0239472
6     12     0.56          99             0.3332              0.0478944                     0.0338664
6     12     0.56          99             0.3388              0.0239472                     0.0239472
6     12     0.56          99             0.3444              0                     0
6     12     0.56          99             0.35              0.0718415                     0.0414777
6     12     0.56          99             0.3556              0.0239472                     0.0239472
6     12     0.56          99             0.3612              0.0239472                     0.0239472
6     12     0.56          99             0.3668              0.0957887                     0.0478944
6     12     0.56          99             0.3724              0.0239472                     0.0239472
6     12     0.56          99             0.378              0.0239472                     0.0239472
6     12     0.56          99             0.3836              0.0239472                     0.0239472
6     12     0.56          99             0.3892              0.0718415                     0.0414777
6     12     0.56          99             0.3948              0.0478944                     0.0338664
6     12     0.56          99             0.4004              0.0718415                     0.0414777
6     12     0.56          99             0.406              0.0478944                     0.0338664
6     12     0.56          99             0.4116              0.0957887                     0.0478944
6     12     0.56          99             0.4172              0.0957887                     0.0478944
6     12     0.56          99             0.4228              0.119736                     0.0535475
6     12     0.56          99             0.4284              0.119736                     0.0535475
6     12     0.56          99             0.434              0.143683                     0.0586584
6     12     0.56          99             0.4396              0.0957887                     0.0478944
6     12     0.56          99             0.4452              0.0957887                     0.0478944
6     12     0.56          99             0.4508              0.191577                     0.0677329
6     12     0.56          99             0.4564              0.0957887                     0.0478944
6     12     0.56          99             0.462              0.119736                     0.0535475
6     12     0.56          99             0.4676              0.0718415                     0.0414777
6     12     0.56          99             0.4732              0.191577                     0.0677329
6     12     0.56          99             0.4788              0.119736                     0.0535475
6     12     0.56          99             0.4844              0.0239472                     0.0239472
6     12     0.56          99             0.49              0.0957887                     0.0478944
6     12     0.56          99             0.4956              0.119736                     0.0535475
6     12     0.56          99             0.5012              0.143683                     0.0586584
6     12     0.56          99             0.5068              0                     0
6     12     0.56          99             0.5124              0.0239472                     0.0239472
6     12     0.56          99             0.518              0.0718415                     0.0414777
6     12     0.56          99             0.5236              0.0957887                     0.0478944
6     12     0.56          99             0.5292              0.0718415                     0.0414777
6     12     0.56          99             0.5348              0.0718415                     0.0414777
6     12     0.56          99             0.5404              0.0478944                     0.0338664
6     12     0.56          99             0.546              0                     0
6     12     0.56          99             0.5516              0                     0
*******************************************************************************************************
 Average angle 99.0516 +- 8.7894 deg 
 Average E' 0.116626 +- 0.0103489 GeV 
