*******************************************************************************************************
Z     A     E(GeV)     Theta(deg)     Energy Loss(GeV)     Sigma(nb/sr/GeV)     ERROR     Citation     
*******************************************************************************************************
6     12     0.32          75             0.0016              0.0322663                     0.0322663
6     12     0.32          75             0.0048              0.0967988                     0.0558868
6     12     0.32          75             0.008              0.419462                     0.116338
6     12     0.32          75             0.0112              1.03252                     0.182526
6     12     0.32          75             0.0144              1.41972                     0.21403
6     12     0.32          75             0.0176              1.90371                     0.247842
6     12     0.32          75             0.0208              2.8717                     0.304399
6     12     0.32          75             0.024              2.93623                     0.307801
6     12     0.32          75             0.0272              3.58156                     0.339946
6     12     0.32          75             0.0304              3.96875                     0.35785
6     12     0.32          75             0.0336              4.64634                     0.387195
6     12     0.32          75             0.0368              5.6466                     0.426843
6     12     0.32          75             0.04              5.77566                     0.431693
6     12     0.32          75             0.0432              7.00178                     0.475312
6     12     0.32          75             0.0464              7.90524                     0.505047
6     12     0.32          75             0.0496              9.13136                     0.542803
6     12     0.32          75             0.0528              8.90549                     0.536048
6     12     0.32          75             0.056              8.71189                     0.530189
6     12     0.32          75             0.0592              9.22815                     0.545672
6     12     0.32          75             0.0624              10.0025                     0.568106
6     12     0.32          75             0.0656              10.3252                     0.577197
6     12     0.32          75             0.0688              11.0028                     0.595835
6     12     0.32          75             0.072              10.422                     0.579896
6     12     0.32          75             0.0752              9.84121                     0.563506
6     12     0.32          75             0.0784              10.3575                     0.578098
6     12     0.32          75             0.0816              10.5833                     0.584367
6     12     0.32          75             0.0848              10.0025                     0.568106
6     12     0.32          75             0.088              10.422                     0.579896
6     12     0.32          75             0.0912              8.55056                     0.525257
6     12     0.32          75             0.0944              8.5183                     0.524265
6     12     0.32          75             0.0976              8.55056                     0.525257
6     12     0.32          75             0.1008              8.48603                     0.523271
6     12     0.32          75             0.104              7.19538                     0.481838
6     12     0.32          75             0.1072              7.48578                     0.491465
6     12     0.32          75             0.1104              6.93725                     0.473116
6     12     0.32          75             0.1136              6.67912                     0.464231
6     12     0.32          75             0.1168              6.13059                     0.44476
6     12     0.32          75             0.12              5.00127                     0.401712
6     12     0.32          75             0.1232              5.1626                     0.40814
6     12     0.32          75             0.1264              4.45275                     0.379043
6     12     0.32          75             0.1296              4.45275                     0.379043
6     12     0.32          75             0.1328              4.13008                     0.365051
6     12     0.32          75             0.136              3.58156                     0.339946
6     12     0.32          75             0.1392              3.71062                     0.346017
6     12     0.32          75             0.1424              3.25889                     0.324272
6     12     0.32          75             0.1456              2.41997                     0.279434
6     12     0.32          75             0.1488              2.35544                     0.275683
6     12     0.32          75             0.152              2.19411                     0.266075
6     12     0.32          75             0.1552              2.09731                     0.260139
6     12     0.32          75             0.1584              2.12957                     0.262132
6     12     0.32          75             0.1616              1.90371                     0.247842
6     12     0.32          75             0.1648              1.61331                     0.228157
6     12     0.32          75             0.168              1.54878                     0.223547
6     12     0.32          75             0.1712              1.74238                     0.237108
6     12     0.32          75             0.1744              1.58105                     0.225864
6     12     0.32          75             0.1776              1.74238                     0.237108
6     12     0.32          75             0.1808              1.96824                     0.252008
6     12     0.32          75             0.184              1.45198                     0.216449
6     12     0.32          75             0.1872              1.32292                     0.206605
6     12     0.32          75             0.1904              1.19385                     0.196268
6     12     0.32          75             0.1936              1.48425                     0.218841
6     12     0.32          75             0.1968              1.38745                     0.211584
6     12     0.32          75             0.2              1.19385                     0.196268
6     12     0.32          75             0.2032              1.61331                     0.228157
6     12     0.32          75             0.2064              1.61331                     0.228157
6     12     0.32          75             0.2096              1.54878                     0.223547
6     12     0.32          75             0.2128              1.71011                     0.234902
6     12     0.32          75             0.216              2.22637                     0.268024
6     12     0.32          75             0.2192              1.80691                     0.241459
6     12     0.32          75             0.2224              1.58105                     0.225864
6     12     0.32          75             0.2256              1.58105                     0.225864
6     12     0.32          75             0.2288              1.45198                     0.216449
6     12     0.32          75             0.232              1.87144                     0.245733
6     12     0.32          75             0.2352              2.16184                     0.264111
6     12     0.32          75             0.2384              1.90371                     0.247842
6     12     0.32          75             0.2416              1.45198                     0.216449
6     12     0.32          75             0.2448              2.06504                     0.25813
6     12     0.32          75             0.248              1.93598                     0.249933
6     12     0.32          75             0.2512              1.77465                     0.239293
6     12     0.32          75             0.2544              2.41997                     0.279434
6     12     0.32          75             0.2576              2.7749                     0.299225
6     12     0.32          75             0.2608              2.25864                     0.269959
6     12     0.32          75             0.264              2.03278                     0.256106
6     12     0.32          75             0.2672              2.25864                     0.269959
6     12     0.32          75             0.2704              2.45224                     0.281291
6     12     0.32          75             0.2736              1.93598                     0.249933
6     12     0.32          75             0.2768              1.77465                     0.239293
6     12     0.32          75             0.28              0.161331                     0.0721496
6     12     0.32          75             0.2832              0                     0
6     12     0.32          75             0.2864              0                     0
6     12     0.32          75             0.2896              0                     0
6     12     0.32          75             0.2928              0                     0
6     12     0.32          75             0.296              0                     0
6     12     0.32          75             0.2992              0                     0
6     12     0.32          75             0.3024              0                     0
6     12     0.32          75             0.3056              0                     0
6     12     0.32          75             0.3088              0                     0
6     12     0.32          75             0.312              0                     0
6     12     0.32          75             0.3152              0                     0
*******************************************************************************************************
 Average angle 74.9625 +- 0.711512 deg 
 Average E' 0.212118 +- 0.00201333 GeV 
