*******************************************************************************************************
Z     A     E(GeV)     Theta(deg)     Energy Loss(GeV)     Sigma(nb/sr/GeV)     ERROR     Citation     
*******************************************************************************************************
6     12     0.48          46.6667             0.0024              0                     0
6     12     0.48          46.6667             0.0072              0                     0
6     12     0.48          46.6667             0.012              0                     0
6     12     0.48          46.6667             0.0168              0                     0
6     12     0.48          46.6667             0.0216              0                     0
6     12     0.48          46.6667             0.0264              0                     0
6     12     0.48          46.6667             0.0312              0                     0
6     12     0.48          46.6667             0.036              0                     0
6     12     0.48          46.6667             0.0408              0                     0
6     12     0.48          46.6667             0.0456              0                     0
6     12     0.48          46.6667             0.0504              0                     0
6     12     0.48          46.6667             0.0552              0                     0
6     12     0.48          46.6667             0.06              0                     0
6     12     0.48          46.6667             0.0648              0                     0
6     12     0.48          46.6667             0.0696              0                     0
6     12     0.48          46.6667             0.0744              0                     0
6     12     0.48          46.6667             0.0792              0                     0
6     12     0.48          46.6667             0.084              0                     0
6     12     0.48          46.6667             0.0888              0                     0
6     12     0.48          46.6667             0.0936              0                     0
6     12     0.48          46.6667             0.0984              0                     0
6     12     0.48          46.6667             0.1032              0                     0
6     12     0.48          46.6667             0.108              0                     0
6     12     0.48          46.6667             0.1128              0                     0
6     12     0.48          46.6667             0.1176              0                     0
6     12     0.48          46.6667             0.1224              0                     0
6     12     0.48          46.6667             0.1272              0                     0
6     12     0.48          46.6667             0.132              0                     0
6     12     0.48          46.6667             0.1368              0                     0
6     12     0.48          46.6667             0.1416              0                     0
6     12     0.48          46.6667             0.1464              0                     0
6     12     0.48          46.6667             0.1512              0                     0
6     12     0.48          46.6667             0.156              0                     0
6     12     0.48          46.6667             0.1608              0                     0
6     12     0.48          46.6667             0.1656              0                     0
6     12     0.48          46.6667             0.1704              0                     0
6     12     0.48          46.6667             0.1752              0                     0
6     12     0.48          46.6667             0.18              0                     0
6     12     0.48          46.6667             0.1848              0                     0
6     12     0.48          46.6667             0.1896              0                     0
6     12     0.48          46.6667             0.1944              0                     0
6     12     0.48          46.6667             0.1992              0.0716791                     0.0506848
6     12     0.48          46.6667             0.204              0                     0
6     12     0.48          46.6667             0.2088              0                     0
6     12     0.48          46.6667             0.2136              0.107519                     0.0620759
6     12     0.48          46.6667             0.2184              0.0716791                     0.0506848
6     12     0.48          46.6667             0.2232              0.0716791                     0.0506848
6     12     0.48          46.6667             0.228              0.179198                     0.0801397
6     12     0.48          46.6667             0.2328              0.0358396                     0.0358396
6     12     0.48          46.6667             0.2376              0.107519                     0.0620759
6     12     0.48          46.6667             0.2424              0.107519                     0.0620759
6     12     0.48          46.6667             0.2472              0.107519                     0.0620759
6     12     0.48          46.6667             0.252              0.143358                     0.0716791
6     12     0.48          46.6667             0.2568              0.286716                     0.10137
6     12     0.48          46.6667             0.2616              0.465914                     0.129221
6     12     0.48          46.6667             0.2664              0.358396                     0.113335
6     12     0.48          46.6667             0.2712              0.573433                     0.143358
6     12     0.48          46.6667             0.276              0.465914                     0.129221
6     12     0.48          46.6667             0.2808              0.82431                     0.17188
6     12     0.48          46.6667             0.2856              0.680951                     0.156221
6     12     0.48          46.6667             0.2904              1.29022                     0.215037
6     12     0.48          46.6667             0.2952              1.25438                     0.21203
6     12     0.48          46.6667             0.3              1.68446                     0.245704
6     12     0.48          46.6667             0.3048              2.11453                     0.275289
6     12     0.48          46.6667             0.3096              2.36541                     0.291162
6     12     0.48          46.6667             0.3144              2.75965                     0.314491
6     12     0.48          46.6667             0.3192              2.75965                     0.314491
6     12     0.48          46.6667             0.324              3.33308                     0.345624
6     12     0.48          46.6667             0.3288              3.33308                     0.345624
6     12     0.48          46.6667             0.3336              3.4406                     0.351154
6     12     0.48          46.6667             0.3384              4.08571                     0.382662
6     12     0.48          46.6667             0.3432              4.19323                     0.387664
6     12     0.48          46.6667             0.348              3.83483                     0.370727
6     12     0.48          46.6667             0.3528              5.05338                     0.425571
6     12     0.48          46.6667             0.3576              5.77017                     0.454753
6     12     0.48          46.6667             0.3624              5.01754                     0.424059
6     12     0.48          46.6667             0.3672              5.08922                     0.427078
6     12     0.48          46.6667             0.372              5.08922                     0.427078
6     12     0.48          46.6667             0.3768              5.98521                     0.463149
6     12     0.48          46.6667             0.3816              6.45112                     0.480838
6     12     0.48          46.6667             0.3864              5.55513                     0.446199
6     12     0.48          46.6667             0.3912              5.73433                     0.453338
6     12     0.48          46.6667             0.396              5.98521                     0.463149
6     12     0.48          46.6667             0.4008              5.44761                     0.44186
6     12     0.48          46.6667             0.4056              6.27192                     0.474113
6     12     0.48          46.6667             0.4104              5.34009                     0.437477
6     12     0.48          46.6667             0.4152              1.86366                     0.258443
6     12     0.48          46.6667             0.42              0                     0
6     12     0.48          46.6667             0.4248              0                     0
6     12     0.48          46.6667             0.4296              0                     0
6     12     0.48          46.6667             0.4344              0                     0
6     12     0.48          46.6667             0.4392              0                     0
6     12     0.48          46.6667             0.444              0                     0
6     12     0.48          46.6667             0.4488              0                     0
6     12     0.48          46.6667             0.4536              0                     0
6     12     0.48          46.6667             0.4584              0                     0
6     12     0.48          46.6667             0.4632              0                     0
6     12     0.48          46.6667             0.468              0                     0
6     12     0.48          46.6667             0.4728              0                     0
*******************************************************************************************************
 Average angle 46.6453 +- 0.820742 deg 
 Average E' 0.119909 +- 0.00210985 GeV 
