*******************************************************************************************************
Z     A     E(GeV)     Theta(deg)     Energy Loss(GeV)     Sigma(nb/sr/GeV)     ERROR     Citation     
*******************************************************************************************************
6     12     0.12          138             0.0006              1.76841                     0.216046
6     12     0.12          138             0.0018              2.16432                     0.23901
6     12     0.12          138             0.003              2.21711                     0.241907
6     12     0.12          138             0.0042              2.61303                     0.262619
6     12     0.12          138             0.0054              2.98255                     0.280574
6     12     0.12          138             0.0066              3.48404                     0.303246
6     12     0.12          138             0.0078              3.82716                     0.317828
6     12     0.12          138             0.009              3.80077                     0.31673
6     12     0.12          138             0.0102              4.24947                     0.334905
6     12     0.12          138             0.0114              5.17326                     0.369519
6     12     0.12          138             0.0126              5.22605                     0.371399
6     12     0.12          138             0.0138              4.69817                     0.352143
6     12     0.12          138             0.015              5.41081                     0.377908
6     12     0.12          138             0.0162              4.69817                     0.352143
6     12     0.12          138             0.0174              5.30524                     0.374202
6     12     0.12          138             0.0186              6.12346                     0.402025
6     12     0.12          138             0.0198              5.62197                     0.385211
6     12     0.12          138             0.021              5.9387                     0.395913
6     12     0.12          138             0.0222              5.88591                     0.39415
6     12     0.12          138             0.0234              6.07067                     0.400288
6     12     0.12          138             0.0246              5.9123                     0.395032
6     12     0.12          138             0.0258              5.70115                     0.387914
6     12     0.12          138             0.027              6.04427                     0.399417
6     12     0.12          138             0.0282              5.4636                     0.379746
6     12     0.12          138             0.0294              5.41081                     0.377908
6     12     0.12          138             0.0306              5.9123                     0.395032
6     12     0.12          138             0.0318              5.22605                     0.371399
6     12     0.12          138             0.033              4.93572                     0.360935
6     12     0.12          138             0.0342              5.0149                     0.363819
6     12     0.12          138             0.0354              5.78033                     0.390599
6     12     0.12          138             0.0366              4.88293                     0.359
6     12     0.12          138             0.0378              4.48701                     0.344138
6     12     0.12          138             0.039              4.38144                     0.340066
6     12     0.12          138             0.0402              4.59259                     0.348163
6     12     0.12          138             0.0414              4.5662                     0.347162
6     12     0.12          138             0.0426              4.35504                     0.33904
6     12     0.12          138             0.0438              4.75096                     0.354115
6     12     0.12          138             0.045              4.32865                     0.338011
6     12     0.12          138             0.0462              4.40783                     0.341088
6     12     0.12          138             0.0474              3.45764                     0.302095
6     12     0.12          138             0.0486              3.95913                     0.323262
6     12     0.12          138             0.0498              3.69519                     0.3123
6     12     0.12          138             0.051              3.6424                     0.310062
6     12     0.12          138             0.0522              2.92976                     0.27808
6     12     0.12          138             0.0534              3.08812                     0.285497
6     12     0.12          138             0.0546              2.48106                     0.255901
6     12     0.12          138             0.0558              2.45466                     0.254536
6     12     0.12          138             0.057              2.85057                     0.274297
6     12     0.12          138             0.0582              2.50745                     0.257259
6     12     0.12          138             0.0594              2.05875                     0.233107
6     12     0.12          138             0.0606              1.92678                     0.225512
6     12     0.12          138             0.0618              1.90038                     0.223962
6     12     0.12          138             0.063              2.19072                     0.240463
6     12     0.12          138             0.0642              2.13793                     0.237548
6     12     0.12          138             0.0654              1.61005                     0.206145
6     12     0.12          138             0.0666              1.13495                     0.173078
6     12     0.12          138             0.0678              1.08216                     0.169005
6     12     0.12          138             0.069              1.26692                     0.182864
6     12     0.12          138             0.0702              1.08216                     0.169005
6     12     0.12          138             0.0714              1.08216                     0.169005
6     12     0.12          138             0.0726              0.131971                     0.0590192
6     12     0.12          138             0.0738              0                     0
6     12     0.12          138             0.075              0                     0
6     12     0.12          138             0.0762              0                     0
6     12     0.12          138             0.0774              0                     0
6     12     0.12          138             0.0786              0                     0
6     12     0.12          138             0.0798              0                     0
6     12     0.12          138             0.081              0                     0
6     12     0.12          138             0.0822              0                     0
6     12     0.12          138             0.0834              0                     0
6     12     0.12          138             0.0846              0                     0
6     12     0.12          138             0.0858              0                     0
6     12     0.12          138             0.087              0                     0
6     12     0.12          138             0.0882              0                     0
6     12     0.12          138             0.0894              0                     0
6     12     0.12          138             0.0906              0                     0
6     12     0.12          138             0.0918              0                     0
6     12     0.12          138             0.093              0                     0
6     12     0.12          138             0.0942              0                     0
6     12     0.12          138             0.0954              0                     0
6     12     0.12          138             0.0966              0                     0
6     12     0.12          138             0.0978              0                     0
6     12     0.12          138             0.099              0                     0
6     12     0.12          138             0.1002              0                     0
6     12     0.12          138             0.1014              0                     0
6     12     0.12          138             0.1026              0                     0
6     12     0.12          138             0.1038              0                     0
6     12     0.12          138             0.105              0                     0
6     12     0.12          138             0.1062              0                     0
6     12     0.12          138             0.1074              0                     0
6     12     0.12          138             0.1086              0                     0
6     12     0.12          138             0.1098              0                     0
6     12     0.12          138             0.111              0                     0
6     12     0.12          138             0.1122              0                     0
6     12     0.12          138             0.1134              0                     0
6     12     0.12          138             0.1146              0                     0
6     12     0.12          138             0.1158              0                     0
6     12     0.12          138             0.117              0                     0
6     12     0.12          138             0.1182              0                     0
*******************************************************************************************************
 Average angle 138.484 +- 1.47683 deg 
 Average E' 0.0883998 +- 0.00094272 GeV 
