*******************************************************************************************************
Z     A     E(GeV)     Theta(deg)     Energy Loss(GeV)     Sigma(nb/sr/GeV)     ERROR     Citation     
*******************************************************************************************************
6     12     0.1          134             0.0005              5.22359                     0.321489
6     12     0.1          134             0.0015              6.03482                     0.345553
6     12     0.1          134             0.0025              6.43055                     0.356703
6     12     0.1          134             0.0035              7.16264                     0.37646
6     12     0.1          134             0.0045              8.88405                     0.419264
6     12     0.1          134             0.0055              9.27978                     0.4285
6     12     0.1          134             0.0065              9.57657                     0.435299
6     12     0.1          134             0.0075              10.4274                     0.454224
6     12     0.1          134             0.0085              10.5461                     0.456802
6     12     0.1          134             0.0095              11.4167                     0.475283
6     12     0.1          134             0.0105              12.6237                     0.499776
6     12     0.1          134             0.0115              12.8017                     0.503288
6     12     0.1          134             0.0125              13.2766                     0.512538
6     12     0.1          134             0.0135              13.2173                     0.511391
6     12     0.1          134             0.0145              13.9691                     0.525735
6     12     0.1          134             0.0155              14.0285                     0.526851
6     12     0.1          134             0.0165              14.1472                     0.529076
6     12     0.1          134             0.0175              14.1472                     0.529076
6     12     0.1          134             0.0185              14.721                     0.539699
6     12     0.1          134             0.0195              14.6221                     0.537882
6     12     0.1          134             0.0205              15.7499                     0.558241
6     12     0.1          134             0.0215              14.0879                     0.527965
6     12     0.1          134             0.0225              13.7713                     0.521999
6     12     0.1          134             0.0235              12.6632                     0.500558
6     12     0.1          134             0.0245              13.9493                     0.525363
6     12     0.1          134             0.0255              12.5445                     0.498207
6     12     0.1          134             0.0265              12.406                     0.495449
6     12     0.1          134             0.0275              12.9996                     0.507163
6     12     0.1          134             0.0285              12.3664                     0.494658
6     12     0.1          134             0.0295              10.6252                     0.458513
6     12     0.1          134             0.0305              11.7135                     0.481422
6     12     0.1          134             0.0315              11.3376                     0.473633
6     12     0.1          134             0.0325              10.645                     0.45894
6     12     0.1          134             0.0335              10.2295                     0.449894
6     12     0.1          134             0.0345              9.99209                     0.444642
6     12     0.1          134             0.0355              10.2691                     0.450763
6     12     0.1          134             0.0365              9.47764                     0.433045
6     12     0.1          134             0.0375              8.34982                     0.406463
6     12     0.1          134             0.0385              8.44875                     0.408864
6     12     0.1          134             0.0395              7.57816                     0.387226
6     12     0.1          134             0.0405              7.34072                     0.381111
6     12     0.1          134             0.0415              1.7412                     0.185612
6     12     0.1          134             0.0425              0                     0
6     12     0.1          134             0.0435              0                     0
6     12     0.1          134             0.0445              0                     0
6     12     0.1          134             0.0455              0                     0
6     12     0.1          134             0.0465              0                     0
6     12     0.1          134             0.0475              0                     0
6     12     0.1          134             0.0485              0                     0
6     12     0.1          134             0.0495              0                     0
6     12     0.1          134             0.0505              0                     0
6     12     0.1          134             0.0515              0                     0
6     12     0.1          134             0.0525              0                     0
6     12     0.1          134             0.0535              0                     0
6     12     0.1          134             0.0545              0                     0
6     12     0.1          134             0.0555              0                     0
6     12     0.1          134             0.0565              0                     0
6     12     0.1          134             0.0575              0                     0
6     12     0.1          134             0.0585              0                     0
6     12     0.1          134             0.0595              0                     0
6     12     0.1          134             0.0605              0                     0
6     12     0.1          134             0.0615              0                     0
6     12     0.1          134             0.0625              0                     0
6     12     0.1          134             0.0635              0                     0
6     12     0.1          134             0.0645              0                     0
6     12     0.1          134             0.0655              0                     0
6     12     0.1          134             0.0665              0                     0
6     12     0.1          134             0.0675              0                     0
6     12     0.1          134             0.0685              0                     0
6     12     0.1          134             0.0695              0                     0
6     12     0.1          134             0.0705              0                     0
6     12     0.1          134             0.0715              0                     0
6     12     0.1          134             0.0725              0                     0
6     12     0.1          134             0.0735              0                     0
6     12     0.1          134             0.0745              0                     0
6     12     0.1          134             0.0755              0                     0
6     12     0.1          134             0.0765              0                     0
6     12     0.1          134             0.0775              0                     0
6     12     0.1          134             0.0785              0                     0
6     12     0.1          134             0.0795              0                     0
6     12     0.1          134             0.0805              0                     0
6     12     0.1          134             0.0815              0                     0
6     12     0.1          134             0.0825              0                     0
6     12     0.1          134             0.0835              0                     0
6     12     0.1          134             0.0845              0                     0
6     12     0.1          134             0.0855              0                     0
6     12     0.1          134             0.0865              0                     0
6     12     0.1          134             0.0875              0                     0
6     12     0.1          134             0.0885              0                     0
6     12     0.1          134             0.0895              0                     0
6     12     0.1          134             0.0905              0                     0
6     12     0.1          134             0.0915              0                     0
6     12     0.1          134             0.0925              0                     0
6     12     0.1          134             0.0935              0                     0
6     12     0.1          134             0.0945              0                     0
6     12     0.1          134             0.0955              0                     0
6     12     0.1          134             0.0965              0                     0
6     12     0.1          134             0.0975              0                     0
6     12     0.1          134             0.0985              0                     0
*******************************************************************************************************
 Average angle 134.488 +- 0.881249 deg 
 Average E' 0.0792162 +- 0.000519074 GeV 
