*******************************************************************************************************
Z     A     E(GeV)     Theta(deg)     Energy Loss(GeV)     Sigma(nb/sr/GeV)     ERROR     Citation     
*******************************************************************************************************
6     12     0.48          84             0.0024              0                     0
6     12     0.48          84             0.0072              0                     0
6     12     0.48          84             0.012              0                     0
6     12     0.48          84             0.0168              0                     0
6     12     0.48          84             0.0216              0                     0
6     12     0.48          84             0.0264              0                     0
6     12     0.48          84             0.0312              0                     0
6     12     0.48          84             0.036              0                     0
6     12     0.48          84             0.0408              0                     0
6     12     0.48          84             0.0456              0                     0
6     12     0.48          84             0.0504              0                     0
6     12     0.48          84             0.0552              0                     0
6     12     0.48          84             0.06              0                     0
6     12     0.48          84             0.0648              0                     0
6     12     0.48          84             0.0696              0                     0
6     12     0.48          84             0.0744              0                     0
6     12     0.48          84             0.0792              0                     0
6     12     0.48          84             0.084              0                     0
6     12     0.48          84             0.0888              0                     0
6     12     0.48          84             0.0936              0                     0
6     12     0.48          84             0.0984              0                     0
6     12     0.48          84             0.1032              0                     0
6     12     0.48          84             0.108              0                     0
6     12     0.48          84             0.1128              0                     0
6     12     0.48          84             0.1176              0                     0
6     12     0.48          84             0.1224              0                     0
6     12     0.48          84             0.1272              0                     0
6     12     0.48          84             0.132              0                     0
6     12     0.48          84             0.1368              0                     0
6     12     0.48          84             0.1416              0                     0
6     12     0.48          84             0.1464              0                     0
6     12     0.48          84             0.1512              0                     0
6     12     0.48          84             0.156              0                     0
6     12     0.48          84             0.1608              0                     0
6     12     0.48          84             0.1656              0                     0
6     12     0.48          84             0.1704              0                     0
6     12     0.48          84             0.1752              0                     0
6     12     0.48          84             0.18              0                     0
6     12     0.48          84             0.1848              0                     0
6     12     0.48          84             0.1896              0                     0
6     12     0.48          84             0.1944              0                     0
6     12     0.48          84             0.1992              0                     0
6     12     0.48          84             0.204              0                     0
6     12     0.48          84             0.2088              0                     0
6     12     0.48          84             0.2136              0                     0
6     12     0.48          84             0.2184              0                     0
6     12     0.48          84             0.2232              0                     0
6     12     0.48          84             0.228              0                     0
6     12     0.48          84             0.2328              0                     0
6     12     0.48          84             0.2376              0                     0
6     12     0.48          84             0.2424              0.0262123                     0.0262123
6     12     0.48          84             0.2472              0                     0
6     12     0.48          84             0.252              0                     0
6     12     0.48          84             0.2568              0                     0
6     12     0.48          84             0.2616              0                     0
6     12     0.48          84             0.2664              0.0262123                     0.0262123
6     12     0.48          84             0.2712              0                     0
6     12     0.48          84             0.276              0.0262123                     0.0262123
6     12     0.48          84             0.2808              0                     0
6     12     0.48          84             0.2856              0                     0
6     12     0.48          84             0.2904              0.0524247                     0.0370698
6     12     0.48          84             0.2952              0.104849                     0.0524247
6     12     0.48          84             0.3              0.0262123                     0.0262123
6     12     0.48          84             0.3048              0.262123                     0.0828907
6     12     0.48          84             0.3096              0.131062                     0.0586126
6     12     0.48          84             0.3144              0.366973                     0.0980776
6     12     0.48          84             0.3192              0.235911                     0.078637
6     12     0.48          84             0.324              0.183486                     0.0693513
6     12     0.48          84             0.3288              0.183486                     0.0693513
6     12     0.48          84             0.3336              0.44561                     0.108076
6     12     0.48          84             0.3384              0.550459                     0.12012
6     12     0.48          84             0.3432              0.576671                     0.122947
6     12     0.48          84             0.348              0.733945                     0.138703
6     12     0.48          84             0.3528              0.943644                     0.157274
6     12     0.48          84             0.3576              0.760158                     0.141158
6     12     0.48          84             0.3624              0.655308                     0.131062
6     12     0.48          84             0.3672              0.943644                     0.157274
6     12     0.48          84             0.372              1.07471                     0.167841
6     12     0.48          84             0.3768              1.17956                     0.175838
6     12     0.48          84             0.3816              1.59895                     0.204725
6     12     0.48          84             0.3864              1.17956                     0.175838
6     12     0.48          84             0.3912              1.7038                     0.211331
6     12     0.48          84             0.396              1.17956                     0.175838
6     12     0.48          84             0.4008              1.73001                     0.21295
6     12     0.48          84             0.4056              1.93971                     0.225487
6     12     0.48          84             0.4104              1.75623                     0.214557
6     12     0.48          84             0.4152              2.1232                     0.235911
6     12     0.48          84             0.42              1.99214                     0.228514
6     12     0.48          84             0.4248              1.33683                     0.187194
6     12     0.48          84             0.4296              2.35911                     0.248672
6     12     0.48          84             0.4344              1.62517                     0.206396
6     12     0.48          84             0.4392              2.22805                     0.241666
6     12     0.48          84             0.444              1.78244                     0.216152
6     12     0.48          84             0.4488              1.83486                     0.219308
6     12     0.48          84             0.4536              1.78244                     0.216152
6     12     0.48          84             0.4584              0.262123                     0.0828907
6     12     0.48          84             0.4632              0                     0
6     12     0.48          84             0.468              0                     0
6     12     0.48          84             0.4728              0                     0
*******************************************************************************************************
 Average angle 83.9624 +- 2.20801 deg 
 Average E' 0.0774558 +- 0.0020369 GeV 
