*******************************************************************************************************
Z     A     E(GeV)     Theta(deg)     Energy Loss(GeV)     Sigma(nb/sr/GeV)     ERROR     Citation     
*******************************************************************************************************
6     12     0.32          40             0.0016              57.4571                     1.66911
6     12     0.32          40             0.0048              86.7432                     2.05083
6     12     0.32          40             0.008              116.126                     2.37289
6     12     0.32          40             0.0112              133.824                     2.5473
6     12     0.32          40             0.0144              154.092                     2.73339
6     12     0.32          40             0.0176              161.413                     2.79758
6     12     0.32          40             0.0208              172.614                     2.89301
6     12     0.32          40             0.024              174.796                     2.91124
6     12     0.32          40             0.0272              182.893                     2.97791
6     12     0.32          40             0.0304              171.304                     2.88202
6     12     0.32          40             0.0336              168.638                     2.8595
6     12     0.32          40             0.0368              164.177                     2.82143
6     12     0.32          40             0.04              159.765                     2.78325
6     12     0.32          40             0.0432              158.068                     2.76843
6     12     0.32          40             0.0464              141.63                     2.62054
6     12     0.32          40             0.0496              136.442                     2.5721
6     12     0.32          40             0.0528              123.06                     2.4427
6     12     0.32          40             0.056              113.944                     2.35049
6     12     0.32          40             0.0592              104.199                     2.24773
6     12     0.32          40             0.0624              96.1012                     2.15862
6     12     0.32          40             0.0656              86.0644                     2.04279
6     12     0.32          40             0.0688              71.5183                     1.86218
6     12     0.32          40             0.072              64.1483                     1.76362
6     12     0.32          40             0.0752              53.0447                     1.60374
6     12     0.32          40             0.0784              48.0506                     1.52638
6     12     0.32          40             0.0816              43.4928                     1.45218
6     12     0.32          40             0.0848              36.8986                     1.33757
6     12     0.32          40             0.088              29.771                     1.20146
6     12     0.32          40             0.0912              27.783                     1.16065
6     12     0.32          40             0.0944              20.8979                     1.00662
6     12     0.32          40             0.0976              18.3281                     0.942695
6     12     0.32          40             0.1008              16.1946                     0.886132
6     12     0.32          40             0.104              14.0612                     0.825703
6     12     0.32          40             0.1072              12.5096                     0.778816
6     12     0.32          40             0.1104              10.3762                     0.709303
6     12     0.32          40             0.1136              8.87312                     0.65592
6     12     0.32          40             0.1168              8.87312                     0.65592
6     12     0.32          40             0.12              7.70943                     0.611397
6     12     0.32          40             0.1232              7.85489                     0.617138
6     12     0.32          40             0.1264              6.73969                     0.571653
6     12     0.32          40             0.1296              6.73969                     0.571653
6     12     0.32          40             0.1328              5.576                     0.519965
6     12     0.32          40             0.136              5.52752                     0.517699
6     12     0.32          40             0.1392              6.15785                     0.54642
6     12     0.32          40             0.1424              5.04265                     0.494472
6     12     0.32          40             0.1456              5.576                     0.519965
6     12     0.32          40             0.1488              4.80021                     0.482439
6     12     0.32          40             0.152              5.62449                     0.522221
6     12     0.32          40             0.1552              5.9639                     0.537747
6     12     0.32          40             0.1584              4.89718                     0.487288
6     12     0.32          40             0.1616              5.28508                     0.506219
6     12     0.32          40             0.1648              5.576                     0.519965
6     12     0.32          40             0.168              5.81844                     0.531148
6     12     0.32          40             0.1712              4.89718                     0.487288
6     12     0.32          40             0.1744              4.89718                     0.487288
6     12     0.32          40             0.1776              5.76995                     0.52893
6     12     0.32          40             0.1808              4.16988                     0.44965
6     12     0.32          40             0.184              3.92744                     0.436383
6     12     0.32          40             0.1872              2.86073                     0.372436
6     12     0.32          40             0.1904              1.5031                     0.269964
6     12     0.32          40             0.1936              0.339409                     0.128284
6     12     0.32          40             0.1968              0                     0
6     12     0.32          40             0.2              0                     0
6     12     0.32          40             0.2032              0                     0
6     12     0.32          40             0.2064              0                     0
6     12     0.32          40             0.2096              0                     0
6     12     0.32          40             0.2128              0                     0
6     12     0.32          40             0.216              0                     0
6     12     0.32          40             0.2192              0                     0
6     12     0.32          40             0.2224              0                     0
6     12     0.32          40             0.2256              0                     0
6     12     0.32          40             0.2288              0                     0
6     12     0.32          40             0.232              0                     0
6     12     0.32          40             0.2352              0                     0
6     12     0.32          40             0.2384              0                     0
6     12     0.32          40             0.2416              0                     0
6     12     0.32          40             0.2448              0                     0
6     12     0.32          40             0.248              0                     0
6     12     0.32          40             0.2512              0                     0
6     12     0.32          40             0.2544              0                     0
6     12     0.32          40             0.2576              0                     0
6     12     0.32          40             0.2608              0                     0
6     12     0.32          40             0.264              0                     0
6     12     0.32          40             0.2672              0                     0
6     12     0.32          40             0.2704              0                     0
6     12     0.32          40             0.2736              0                     0
6     12     0.32          40             0.2768              0                     0
6     12     0.32          40             0.28              0                     0
6     12     0.32          40             0.2832              0                     0
6     12     0.32          40             0.2864              0                     0
6     12     0.32          40             0.2896              0                     0
6     12     0.32          40             0.2928              0                     0
6     12     0.32          40             0.296              0                     0
6     12     0.32          40             0.2992              0                     0
6     12     0.32          40             0.3024              0                     0
6     12     0.32          40             0.3056              0                     0
6     12     0.32          40             0.3088              0                     0
6     12     0.32          40             0.312              0                     0
6     12     0.32          40             0.3152              0                     0
*******************************************************************************************************
 Average angle 39.9513 +- 0.14931 deg 
 Average E' 0.275628 +- 0.00103011 GeV 
