*******************************************************************************************************
Z     A     E(GeV)     Theta(deg)     Energy Loss(GeV)     Sigma(nb/sr/GeV)     ERROR     Citation     
*******************************************************************************************************
6     12     0.32          110             0.0016              0                     0
6     12     0.32          110             0.0048              0                     0
6     12     0.32          110             0.008              0                     0
6     12     0.32          110             0.0112              0                     0
6     12     0.32          110             0.0144              0                     0
6     12     0.32          110             0.0176              0.033167                     0.033167
6     12     0.32          110             0.0208              0.0663341                     0.0469053
6     12     0.32          110             0.024              0.033167                     0.033167
6     12     0.32          110             0.0272              0.033167                     0.033167
6     12     0.32          110             0.0304              0.265336                     0.0938106
6     12     0.32          110             0.0336              0.232169                     0.0877517
6     12     0.32          110             0.0368              0.298503                     0.0995011
6     12     0.32          110             0.04              0.398005                     0.114894
6     12     0.32          110             0.0432              0.431172                     0.119585
6     12     0.32          110             0.0464              0.56384                     0.136751
6     12     0.32          110             0.0496              0.696508                     0.15199
6     12     0.32          110             0.0528              0.630174                     0.144572
6     12     0.32          110             0.056              0.961844                     0.17861
6     12     0.32          110             0.0592              0.663341                     0.148328
6     12     0.32          110             0.0624              0.862343                     0.169119
6     12     0.32          110             0.0656              0.89551                     0.172341
6     12     0.32          110             0.0688              1.29351                     0.207128
6     12     0.32          110             0.072              1.29351                     0.207128
6     12     0.32          110             0.0752              2.02319                     0.259043
6     12     0.32          110             0.0784              1.62519                     0.232169
6     12     0.32          110             0.0816              2.38803                     0.281432
6     12     0.32          110             0.0848              2.08952                     0.263255
6     12     0.32          110             0.088              2.5207                     0.289144
6     12     0.32          110             0.0912              2.02319                     0.259043
6     12     0.32          110             0.0944              1.85735                     0.248199
6     12     0.32          110             0.0976              2.55386                     0.29104
6     12     0.32          110             0.1008              2.45436                     0.285314
6     12     0.32          110             0.104              1.89052                     0.250406
6     12     0.32          110             0.1072              2.15586                     0.267401
6     12     0.32          110             0.1104              2.02319                     0.259043
6     12     0.32          110             0.1136              2.65336                     0.296655
6     12     0.32          110             0.1168              2.88553                     0.309362
6     12     0.32          110             0.12              2.75286                     0.302166
6     12     0.32          110             0.1232              2.22219                     0.271484
6     12     0.32          110             0.1264              2.25536                     0.273502
6     12     0.32          110             0.1296              2.05636                     0.261158
6     12     0.32          110             0.1328              1.89052                     0.250406
6     12     0.32          110             0.136              2.15586                     0.267401
6     12     0.32          110             0.1392              1.82419                     0.245973
6     12     0.32          110             0.1424              2.08952                     0.263255
6     12     0.32          110             0.1456              1.62519                     0.232169
6     12     0.32          110             0.1488              1.75785                     0.24146
6     12     0.32          110             0.152              1.75785                     0.24146
6     12     0.32          110             0.1552              1.35985                     0.212373
6     12     0.32          110             0.1584              1.55885                     0.227382
6     12     0.32          110             0.1616              1.16085                     0.196219
6     12     0.32          110             0.1648              1.42618                     0.217491
6     12     0.32          110             0.168              1.29351                     0.207128
6     12     0.32          110             0.1712              0.961844                     0.17861
6     12     0.32          110             0.1744              1.16085                     0.196219
6     12     0.32          110             0.1776              1.22718                     0.201747
6     12     0.32          110             0.1808              0.829176                     0.165835
6     12     0.32          110             0.184              0.961844                     0.17861
6     12     0.32          110             0.1872              0.663341                     0.148328
6     12     0.32          110             0.1904              0.696508                     0.15199
6     12     0.32          110             0.1936              1.02818                     0.184666
6     12     0.32          110             0.1968              0.696508                     0.15199
6     12     0.32          110             0.2              0.89551                     0.172341
6     12     0.32          110             0.2032              0.89551                     0.172341
6     12     0.32          110             0.2064              0.762842                     0.159064
6     12     0.32          110             0.2096              0.696508                     0.15199
6     12     0.32          110             0.2128              1.09451                     0.19053
6     12     0.32          110             0.216              0.89551                     0.172341
6     12     0.32          110             0.2192              0.497506                     0.128455
6     12     0.32          110             0.2224              0.464339                     0.1241
6     12     0.32          110             0.2256              0.630174                     0.144572
6     12     0.32          110             0.2288              0.762842                     0.159064
6     12     0.32          110             0.232              0.729675                     0.155567
6     12     0.32          110             0.2352              0.89551                     0.172341
6     12     0.32          110             0.2384              0.829176                     0.165835
6     12     0.32          110             0.2416              0.995011                     0.181663
6     12     0.32          110             0.2448              0.796009                     0.162485
6     12     0.32          110             0.248              0.928677                     0.175503
6     12     0.32          110             0.2512              0.961844                     0.17861
6     12     0.32          110             0.2544              0.829176                     0.165835
6     12     0.32          110             0.2576              0.796009                     0.162485
6     12     0.32          110             0.2608              0.829176                     0.165835
6     12     0.32          110             0.264              1.29351                     0.207128
6     12     0.32          110             0.2672              1.02818                     0.184666
6     12     0.32          110             0.2704              0.762842                     0.159064
6     12     0.32          110             0.2736              1.19401                     0.199002
6     12     0.32          110             0.2768              1.62519                     0.232169
6     12     0.32          110             0.28              1.35985                     0.212373
6     12     0.32          110             0.2832              1.69152                     0.23686
6     12     0.32          110             0.2864              1.72469                     0.239171
6     12     0.32          110             0.2896              2.02319                     0.259043
6     12     0.32          110             0.2928              1.92369                     0.252593
6     12     0.32          110             0.296              1.19401                     0.199002
6     12     0.32          110             0.2992              0                     0
6     12     0.32          110             0.3024              0                     0
6     12     0.32          110             0.3056              0                     0
6     12     0.32          110             0.3088              0                     0
6     12     0.32          110             0.312              0                     0
6     12     0.32          110             0.3152              0                     0
*******************************************************************************************************
 Average angle 109.978 +- 1.90783 deg 
 Average E' 0.162345 +- 0.00281626 GeV 
