*******************************************************************************************************
Z     A     E(GeV)     Theta(deg)     Energy Loss(GeV)     Sigma(nb/sr/GeV)     ERROR     Citation     
*******************************************************************************************************
6     12     0.4          102.5             0.002              0                     0
6     12     0.4          102.5             0.006              0                     0
6     12     0.4          102.5             0.01              0                     0
6     12     0.4          102.5             0.014              0                     0
6     12     0.4          102.5             0.018              0                     0
6     12     0.4          102.5             0.022              0                     0
6     12     0.4          102.5             0.026              0                     0
6     12     0.4          102.5             0.03              0                     0
6     12     0.4          102.5             0.034              0                     0
6     12     0.4          102.5             0.038              0                     0
6     12     0.4          102.5             0.042              0                     0
6     12     0.4          102.5             0.046              0                     0
6     12     0.4          102.5             0.05              0                     0
6     12     0.4          102.5             0.054              0                     0
6     12     0.4          102.5             0.058              0                     0
6     12     0.4          102.5             0.062              0                     0
6     12     0.4          102.5             0.066              0                     0
6     12     0.4          102.5             0.07              0                     0
6     12     0.4          102.5             0.074              0                     0
6     12     0.4          102.5             0.078              0                     0
6     12     0.4          102.5             0.082              0                     0
6     12     0.4          102.5             0.086              0                     0
6     12     0.4          102.5             0.09              0                     0
6     12     0.4          102.5             0.094              0                     0
6     12     0.4          102.5             0.098              0                     0
6     12     0.4          102.5             0.102              0                     0
6     12     0.4          102.5             0.106              0                     0
6     12     0.4          102.5             0.11              0                     0
6     12     0.4          102.5             0.114              0                     0
6     12     0.4          102.5             0.118              0                     0
6     12     0.4          102.5             0.122              0                     0
6     12     0.4          102.5             0.126              0                     0
6     12     0.4          102.5             0.13              0                     0
6     12     0.4          102.5             0.134              0                     0
6     12     0.4          102.5             0.138              0                     0
6     12     0.4          102.5             0.142              0                     0
6     12     0.4          102.5             0.146              0                     0
6     12     0.4          102.5             0.15              0                     0
6     12     0.4          102.5             0.154              0                     0
6     12     0.4          102.5             0.158              0                     0
6     12     0.4          102.5             0.162              0                     0
6     12     0.4          102.5             0.166              0                     0
6     12     0.4          102.5             0.17              0                     0
6     12     0.4          102.5             0.174              0                     0
6     12     0.4          102.5             0.178              0                     0
6     12     0.4          102.5             0.182              0                     0
6     12     0.4          102.5             0.186              0                     0
6     12     0.4          102.5             0.19              0                     0
6     12     0.4          102.5             0.194              0                     0
6     12     0.4          102.5             0.198              0                     0
6     12     0.4          102.5             0.202              0                     0
6     12     0.4          102.5             0.206              0                     0
6     12     0.4          102.5             0.21              0                     0
6     12     0.4          102.5             0.214              0.0295584                     0.0295584
6     12     0.4          102.5             0.218              0                     0
6     12     0.4          102.5             0.222              0                     0
6     12     0.4          102.5             0.226              0                     0
6     12     0.4          102.5             0.23              0                     0
6     12     0.4          102.5             0.234              0.0295584                     0.0295584
6     12     0.4          102.5             0.238              0.0295584                     0.0295584
6     12     0.4          102.5             0.242              0.0886751                     0.0511966
6     12     0.4          102.5             0.246              0.0295584                     0.0295584
6     12     0.4          102.5             0.25              0.0591167                     0.0418018
6     12     0.4          102.5             0.254              0.0886751                     0.0511966
6     12     0.4          102.5             0.258              0.0591167                     0.0418018
6     12     0.4          102.5             0.262              0.0295584                     0.0295584
6     12     0.4          102.5             0.266              0.118233                     0.0591167
6     12     0.4          102.5             0.27              0.118233                     0.0591167
6     12     0.4          102.5             0.274              0.0295584                     0.0295584
6     12     0.4          102.5             0.278              0.0591167                     0.0418018
6     12     0.4          102.5             0.282              0.206909                     0.0782041
6     12     0.4          102.5             0.286              0.206909                     0.0782041
6     12     0.4          102.5             0.29              0                     0
6     12     0.4          102.5             0.294              0.147792                     0.0660945
6     12     0.4          102.5             0.298              0.0295584                     0.0295584
6     12     0.4          102.5             0.302              0.0591167                     0.0418018
6     12     0.4          102.5             0.306              0.0886751                     0.0511966
6     12     0.4          102.5             0.31              0.147792                     0.0660945
6     12     0.4          102.5             0.314              0.17735                     0.0724029
6     12     0.4          102.5             0.318              0.206909                     0.0782041
6     12     0.4          102.5             0.322              0.17735                     0.0724029
6     12     0.4          102.5             0.326              0.0591167                     0.0418018
6     12     0.4          102.5             0.33              0.118233                     0.0591167
6     12     0.4          102.5             0.334              0.118233                     0.0591167
6     12     0.4          102.5             0.338              0.206909                     0.0782041
6     12     0.4          102.5             0.342              0.17735                     0.0724029
6     12     0.4          102.5             0.346              0.0295584                     0.0295584
6     12     0.4          102.5             0.35              0                     0
6     12     0.4          102.5             0.354              0.118233                     0.0591167
6     12     0.4          102.5             0.358              0.0886751                     0.0511966
6     12     0.4          102.5             0.362              0.147792                     0.0660945
6     12     0.4          102.5             0.366              0.118233                     0.0591167
6     12     0.4          102.5             0.37              0.295584                     0.0934718
6     12     0.4          102.5             0.374              0.147792                     0.0660945
6     12     0.4          102.5             0.378              0.0295584                     0.0295584
6     12     0.4          102.5             0.382              0                     0
6     12     0.4          102.5             0.386              0                     0
6     12     0.4          102.5             0.39              0                     0
6     12     0.4          102.5             0.394              0                     0
*******************************************************************************************************
 Average angle 102.454 +- 8.95141 deg 
 Average E' 0.0846475 +- 0.00739569 GeV 
