*******************************************************************************************************
Z     A     E(GeV)     Theta(deg)     Energy Loss(GeV)     Sigma(nb/sr/GeV)     ERROR     Citation     
*******************************************************************************************************
6     12     0.24          166             0.0012              0                     0
6     12     0.24          166             0.0036              0                     0
6     12     0.24          166             0.006              0                     0
6     12     0.24          166             0.0084              0                     0
6     12     0.24          166             0.0108              0                     0
6     12     0.24          166             0.0132              0                     0
6     12     0.24          166             0.0156              0.136182                     0.136182
6     12     0.24          166             0.018              0                     0
6     12     0.24          166             0.0204              0                     0
6     12     0.24          166             0.0228              0                     0
6     12     0.24          166             0.0252              0                     0
6     12     0.24          166             0.0276              0.544727                     0.272364
6     12     0.24          166             0.03              0                     0
6     12     0.24          166             0.0324              0.408545                     0.235874
6     12     0.24          166             0.0348              0.272364                     0.19259
6     12     0.24          166             0.0372              0.817091                     0.333576
6     12     0.24          166             0.0396              0.544727                     0.272364
6     12     0.24          166             0.042              0.544727                     0.272364
6     12     0.24          166             0.0444              0.544727                     0.272364
6     12     0.24          166             0.0468              0.817091                     0.333576
6     12     0.24          166             0.0492              1.36182                     0.430645
6     12     0.24          166             0.0516              0.953273                     0.360303
6     12     0.24          166             0.054              1.08945                     0.38518
6     12     0.24          166             0.0564              1.22564                     0.408545
6     12     0.24          166             0.0588              1.90655                     0.509546
6     12     0.24          166             0.0612              1.63418                     0.471748
6     12     0.24          166             0.0636              0.680909                     0.304512
6     12     0.24          166             0.066              1.498                     0.451664
6     12     0.24          166             0.0684              1.498                     0.451664
6     12     0.24          166             0.0708              1.90655                     0.509546
6     12     0.24          166             0.0732              1.63418                     0.471748
6     12     0.24          166             0.0756              1.498                     0.451664
6     12     0.24          166             0.078              2.17891                     0.544727
6     12     0.24          166             0.0804              2.04273                     0.52743
6     12     0.24          166             0.0828              2.31509                     0.561492
6     12     0.24          166             0.0852              1.90655                     0.509546
6     12     0.24          166             0.0876              1.63418                     0.471748
6     12     0.24          166             0.09              1.90655                     0.509546
6     12     0.24          166             0.0924              2.31509                     0.561492
6     12     0.24          166             0.0948              1.08945                     0.38518
6     12     0.24          166             0.0972              2.58745                     0.593603
6     12     0.24          166             0.0996              1.498                     0.451664
6     12     0.24          166             0.102              1.36182                     0.430645
6     12     0.24          166             0.1044              1.08945                     0.38518
6     12     0.24          166             0.1068              2.04273                     0.52743
6     12     0.24          166             0.1092              1.22564                     0.408545
6     12     0.24          166             0.1116              2.72364                     0.609023
6     12     0.24          166             0.114              1.08945                     0.38518
6     12     0.24          166             0.1164              1.90655                     0.509546
6     12     0.24          166             0.1188              2.31509                     0.561492
6     12     0.24          166             0.1212              0.680909                     0.304512
6     12     0.24          166             0.1236              0.680909                     0.304512
6     12     0.24          166             0.126              1.77036                     0.49101
6     12     0.24          166             0.1284              1.36182                     0.430645
6     12     0.24          166             0.1308              0.817091                     0.333576
6     12     0.24          166             0.1332              1.08945                     0.38518
6     12     0.24          166             0.1356              0.953273                     0.360303
6     12     0.24          166             0.138              1.22564                     0.408545
6     12     0.24          166             0.1404              1.36182                     0.430645
6     12     0.24          166             0.1428              0.953273                     0.360303
6     12     0.24          166             0.1452              0.680909                     0.304512
6     12     0.24          166             0.1476              0.544727                     0.272364
6     12     0.24          166             0.15              0.544727                     0.272364
6     12     0.24          166             0.1524              0.680909                     0.304512
6     12     0.24          166             0.1548              0.817091                     0.333576
6     12     0.24          166             0.1572              0.272364                     0.19259
6     12     0.24          166             0.1596              0.680909                     0.304512
6     12     0.24          166             0.162              0.817091                     0.333576
6     12     0.24          166             0.1644              0.817091                     0.333576
6     12     0.24          166             0.1668              0.272364                     0.19259
6     12     0.24          166             0.1692              1.08945                     0.38518
6     12     0.24          166             0.1716              0.680909                     0.304512
6     12     0.24          166             0.174              0.544727                     0.272364
6     12     0.24          166             0.1764              0.272364                     0.19259
6     12     0.24          166             0.1788              0.136182                     0.136182
6     12     0.24          166             0.1812              0.544727                     0.272364
6     12     0.24          166             0.1836              0.680909                     0.304512
6     12     0.24          166             0.186              0.408545                     0.235874
6     12     0.24          166             0.1884              0.817091                     0.333576
6     12     0.24          166             0.1908              0.817091                     0.333576
6     12     0.24          166             0.1932              0.544727                     0.272364
6     12     0.24          166             0.1956              0.544727                     0.272364
6     12     0.24          166             0.198              0.272364                     0.19259
6     12     0.24          166             0.2004              0.953273                     0.360303
6     12     0.24          166             0.2028              0.136182                     0.136182
6     12     0.24          166             0.2052              1.36182                     0.430645
6     12     0.24          166             0.2076              0.544727                     0.272364
6     12     0.24          166             0.21              0.408545                     0.235874
6     12     0.24          166             0.2124              0.680909                     0.304512
6     12     0.24          166             0.2148              1.08945                     0.38518
6     12     0.24          166             0.2172              0.817091                     0.333576
6     12     0.24          166             0.2196              0.136182                     0.136182
6     12     0.24          166             0.222              0                     0
6     12     0.24          166             0.2244              0                     0
6     12     0.24          166             0.2268              0                     0
6     12     0.24          166             0.2292              0                     0
6     12     0.24          166             0.2316              0                     0
6     12     0.24          166             0.234              0                     0
6     12     0.24          166             0.2364              0                     0
*******************************************************************************************************
 Average angle 165.975 +- 6.63369 deg 
 Average E' 0.128359 +- 0.00513024 GeV 
