*******************************************************************************************************
Z     A     E(GeV)     Theta(deg)     Energy Loss(GeV)     Sigma(nb/sr/GeV)     ERROR     Citation     
*******************************************************************************************************
6     12     0.12          120             0.0006              4.13985                     0.290561
6     12     0.12          120             0.0018              5.34306                     0.330095
6     12     0.12          120             0.003              6.38312                     0.360795
6     12     0.12          120             0.0042              7.48436                     0.390681
6     12     0.12          120             0.0054              9.13623                     0.431646
6     12     0.12          120             0.0066              8.80993                     0.423868
6     12     0.12          120             0.0078              10.0539                     0.452806
6     12     0.12          120             0.009              10.1559                     0.455097
6     12     0.12          120             0.0102              11.4815                     0.483886
6     12     0.12          120             0.0114              12.1544                     0.497865
6     12     0.12          120             0.0126              12.3584                     0.502025
6     12     0.12          120             0.0138              12.9906                     0.514705
6     12     0.12          120             0.015              13.5616                     0.525896
6     12     0.12          120             0.0162              14.6016                     0.545689
6     12     0.12          120             0.0174              15.0299                     0.553634
6     12     0.12          120             0.0186              13.7859                     0.530227
6     12     0.12          120             0.0198              14.5609                     0.544927
6     12     0.12          120             0.021              14.9075                     0.551376
6     12     0.12          120             0.0222              14.2142                     0.5384
6     12     0.12          120             0.0234              15.4786                     0.561836
6     12     0.12          120             0.0246              14.255                     0.539172
6     12     0.12          120             0.0258              14.4997                     0.543781
6     12     0.12          120             0.027              14.826                     0.549865
6     12     0.12          120             0.0282              13.7859                     0.530227
6     12     0.12          120             0.0294              13.1537                     0.517927
6     12     0.12          120             0.0306              13.8879                     0.532185
6     12     0.12          120             0.0318              12.5623                     0.50615
6     12     0.12          120             0.033              13.2149                     0.51913
6     12     0.12          120             0.0342              12.4196                     0.503266
6     12     0.12          120             0.0354              11.6242                     0.486885
6     12     0.12          120             0.0366              12.6847                     0.508609
6     12     0.12          120             0.0378              10.4822                     0.46235
6     12     0.12          120             0.039              10.5638                     0.464145
6     12     0.12          120             0.0402              11.5019                     0.484316
6     12     0.12          120             0.0414              10.0743                     0.453265
6     12     0.12          120             0.0426              10.3598                     0.459643
6     12     0.12          120             0.0438              8.9119                     0.426314
6     12     0.12          120             0.045              8.78954                     0.423377
6     12     0.12          120             0.0462              8.68757                     0.420914
6     12     0.12          120             0.0474              8.09617                     0.406335
6     12     0.12          120             0.0486              8.32049                     0.411926
6     12     0.12          120             0.0498              7.28043                     0.385321
6     12     0.12          120             0.051              7.32122                     0.386399
6     12     0.12          120             0.0522              6.7502                     0.371025
6     12     0.12          120             0.0534              6.1588                     0.354399
6     12     0.12          120             0.0546              5.93447                     0.347885
6     12     0.12          120             0.0558              5.87329                     0.346087
6     12     0.12          120             0.057              5.20031                     0.325656
6     12     0.12          120             0.0582              4.24182                     0.294117
6     12     0.12          120             0.0594              4.22143                     0.293409
6     12     0.12          120             0.0606              3.58923                     0.270549
6     12     0.12          120             0.0618              3.75238                     0.276629
6     12     0.12          120             0.063              3.60963                     0.271316
6     12     0.12          120             0.0642              1.93737                     0.19877
6     12     0.12          120             0.0654              0.203934                     0.0644895
6     12     0.12          120             0.0666              0                     0
6     12     0.12          120             0.0678              0                     0
6     12     0.12          120             0.069              0                     0
6     12     0.12          120             0.0702              0                     0
6     12     0.12          120             0.0714              0                     0
6     12     0.12          120             0.0726              0                     0
6     12     0.12          120             0.0738              0                     0
6     12     0.12          120             0.075              0                     0
6     12     0.12          120             0.0762              0                     0
6     12     0.12          120             0.0774              0                     0
6     12     0.12          120             0.0786              0                     0
6     12     0.12          120             0.0798              0                     0
6     12     0.12          120             0.081              0                     0
6     12     0.12          120             0.0822              0                     0
6     12     0.12          120             0.0834              0                     0
6     12     0.12          120             0.0846              0                     0
6     12     0.12          120             0.0858              0                     0
6     12     0.12          120             0.087              0                     0
6     12     0.12          120             0.0882              0                     0
6     12     0.12          120             0.0894              0                     0
6     12     0.12          120             0.0906              0                     0
6     12     0.12          120             0.0918              0                     0
6     12     0.12          120             0.093              0                     0
6     12     0.12          120             0.0942              0                     0
6     12     0.12          120             0.0954              0                     0
6     12     0.12          120             0.0966              0                     0
6     12     0.12          120             0.0978              0                     0
6     12     0.12          120             0.099              0                     0
6     12     0.12          120             0.1002              0                     0
6     12     0.12          120             0.1014              0                     0
6     12     0.12          120             0.1026              0                     0
6     12     0.12          120             0.1038              0                     0
6     12     0.12          120             0.105              0                     0
6     12     0.12          120             0.1062              0                     0
6     12     0.12          120             0.1074              0                     0
6     12     0.12          120             0.1086              0                     0
6     12     0.12          120             0.1098              0                     0
6     12     0.12          120             0.111              0                     0
6     12     0.12          120             0.1122              0                     0
6     12     0.12          120             0.1134              0                     0
6     12     0.12          120             0.1146              0                     0
6     12     0.12          120             0.1158              0                     0
6     12     0.12          120             0.117              0                     0
6     12     0.12          120             0.1182              0                     0
*******************************************************************************************************
 Average angle 119.968 +- 0.740403 deg 
 Average E' 0.0912172 +- 0.000562962 GeV 
