*******************************************************************************************************
Z     A     E(GeV)     Theta(deg)     Energy Loss(GeV)     Sigma(nb/sr/GeV)     ERROR     Citation     
*******************************************************************************************************
6     12     0.24          86.6667             0.0012              0.396014                     0.114319
6     12     0.24          86.6667             0.0036              0.82503                     0.165006
6     12     0.24          86.6667             0.006              1.71606                     0.237975
6     12     0.24          86.6667             0.0084              2.44209                     0.283887
6     12     0.24          86.6667             0.0108              2.7721                     0.302461
6     12     0.24          86.6667             0.0132              3.96014                     0.36151
6     12     0.24          86.6667             0.0156              4.48816                     0.384857
6     12     0.24          86.6667             0.018              4.38916                     0.380588
6     12     0.24          86.6667             0.0204              5.5442                     0.427744
6     12     0.24          86.6667             0.0228              6.36923                     0.458467
6     12     0.24          86.6667             0.0252              7.26026                     0.489487
6     12     0.24          86.6667             0.0276              7.82128                     0.508047
6     12     0.24          86.6667             0.03              8.71231                     0.536206
6     12     0.24          86.6667             0.0324              8.74532                     0.53722
6     12     0.24          86.6667             0.0348              9.30634                     0.554184
6     12     0.24          86.6667             0.0372              10.0984                     0.577285
6     12     0.24          86.6667             0.0396              11.0224                     0.603119
6     12     0.24          86.6667             0.042              12.6065                     0.645002
6     12     0.24          86.6667             0.0444              11.9794                     0.628757
6     12     0.24          86.6667             0.0468              12.1444                     0.633073
6     12     0.24          86.6667             0.0492              11.2864                     0.610299
6     12     0.24          86.6667             0.0516              11.4184                     0.613858
6     12     0.24          86.6667             0.054              11.3524                     0.612081
6     12     0.24          86.6667             0.0564              12.5075                     0.642465
6     12     0.24          86.6667             0.0588              11.1544                     0.606719
6     12     0.24          86.6667             0.0612              12.2764                     0.636504
6     12     0.24          86.6667             0.0636              11.7814                     0.623539
6     12     0.24          86.6667             0.066              11.1874                     0.607616
6     12     0.24          86.6667             0.0684              11.0554                     0.604021
6     12     0.24          86.6667             0.0708              10.4944                     0.588495
6     12     0.24          86.6667             0.0732              9.60335                     0.562958
6     12     0.24          86.6667             0.0756              9.93336                     0.572549
6     12     0.24          86.6667             0.078              9.60335                     0.562958
6     12     0.24          86.6667             0.0804              8.05229                     0.515495
6     12     0.24          86.6667             0.0828              8.64631                     0.534171
6     12     0.24          86.6667             0.0852              7.92029                     0.511252
6     12     0.24          86.6667             0.0876              7.42527                     0.495018
6     12     0.24          86.6667             0.09              6.96325                     0.47937
6     12     0.24          86.6667             0.0924              6.43523                     0.460837
6     12     0.24          86.6667             0.0948              5.4452                     0.423908
6     12     0.24          86.6667             0.0972              5.5112                     0.426469
6     12     0.24          86.6667             0.0996              4.98318                     0.405525
6     12     0.24          86.6667             0.102              5.08218                     0.409534
6     12     0.24          86.6667             0.1044              4.81817                     0.398755
6     12     0.24          86.6667             0.1068              4.52116                     0.386269
6     12     0.24          86.6667             0.1092              3.76214                     0.352356
6     12     0.24          86.6667             0.1116              3.16811                     0.323344
6     12     0.24          86.6667             0.114              3.13511                     0.321656
6     12     0.24          86.6667             0.1164              2.9041                     0.309579
6     12     0.24          86.6667             0.1188              2.11208                     0.26401
6     12     0.24          86.6667             0.1212              2.34308                     0.278073
6     12     0.24          86.6667             0.1236              1.81507                     0.244743
6     12     0.24          86.6667             0.126              2.04607                     0.259852
6     12     0.24          86.6667             0.1284              1.91407                     0.25133
6     12     0.24          86.6667             0.1308              2.01307                     0.257748
6     12     0.24          86.6667             0.1332              1.55106                     0.226245
6     12     0.24          86.6667             0.1356              1.22104                     0.200738
6     12     0.24          86.6667             0.138              1.41905                     0.216403
6     12     0.24          86.6667             0.1404              1.22104                     0.200738
6     12     0.24          86.6667             0.1428              1.15504                     0.195238
6     12     0.24          86.6667             0.1452              1.55106                     0.226245
6     12     0.24          86.6667             0.1476              1.28705                     0.206092
6     12     0.24          86.6667             0.15              1.12204                     0.192428
6     12     0.24          86.6667             0.1524              1.35305                     0.211311
6     12     0.24          86.6667             0.1548              1.15504                     0.195238
6     12     0.24          86.6667             0.1572              1.15504                     0.195238
6     12     0.24          86.6667             0.1596              0.924033                     0.174626
6     12     0.24          86.6667             0.162              1.12204                     0.192428
6     12     0.24          86.6667             0.1644              0.82503                     0.165006
6     12     0.24          86.6667             0.1668              1.32005                     0.208718
6     12     0.24          86.6667             0.1692              1.15504                     0.195238
6     12     0.24          86.6667             0.1716              1.25405                     0.203433
6     12     0.24          86.6667             0.174              0.957034                     0.177717
6     12     0.24          86.6667             0.1764              1.25405                     0.203433
6     12     0.24          86.6667             0.1788              1.25405                     0.203433
6     12     0.24          86.6667             0.1812              1.15504                     0.195238
6     12     0.24          86.6667             0.1836              1.61706                     0.231008
6     12     0.24          86.6667             0.186              1.32005                     0.208718
6     12     0.24          86.6667             0.1884              1.35305                     0.211311
6     12     0.24          86.6667             0.1908              1.35305                     0.211311
6     12     0.24          86.6667             0.1932              1.28705                     0.206092
6     12     0.24          86.6667             0.1956              0.82503                     0.165006
6     12     0.24          86.6667             0.198              0                     0
6     12     0.24          86.6667             0.2004              0                     0
6     12     0.24          86.6667             0.2028              0                     0
6     12     0.24          86.6667             0.2052              0                     0
6     12     0.24          86.6667             0.2076              0                     0
6     12     0.24          86.6667             0.21              0                     0
6     12     0.24          86.6667             0.2124              0                     0
6     12     0.24          86.6667             0.2148              0                     0
6     12     0.24          86.6667             0.2172              0                     0
6     12     0.24          86.6667             0.2196              0                     0
6     12     0.24          86.6667             0.222              0                     0
6     12     0.24          86.6667             0.2244              0                     0
6     12     0.24          86.6667             0.2268              0                     0
6     12     0.24          86.6667             0.2292              0                     0
6     12     0.24          86.6667             0.2316              0                     0
6     12     0.24          86.6667             0.234              0                     0
6     12     0.24          86.6667             0.2364              0                     0
*******************************************************************************************************
 Average angle 86.6399 +- 0.776891 deg 
 Average E' 0.17013 +- 0.00152554 GeV 
