*******************************************************************************************************
Z     A     E(GeV)     Theta(deg)     Energy Loss(GeV)     Sigma(nb/sr/GeV)     ERROR     Citation     
*******************************************************************************************************
6     12     0.12          156             0.0006              0.911854                     0.198983
6     12     0.12          156             0.0018              1.43291                     0.249438
6     12     0.12          156             0.003              1.51976                     0.256886
6     12     0.12          156             0.0042              1.43291                     0.249438
6     12     0.12          156             0.0054              1.65002                     0.267669
6     12     0.12          156             0.0066              2.51845                     0.330689
6     12     0.12          156             0.0078              2.25793                     0.313118
6     12     0.12          156             0.009              3.43031                     0.38594
6     12     0.12          156             0.0102              2.90925                     0.355421
6     12     0.12          156             0.0114              2.86583                     0.352759
6     12     0.12          156             0.0126              2.73556                     0.344649
6     12     0.12          156             0.0138              3.51715                     0.390795
6     12     0.12          156             0.015              3.34347                     0.381023
6     12     0.12          156             0.0162              4.99349                     0.465645
6     12     0.12          156             0.0174              3.90795                     0.411934
6     12     0.12          156             0.0186              3.69084                     0.400328
6     12     0.12          156             0.0198              4.25532                     0.429852
6     12     0.12          156             0.021              4.34216                     0.434216
6     12     0.12          156             0.0222              5.08033                     0.469677
6     12     0.12          156             0.0234              4.03821                     0.418743
6     12     0.12          156             0.0246              3.8211                     0.407331
6     12     0.12          156             0.0258              4.47243                     0.440681
6     12     0.12          156             0.027              4.12506                     0.423222
6     12     0.12          156             0.0282              3.47373                     0.388375
6     12     0.12          156             0.0294              4.08163                     0.420988
6     12     0.12          156             0.0306              3.604                     0.39559
6     12     0.12          156             0.0318              3.8211                     0.407331
6     12     0.12          156             0.033              3.43031                     0.38594
6     12     0.12          156             0.0342              4.29874                     0.43204
6     12     0.12          156             0.0354              3.77768                     0.40501
6     12     0.12          156             0.0366              2.86583                     0.352759
6     12     0.12          156             0.0378              3.16978                     0.370995
6     12     0.12          156             0.039              3.64742                     0.397966
6     12     0.12          156             0.0402              3.51715                     0.390795
6     12     0.12          156             0.0414              3.25662                     0.376042
6     12     0.12          156             0.0426              3.25662                     0.376042
6     12     0.12          156             0.0438              3.34347                     0.381023
6     12     0.12          156             0.045              2.64872                     0.339134
6     12     0.12          156             0.0462              2.64872                     0.339134
6     12     0.12          156             0.0474              2.25793                     0.313118
6     12     0.12          156             0.0486              2.73556                     0.344649
6     12     0.12          156             0.0498              2.69214                     0.341902
6     12     0.12          156             0.051              2.38819                     0.322023
6     12     0.12          156             0.0522              2.25793                     0.313118
6     12     0.12          156             0.0534              2.51845                     0.330689
6     12     0.12          156             0.0546              2.12766                     0.303951
6     12     0.12          156             0.0558              2.30135                     0.316114
6     12     0.12          156             0.057              1.95397                     0.291281
6     12     0.12          156             0.0582              1.9974                     0.2945
6     12     0.12          156             0.0594              1.9974                     0.2945
6     12     0.12          156             0.0606              1.73687                     0.274623
6     12     0.12          156             0.0618              1.51976                     0.256886
6     12     0.12          156             0.063              1.30265                     0.23783
6     12     0.12          156             0.0642              0.911854                     0.198983
6     12     0.12          156             0.0654              1.25923                     0.233833
6     12     0.12          156             0.0666              1.08554                     0.217108
6     12     0.12          156             0.0678              1.17238                     0.225625
6     12     0.12          156             0.069              1.34607                     0.241761
6     12     0.12          156             0.0702              0.781589                     0.184222
6     12     0.12          156             0.0714              1.25923                     0.233833
6     12     0.12          156             0.0726              0.911854                     0.198983
6     12     0.12          156             0.0738              0.651325                     0.168171
6     12     0.12          156             0.075              0.651325                     0.168171
6     12     0.12          156             0.0762              0.825011                     0.189271
6     12     0.12          156             0.0774              0                     0
6     12     0.12          156             0.0786              0                     0
6     12     0.12          156             0.0798              0                     0
6     12     0.12          156             0.081              0                     0
6     12     0.12          156             0.0822              0                     0
6     12     0.12          156             0.0834              0                     0
6     12     0.12          156             0.0846              0                     0
6     12     0.12          156             0.0858              0                     0
6     12     0.12          156             0.087              0                     0
6     12     0.12          156             0.0882              0                     0
6     12     0.12          156             0.0894              0                     0
6     12     0.12          156             0.0906              0                     0
6     12     0.12          156             0.0918              0                     0
6     12     0.12          156             0.093              0                     0
6     12     0.12          156             0.0942              0                     0
6     12     0.12          156             0.0954              0                     0
6     12     0.12          156             0.0966              0                     0
6     12     0.12          156             0.0978              0                     0
6     12     0.12          156             0.099              0                     0
6     12     0.12          156             0.1002              0                     0
6     12     0.12          156             0.1014              0                     0
6     12     0.12          156             0.1026              0                     0
6     12     0.12          156             0.1038              0                     0
6     12     0.12          156             0.105              0                     0
6     12     0.12          156             0.1062              0                     0
6     12     0.12          156             0.1074              0                     0
6     12     0.12          156             0.1086              0                     0
6     12     0.12          156             0.1098              0                     0
6     12     0.12          156             0.111              0                     0
6     12     0.12          156             0.1122              0                     0
6     12     0.12          156             0.1134              0                     0
6     12     0.12          156             0.1146              0                     0
6     12     0.12          156             0.1158              0                     0
6     12     0.12          156             0.117              0                     0
6     12     0.12          156             0.1182              0                     0
*******************************************************************************************************
 Average angle 156.476 +- 2.51013 deg 
 Average E' 0.0868474 +- 0.00139317 GeV 
