*******************************************************************************************************
Z     A     E(GeV)     Theta(deg)     Energy Loss(GeV)     Sigma(nb/sr/GeV)     ERROR     Citation     
*******************************************************************************************************
6     12     0.32          90             0.0016              0                     0
6     12     0.32          90             0.0048              0                     0
6     12     0.32          90             0.008              0                     0
6     12     0.32          90             0.0112              0                     0
6     12     0.32          90             0.0144              0                     0
6     12     0.32          90             0.0176              0                     0
6     12     0.32          90             0.0208              0                     0
6     12     0.32          90             0.024              0                     0
6     12     0.32          90             0.0272              0                     0
6     12     0.32          90             0.0304              0                     0
6     12     0.32          90             0.0336              0                     0
6     12     0.32          90             0.0368              0                     0
6     12     0.32          90             0.04              0                     0
6     12     0.32          90             0.0432              0                     0
6     12     0.32          90             0.0464              0                     0
6     12     0.32          90             0.0496              0                     0
6     12     0.32          90             0.0528              0                     0
6     12     0.32          90             0.056              0                     0
6     12     0.32          90             0.0592              0                     0
6     12     0.32          90             0.0624              0                     0
6     12     0.32          90             0.0656              0                     0
6     12     0.32          90             0.0688              0                     0
6     12     0.32          90             0.072              0                     0
6     12     0.32          90             0.0752              0                     0
6     12     0.32          90             0.0784              0                     0
6     12     0.32          90             0.0816              0                     0
6     12     0.32          90             0.0848              0                     0
6     12     0.32          90             0.088              0                     0
6     12     0.32          90             0.0912              0                     0
6     12     0.32          90             0.0944              0                     0
6     12     0.32          90             0.0976              0                     0
6     12     0.32          90             0.1008              0                     0
6     12     0.32          90             0.104              0                     0
6     12     0.32          90             0.1072              0                     0
6     12     0.32          90             0.1104              0                     0
6     12     0.32          90             0.1136              0                     0
6     12     0.32          90             0.1168              0                     0
6     12     0.32          90             0.12              0                     0
6     12     0.32          90             0.1232              0                     0
6     12     0.32          90             0.1264              0                     0
6     12     0.32          90             0.1296              0                     0
6     12     0.32          90             0.1328              0                     0
6     12     0.32          90             0.136              0                     0
6     12     0.32          90             0.1392              0                     0
6     12     0.32          90             0.1424              0                     0
6     12     0.32          90             0.1456              0                     0
6     12     0.32          90             0.1488              0                     0
6     12     0.32          90             0.152              0                     0
6     12     0.32          90             0.1552              0                     0
6     12     0.32          90             0.1584              0                     0
6     12     0.32          90             0.1616              0                     0
6     12     0.32          90             0.1648              0                     0
6     12     0.32          90             0.168              0                     0
6     12     0.32          90             0.1712              0                     0
6     12     0.32          90             0.1744              0                     0
6     12     0.32          90             0.1776              0                     0
6     12     0.32          90             0.1808              0                     0
6     12     0.32          90             0.184              0                     0
6     12     0.32          90             0.1872              0.0311668                     0.0311668
6     12     0.32          90             0.1904              0                     0
6     12     0.32          90             0.1936              0.0311668                     0.0311668
6     12     0.32          90             0.1968              0.0311668                     0.0311668
6     12     0.32          90             0.2              0.124667                     0.0623337
6     12     0.32          90             0.2032              0.0623337                     0.0440765
6     12     0.32          90             0.2064              0.0935005                     0.0539825
6     12     0.32          90             0.2096              0.0311668                     0.0311668
6     12     0.32          90             0.2128              0.0623337                     0.0440765
6     12     0.32          90             0.216              0.0935005                     0.0539825
6     12     0.32          90             0.2192              0.187001                     0.0763428
6     12     0.32          90             0.2224              0.124667                     0.0623337
6     12     0.32          90             0.2256              0.0935005                     0.0539825
6     12     0.32          90             0.2288              0.249335                     0.0881531
6     12     0.32          90             0.232              0.124667                     0.0623337
6     12     0.32          90             0.2352              0.155834                     0.0696911
6     12     0.32          90             0.2384              0.218168                     0.0824597
6     12     0.32          90             0.2416              0.155834                     0.0696911
6     12     0.32          90             0.2448              0.311668                     0.0985582
6     12     0.32          90             0.248              0.124667                     0.0623337
6     12     0.32          90             0.2512              0.155834                     0.0696911
6     12     0.32          90             0.2544              0.249335                     0.0881531
6     12     0.32          90             0.2576              0.280501                     0.0935005
6     12     0.32          90             0.2608              0.155834                     0.0696911
6     12     0.32          90             0.264              0.311668                     0.0985582
6     12     0.32          90             0.2672              0.155834                     0.0696911
6     12     0.32          90             0.2704              0.280501                     0.0935005
6     12     0.32          90             0.2736              0.124667                     0.0623337
6     12     0.32          90             0.2768              0.124667                     0.0623337
6     12     0.32          90             0.28              0.0935005                     0.0539825
6     12     0.32          90             0.2832              0.187001                     0.0763428
6     12     0.32          90             0.2864              0.155834                     0.0696911
6     12     0.32          90             0.2896              0.0311668                     0.0311668
6     12     0.32          90             0.2928              0                     0
6     12     0.32          90             0.296              0                     0
6     12     0.32          90             0.2992              0                     0
6     12     0.32          90             0.3024              0                     0
6     12     0.32          90             0.3056              0                     0
6     12     0.32          90             0.3088              0                     0
6     12     0.32          90             0.312              0                     0
6     12     0.32          90             0.3152              0                     0
*******************************************************************************************************
 Average angle 90.0484 +- 7.40193 deg 
 Average E' 0.0725761 +- 0.00596572 GeV 
