*******************************************************************************************************
Z     A     E(GeV)     Theta(deg)     Energy Loss(GeV)     Sigma(nb/sr/GeV)     ERROR     Citation     
*******************************************************************************************************
6     12     0.56          45             0.0028              0                     0
6     12     0.56          45             0.0084              0                     0
6     12     0.56          45             0.014              0                     0
6     12     0.56          45             0.0196              0                     0
6     12     0.56          45             0.0252              0                     0
6     12     0.56          45             0.0308              0                     0
6     12     0.56          45             0.0364              0                     0
6     12     0.56          45             0.042              0                     0
6     12     0.56          45             0.0476              0                     0
6     12     0.56          45             0.0532              0                     0
6     12     0.56          45             0.0588              0                     0
6     12     0.56          45             0.0644              0                     0
6     12     0.56          45             0.07              0                     0
6     12     0.56          45             0.0756              0                     0
6     12     0.56          45             0.0812              0                     0
6     12     0.56          45             0.0868              0                     0
6     12     0.56          45             0.0924              0                     0
6     12     0.56          45             0.098              0                     0
6     12     0.56          45             0.1036              0                     0
6     12     0.56          45             0.1092              0                     0
6     12     0.56          45             0.1148              0                     0
6     12     0.56          45             0.1204              0                     0
6     12     0.56          45             0.126              0                     0
6     12     0.56          45             0.1316              0                     0
6     12     0.56          45             0.1372              0                     0
6     12     0.56          45             0.1428              0                     0
6     12     0.56          45             0.1484              0                     0
6     12     0.56          45             0.154              0                     0
6     12     0.56          45             0.1596              0                     0
6     12     0.56          45             0.1652              0                     0
6     12     0.56          45             0.1708              0                     0
6     12     0.56          45             0.1764              0                     0
6     12     0.56          45             0.182              0                     0
6     12     0.56          45             0.1876              0                     0
6     12     0.56          45             0.1932              0.0334495                     0.0334495
6     12     0.56          45             0.1988              0.100348                     0.0579362
6     12     0.56          45             0.2044              0.133798                     0.066899
6     12     0.56          45             0.21              0.100348                     0.0579362
6     12     0.56          45             0.2156              0.301045                     0.100348
6     12     0.56          45             0.2212              0.200697                     0.0819342
6     12     0.56          45             0.2268              0.501742                     0.129549
6     12     0.56          45             0.2324              0.334495                     0.105777
6     12     0.56          45             0.238              0.301045                     0.100348
6     12     0.56          45             0.2436              0.367944                     0.110939
6     12     0.56          45             0.2492              0.367944                     0.110939
6     12     0.56          45             0.2548              0.602091                     0.141914
6     12     0.56          45             0.2604              0.367944                     0.110939
6     12     0.56          45             0.266              0.535192                     0.133798
6     12     0.56          45             0.2716              0.401394                     0.115872
6     12     0.56          45             0.2772              0.535192                     0.133798
6     12     0.56          45             0.2828              0.535192                     0.133798
6     12     0.56          45             0.2884              0.66899                     0.149591
6     12     0.56          45             0.294              0.735889                     0.156892
6     12     0.56          45             0.2996              0.602091                     0.141914
6     12     0.56          45             0.3052              0.702439                     0.153285
6     12     0.56          45             0.3108              0.735889                     0.156892
6     12     0.56          45             0.3164              0.602091                     0.141914
6     12     0.56          45             0.322              0.802788                     0.163868
6     12     0.56          45             0.3276              0.802788                     0.163868
6     12     0.56          45             0.3332              0.970035                     0.180131
6     12     0.56          45             0.3388              0.535192                     0.133798
6     12     0.56          45             0.3444              0.66899                     0.149591
6     12     0.56          45             0.35              0.802788                     0.163868
6     12     0.56          45             0.3556              0.401394                     0.115872
6     12     0.56          45             0.3612              0.936585                     0.176998
6     12     0.56          45             0.3668              0.66899                     0.149591
6     12     0.56          45             0.3724              0.735889                     0.156892
6     12     0.56          45             0.378              0.769338                     0.160418
6     12     0.56          45             0.3836              0.702439                     0.153285
6     12     0.56          45             0.3892              0.802788                     0.163868
6     12     0.56          45             0.3948              0.535192                     0.133798
6     12     0.56          45             0.4004              0.66899                     0.149591
6     12     0.56          45             0.406              0.802788                     0.163868
6     12     0.56          45             0.4116              0.802788                     0.163868
6     12     0.56          45             0.4172              0.66899                     0.149591
6     12     0.56          45             0.4228              0.434843                     0.120604
6     12     0.56          45             0.4284              0.367944                     0.110939
6     12     0.56          45             0.434              0.602091                     0.141914
6     12     0.56          45             0.4396              0.334495                     0.105777
6     12     0.56          45             0.4452              0.501742                     0.129549
6     12     0.56          45             0.4508              0.468293                     0.125156
6     12     0.56          45             0.4564              0.234146                     0.088499
6     12     0.56          45             0.462              0.434843                     0.120604
6     12     0.56          45             0.4676              0.468293                     0.125156
6     12     0.56          45             0.4732              0.602091                     0.141914
6     12     0.56          45             0.4788              0.468293                     0.125156
6     12     0.56          45             0.4844              0.267596                     0.0946094
6     12     0.56          45             0.49              0.234146                     0.088499
6     12     0.56          45             0.4956              0.234146                     0.088499
6     12     0.56          45             0.5012              0.0334495                     0.0334495
6     12     0.56          45             0.5068              0                     0
6     12     0.56          45             0.5124              0                     0
6     12     0.56          45             0.518              0                     0
6     12     0.56          45             0.5236              0                     0
6     12     0.56          45             0.5292              0                     0
6     12     0.56          45             0.5348              0                     0
6     12     0.56          45             0.5404              0                     0
6     12     0.56          45             0.546              0                     0
6     12     0.56          45             0.5516              0                     0
*******************************************************************************************************
 Average angle 45.0018 +- 1.54083 deg 
 Average E' 0.20698 +- 0.00708685 GeV 
