*******************************************************************************************************
Z     A     E(GeV)     Theta(deg)     Energy Loss(GeV)     Sigma(nb/sr/GeV)     ERROR     Citation     
*******************************************************************************************************
6     12     0.24          156.667             0.0012              0                     0
6     12     0.24          156.667             0.0036              0                     0
6     12     0.24          156.667             0.006              0                     0
6     12     0.24          156.667             0.0084              0                     0
6     12     0.24          156.667             0.0108              0.166357                     0.117632
6     12     0.24          156.667             0.0132              0                     0
6     12     0.24          156.667             0.0156              0.0831786                     0.0831786
6     12     0.24          156.667             0.018              0                     0
6     12     0.24          156.667             0.0204              0.249536                     0.14407
6     12     0.24          156.667             0.0228              0.0831786                     0.0831786
6     12     0.24          156.667             0.0252              0.0831786                     0.0831786
6     12     0.24          156.667             0.0276              0.499072                     0.203745
6     12     0.24          156.667             0.03              0.249536                     0.14407
6     12     0.24          156.667             0.0324              0.499072                     0.203745
6     12     0.24          156.667             0.0348              0.415893                     0.185993
6     12     0.24          156.667             0.0372              0.831786                     0.263034
6     12     0.24          156.667             0.0396              0.415893                     0.185993
6     12     0.24          156.667             0.042              0.831786                     0.263034
6     12     0.24          156.667             0.0444              0.914964                     0.275872
6     12     0.24          156.667             0.0468              0.665429                     0.235265
6     12     0.24          156.667             0.0492              0.998143                     0.288139
6     12     0.24          156.667             0.0516              1.1645                     0.311226
6     12     0.24          156.667             0.054              0.998143                     0.288139
6     12     0.24          156.667             0.0564              1.24768                     0.322149
6     12     0.24          156.667             0.0588              1.66357                     0.371986
6     12     0.24          156.667             0.0612              1.91311                     0.39891
6     12     0.24          156.667             0.0636              1.99629                     0.40749
6     12     0.24          156.667             0.066              1.66357                     0.371986
6     12     0.24          156.667             0.0684              1.08132                     0.299905
6     12     0.24          156.667             0.0708              1.99629                     0.40749
6     12     0.24          156.667             0.0732              1.33086                     0.332714
6     12     0.24          156.667             0.0756              1.74675                     0.381172
6     12     0.24          156.667             0.078              1.58039                     0.362567
6     12     0.24          156.667             0.0804              2.49536                     0.455588
6     12     0.24          156.667             0.0828              1.1645                     0.311226
6     12     0.24          156.667             0.0852              1.91311                     0.39891
6     12     0.24          156.667             0.0876              2.41218                     0.44793
6     12     0.24          156.667             0.09              2.74489                     0.477825
6     12     0.24          156.667             0.0924              1.49721                     0.352897
6     12     0.24          156.667             0.0948              2.24582                     0.432209
6     12     0.24          156.667             0.0972              1.49721                     0.352897
6     12     0.24          156.667             0.0996              1.41404                     0.342954
6     12     0.24          156.667             0.102              1.74675                     0.381172
6     12     0.24          156.667             0.1044              1.58039                     0.362567
6     12     0.24          156.667             0.1068              1.49721                     0.352897
6     12     0.24          156.667             0.1092              2.329                     0.44014
6     12     0.24          156.667             0.1116              1.82993                     0.390142
6     12     0.24          156.667             0.114              1.58039                     0.362567
6     12     0.24          156.667             0.1164              1.58039                     0.362567
6     12     0.24          156.667             0.1188              0.998143                     0.288139
6     12     0.24          156.667             0.1212              1.58039                     0.362567
6     12     0.24          156.667             0.1236              1.33086                     0.332714
6     12     0.24          156.667             0.126              1.41404                     0.342954
6     12     0.24          156.667             0.1284              0.914964                     0.275872
6     12     0.24          156.667             0.1308              0.748607                     0.249536
6     12     0.24          156.667             0.1332              1.33086                     0.332714
6     12     0.24          156.667             0.1356              1.1645                     0.311226
6     12     0.24          156.667             0.138              1.33086                     0.332714
6     12     0.24          156.667             0.1404              0.831786                     0.263034
6     12     0.24          156.667             0.1428              1.41404                     0.342954
6     12     0.24          156.667             0.1452              0.831786                     0.263034
6     12     0.24          156.667             0.1476              0.499072                     0.203745
6     12     0.24          156.667             0.15              0.499072                     0.203745
6     12     0.24          156.667             0.1524              0.58225                     0.22007
6     12     0.24          156.667             0.1548              0.665429                     0.235265
6     12     0.24          156.667             0.1572              0.58225                     0.22007
6     12     0.24          156.667             0.1596              0.58225                     0.22007
6     12     0.24          156.667             0.162              0.415893                     0.185993
6     12     0.24          156.667             0.1644              0.332714                     0.166357
6     12     0.24          156.667             0.1668              0.332714                     0.166357
6     12     0.24          156.667             0.1692              0.914964                     0.275872
6     12     0.24          156.667             0.1716              0.415893                     0.185993
6     12     0.24          156.667             0.174              0.249536                     0.14407
6     12     0.24          156.667             0.1764              0.249536                     0.14407
6     12     0.24          156.667             0.1788              0.665429                     0.235265
6     12     0.24          156.667             0.1812              0.58225                     0.22007
6     12     0.24          156.667             0.1836              0.58225                     0.22007
6     12     0.24          156.667             0.186              0.415893                     0.185993
6     12     0.24          156.667             0.1884              0.499072                     0.203745
6     12     0.24          156.667             0.1908              0.665429                     0.235265
6     12     0.24          156.667             0.1932              0.499072                     0.203745
6     12     0.24          156.667             0.1956              0.499072                     0.203745
6     12     0.24          156.667             0.198              0.499072                     0.203745
6     12     0.24          156.667             0.2004              0.415893                     0.185993
6     12     0.24          156.667             0.2028              0.665429                     0.235265
6     12     0.24          156.667             0.2052              0.914964                     0.275872
6     12     0.24          156.667             0.2076              0.665429                     0.235265
6     12     0.24          156.667             0.21              0.58225                     0.22007
6     12     0.24          156.667             0.2124              0.332714                     0.166357
6     12     0.24          156.667             0.2148              0.499072                     0.203745
6     12     0.24          156.667             0.2172              0.665429                     0.235265
6     12     0.24          156.667             0.2196              0                     0
6     12     0.24          156.667             0.222              0                     0
6     12     0.24          156.667             0.2244              0                     0
6     12     0.24          156.667             0.2268              0                     0
6     12     0.24          156.667             0.2292              0                     0
6     12     0.24          156.667             0.2316              0                     0
6     12     0.24          156.667             0.234              0                     0
6     12     0.24          156.667             0.2364              0                     0
*******************************************************************************************************
 Average angle 156.613 +- 4.90616 deg 
 Average E' 0.132579 +- 0.00415325 GeV 
