*******************************************************************************************************
Z     A     E(GeV)     Theta(deg)     Energy Loss(GeV)     Sigma(nb/sr/GeV)     ERROR     Citation     
*******************************************************************************************************
6     12     1          32.6667             0.005              0                     0
6     12     1          32.6667             0.015              0                     0
6     12     1          32.6667             0.025              0                     0
6     12     1          32.6667             0.035              0                     0
6     12     1          32.6667             0.045              0                     0
6     12     1          32.6667             0.055              0                     0
6     12     1          32.6667             0.065              0                     0
6     12     1          32.6667             0.075              0                     0
6     12     1          32.6667             0.085              0                     0
6     12     1          32.6667             0.095              0                     0
6     12     1          32.6667             0.105              0                     0
6     12     1          32.6667             0.115              0                     0
6     12     1          32.6667             0.125              0                     0
6     12     1          32.6667             0.135              0                     0
6     12     1          32.6667             0.145              0                     0
6     12     1          32.6667             0.155              0                     0
6     12     1          32.6667             0.165              0                     0
6     12     1          32.6667             0.175              0                     0
6     12     1          32.6667             0.185              0                     0
6     12     1          32.6667             0.195              0                     0
6     12     1          32.6667             0.205              0                     0
6     12     1          32.6667             0.215              0                     0
6     12     1          32.6667             0.225              0                     0
6     12     1          32.6667             0.235              0                     0
6     12     1          32.6667             0.245              0                     0
6     12     1          32.6667             0.255              0                     0
6     12     1          32.6667             0.265              0                     0
6     12     1          32.6667             0.275              0                     0
6     12     1          32.6667             0.285              0                     0
6     12     1          32.6667             0.295              0.216541                     0.153118
6     12     1          32.6667             0.305              0                     0
6     12     1          32.6667             0.315              0.108271                     0.108271
6     12     1          32.6667             0.325              0.541353                     0.2421
6     12     1          32.6667             0.335              1.08271                     0.342382
6     12     1          32.6667             0.345              1.08271                     0.342382
6     12     1          32.6667             0.355              1.29925                     0.37506
6     12     1          32.6667             0.365              1.62406                     0.41933
6     12     1          32.6667             0.375              1.51579                     0.405112
6     12     1          32.6667             0.385              2.27368                     0.496158
6     12     1          32.6667             0.395              3.35639                     0.602825
6     12     1          32.6667             0.405              4.76391                     0.718186
6     12     1          32.6667             0.415              4.22255                     0.67615
6     12     1          32.6667             0.425              3.35639                     0.602825
6     12     1          32.6667             0.435              3.89774                     0.649624
6     12     1          32.6667             0.445              4.98045                     0.734327
6     12     1          32.6667             0.455              4.33083                     0.684764
6     12     1          32.6667             0.465              6.2797                     0.824565
6     12     1          32.6667             0.475              4.00601                     0.658585
6     12     1          32.6667             0.485              4.54737                     0.701674
6     12     1          32.6667             0.495              3.13985                     0.583055
6     12     1          32.6667             0.505              4.98045                     0.734327
6     12     1          32.6667             0.515              3.35639                     0.602825
6     12     1          32.6667             0.525              2.92331                     0.562591
6     12     1          32.6667             0.535              3.35639                     0.602825
6     12     1          32.6667             0.545              3.13985                     0.583055
6     12     1          32.6667             0.555              2.92331                     0.562591
6     12     1          32.6667             0.565              3.57293                     0.621967
6     12     1          32.6667             0.575              1.73233                     0.433083
6     12     1          32.6667             0.585              2.27368                     0.496158
6     12     1          32.6667             0.595              2.38195                     0.507834
6     12     1          32.6667             0.605              1.73233                     0.433083
6     12     1          32.6667             0.615              1.51579                     0.405112
6     12     1          32.6667             0.625              1.73233                     0.433083
6     12     1          32.6667             0.635              1.73233                     0.433083
6     12     1          32.6667             0.645              2.16541                     0.484201
6     12     1          32.6667             0.655              2.70677                     0.541353
6     12     1          32.6667             0.665              2.27368                     0.496158
6     12     1          32.6667             0.675              2.27368                     0.496158
6     12     1          32.6667             0.685              2.05714                     0.471941
6     12     1          32.6667             0.695              2.70677                     0.541353
6     12     1          32.6667             0.705              1.8406                     0.446411
6     12     1          32.6667             0.715              1.73233                     0.433083
6     12     1          32.6667             0.725              2.38195                     0.507834
6     12     1          32.6667             0.735              3.13985                     0.583055
6     12     1          32.6667             0.745              2.49022                     0.519248
6     12     1          32.6667             0.755              2.49022                     0.519248
6     12     1          32.6667             0.765              2.27368                     0.496158
6     12     1          32.6667             0.775              2.05714                     0.471941
6     12     1          32.6667             0.785              3.24812                     0.593023
6     12     1          32.6667             0.795              3.13985                     0.583055
6     12     1          32.6667             0.805              3.89774                     0.649624
6     12     1          32.6667             0.815              3.89774                     0.649624
6     12     1          32.6667             0.825              2.70677                     0.541353
6     12     1          32.6667             0.835              4.11428                     0.667425
6     12     1          32.6667             0.845              2.81504                     0.552074
6     12     1          32.6667             0.855              3.03158                     0.572914
6     12     1          32.6667             0.865              4.22255                     0.67615
6     12     1          32.6667             0.875              3.6812                     0.631321
6     12     1          32.6667             0.885              3.13985                     0.583055
6     12     1          32.6667             0.895              2.81504                     0.552074
6     12     1          32.6667             0.905              3.78947                     0.640538
6     12     1          32.6667             0.915              4.11428                     0.667425
6     12     1          32.6667             0.925              3.89774                     0.649624
6     12     1          32.6667             0.935              3.03158                     0.572914
6     12     1          32.6667             0.945              0.216541                     0.153118
6     12     1          32.6667             0.955              0                     0
6     12     1          32.6667             0.965              0                     0
6     12     1          32.6667             0.975              0                     0
6     12     1          32.6667             0.985              0                     0
*******************************************************************************************************
 Average angle 32.6222 +- 0.794954 deg 
 Average E' 0.3616 +- 0.00881164 GeV 
