*******************************************************************************************************
Z     A     E(GeV)     Theta(deg)     Energy Loss(GeV)     Sigma(nb/sr/GeV)     ERROR     Citation     
*******************************************************************************************************
6     12     0.48          164             0.0024              0                     0
6     12     0.48          164             0.0072              0                     0
6     12     0.48          164             0.012              0                     0
6     12     0.48          164             0.0168              0                     0
6     12     0.48          164             0.0216              0                     0
6     12     0.48          164             0.0264              0                     0
6     12     0.48          164             0.0312              0                     0
6     12     0.48          164             0.036              0                     0
6     12     0.48          164             0.0408              0                     0
6     12     0.48          164             0.0456              0                     0
6     12     0.48          164             0.0504              0                     0
6     12     0.48          164             0.0552              0                     0
6     12     0.48          164             0.06              0                     0
6     12     0.48          164             0.0648              0                     0
6     12     0.48          164             0.0696              0                     0
6     12     0.48          164             0.0744              0                     0
6     12     0.48          164             0.0792              0                     0
6     12     0.48          164             0.084              0                     0
6     12     0.48          164             0.0888              0                     0
6     12     0.48          164             0.0936              0                     0
6     12     0.48          164             0.0984              0                     0
6     12     0.48          164             0.1032              0                     0
6     12     0.48          164             0.108              0                     0
6     12     0.48          164             0.1128              0                     0
6     12     0.48          164             0.1176              0                     0
6     12     0.48          164             0.1224              0                     0
6     12     0.48          164             0.1272              0                     0
6     12     0.48          164             0.132              0                     0
6     12     0.48          164             0.1368              0                     0
6     12     0.48          164             0.1416              0                     0
6     12     0.48          164             0.1464              0.0945762                     0.0945762
6     12     0.48          164             0.1512              0.0945762                     0.0945762
6     12     0.48          164             0.156              0.0945762                     0.0945762
6     12     0.48          164             0.1608              0                     0
6     12     0.48          164             0.1656              0                     0
6     12     0.48          164             0.1704              0                     0
6     12     0.48          164             0.1752              0.0945762                     0.0945762
6     12     0.48          164             0.18              0.0945762                     0.0945762
6     12     0.48          164             0.1848              0.0945762                     0.0945762
6     12     0.48          164             0.1896              0.189152                     0.133751
6     12     0.48          164             0.1944              0.0945762                     0.0945762
6     12     0.48          164             0.1992              0.0945762                     0.0945762
6     12     0.48          164             0.204              0                     0
6     12     0.48          164             0.2088              0.0945762                     0.0945762
6     12     0.48          164             0.2136              0                     0
6     12     0.48          164             0.2184              0.472881                     0.211479
6     12     0.48          164             0.2232              0                     0
6     12     0.48          164             0.228              0.378305                     0.189152
6     12     0.48          164             0.2328              0.283729                     0.163811
6     12     0.48          164             0.2376              0.378305                     0.189152
6     12     0.48          164             0.2424              0.189152                     0.133751
6     12     0.48          164             0.2472              0.378305                     0.189152
6     12     0.48          164             0.252              0.378305                     0.189152
6     12     0.48          164             0.2568              0.189152                     0.133751
6     12     0.48          164             0.2616              0.283729                     0.163811
6     12     0.48          164             0.2664              0.378305                     0.189152
6     12     0.48          164             0.2712              0.378305                     0.189152
6     12     0.48          164             0.276              0.0945762                     0.0945762
6     12     0.48          164             0.2808              0.0945762                     0.0945762
6     12     0.48          164             0.2856              0.283729                     0.163811
6     12     0.48          164             0.2904              0.189152                     0.133751
6     12     0.48          164             0.2952              0.0945762                     0.0945762
6     12     0.48          164             0.3              0.472881                     0.211479
6     12     0.48          164             0.3048              0.0945762                     0.0945762
6     12     0.48          164             0.3096              0.0945762                     0.0945762
6     12     0.48          164             0.3144              0.662034                     0.250225
6     12     0.48          164             0.3192              0.283729                     0.163811
6     12     0.48          164             0.324              0.0945762                     0.0945762
6     12     0.48          164             0.3288              0                     0
6     12     0.48          164             0.3336              0.0945762                     0.0945762
6     12     0.48          164             0.3384              0                     0
6     12     0.48          164             0.3432              0.0945762                     0.0945762
6     12     0.48          164             0.348              0.189152                     0.133751
6     12     0.48          164             0.3528              0.378305                     0.189152
6     12     0.48          164             0.3576              0.283729                     0.163811
6     12     0.48          164             0.3624              0.0945762                     0.0945762
6     12     0.48          164             0.3672              0.472881                     0.211479
6     12     0.48          164             0.372              0.472881                     0.211479
6     12     0.48          164             0.3768              0.283729                     0.163811
6     12     0.48          164             0.3816              0.472881                     0.211479
6     12     0.48          164             0.3864              0.378305                     0.189152
6     12     0.48          164             0.3912              0.0945762                     0.0945762
6     12     0.48          164             0.396              0.283729                     0.163811
6     12     0.48          164             0.4008              0.472881                     0.211479
6     12     0.48          164             0.4056              0.378305                     0.189152
6     12     0.48          164             0.4104              0.567457                     0.231664
6     12     0.48          164             0.4152              0.472881                     0.211479
6     12     0.48          164             0.42              0.283729                     0.163811
6     12     0.48          164             0.4248              0.945762                     0.299076
6     12     0.48          164             0.4296              1.13491                     0.327622
6     12     0.48          164             0.4344              1.32407                     0.353872
6     12     0.48          164             0.4392              0.662034                     0.250225
6     12     0.48          164             0.444              1.13491                     0.327622
6     12     0.48          164             0.4488              0.75661                     0.267502
6     12     0.48          164             0.4536              1.13491                     0.327622
6     12     0.48          164             0.4584              0.851186                     0.283729
6     12     0.48          164             0.4632              1.13491                     0.327622
6     12     0.48          164             0.468              0.189152                     0.133751
6     12     0.48          164             0.4728              0                     0
*******************************************************************************************************
 Average angle 163.924 +- 10.6932 deg 
 Average E' 0.111922 +- 0.00730101 GeV 
