*******************************************************************************************************
Z     A     E(GeV)     Theta(deg)     Energy Loss(GeV)     Sigma(nb/sr/GeV)     ERROR     Citation     
*******************************************************************************************************
6     12     0.48          46.6667             0.0024              0                     0
6     12     0.48          46.6667             0.0072              0                     0
6     12     0.48          46.6667             0.012              0                     0
6     12     0.48          46.6667             0.0168              0                     0
6     12     0.48          46.6667             0.0216              0                     0
6     12     0.48          46.6667             0.0264              0                     0
6     12     0.48          46.6667             0.0312              0                     0
6     12     0.48          46.6667             0.036              0                     0
6     12     0.48          46.6667             0.0408              0                     0
6     12     0.48          46.6667             0.0456              0                     0
6     12     0.48          46.6667             0.0504              0                     0
6     12     0.48          46.6667             0.0552              0                     0
6     12     0.48          46.6667             0.06              0                     0
6     12     0.48          46.6667             0.0648              0                     0
6     12     0.48          46.6667             0.0696              0                     0
6     12     0.48          46.6667             0.0744              0                     0
6     12     0.48          46.6667             0.0792              0                     0
6     12     0.48          46.6667             0.084              0                     0
6     12     0.48          46.6667             0.0888              0                     0
6     12     0.48          46.6667             0.0936              0                     0
6     12     0.48          46.6667             0.0984              0                     0
6     12     0.48          46.6667             0.1032              0                     0
6     12     0.48          46.6667             0.108              0                     0
6     12     0.48          46.6667             0.1128              0                     0
6     12     0.48          46.6667             0.1176              0                     0
6     12     0.48          46.6667             0.1224              0                     0
6     12     0.48          46.6667             0.1272              0                     0
6     12     0.48          46.6667             0.132              0                     0
6     12     0.48          46.6667             0.1368              0                     0
6     12     0.48          46.6667             0.1416              0                     0
6     12     0.48          46.6667             0.1464              0                     0
6     12     0.48          46.6667             0.1512              0                     0
6     12     0.48          46.6667             0.156              0                     0
6     12     0.48          46.6667             0.1608              0                     0
6     12     0.48          46.6667             0.1656              0                     0
6     12     0.48          46.6667             0.1704              0                     0
6     12     0.48          46.6667             0.1752              0.0358396                     0.0358396
6     12     0.48          46.6667             0.18              0                     0
6     12     0.48          46.6667             0.1848              0.0358396                     0.0358396
6     12     0.48          46.6667             0.1896              0.0716791                     0.0506848
6     12     0.48          46.6667             0.1944              0.250877                     0.0948225
6     12     0.48          46.6667             0.1992              0.250877                     0.0948225
6     12     0.48          46.6667             0.204              0.250877                     0.0948225
6     12     0.48          46.6667             0.2088              0.143358                     0.0716791
6     12     0.48          46.6667             0.2136              0.322556                     0.107519
6     12     0.48          46.6667             0.2184              0.286716                     0.10137
6     12     0.48          46.6667             0.2232              0.465914                     0.129221
6     12     0.48          46.6667             0.228              0.931828                     0.182747
6     12     0.48          46.6667             0.2328              0.430075                     0.124152
6     12     0.48          46.6667             0.2376              0.501754                     0.134099
6     12     0.48          46.6667             0.2424              0.537593                     0.138806
6     12     0.48          46.6667             0.2472              0.895989                     0.179198
6     12     0.48          46.6667             0.252              1.07519                     0.196301
6     12     0.48          46.6667             0.2568              0.680951                     0.156221
6     12     0.48          46.6667             0.2616              0.752631                     0.164237
6     12     0.48          46.6667             0.2664              1.00351                     0.189645
6     12     0.48          46.6667             0.2712              0.716791                     0.160279
6     12     0.48          46.6667             0.276              0.537593                     0.138806
6     12     0.48          46.6667             0.2808              0.967668                     0.186228
6     12     0.48          46.6667             0.2856              0.78847                     0.168102
6     12     0.48          46.6667             0.2904              0.82431                     0.17188
6     12     0.48          46.6667             0.2952              0.752631                     0.164237
6     12     0.48          46.6667             0.3              0.82431                     0.17188
6     12     0.48          46.6667             0.3048              0.573433                     0.143358
6     12     0.48          46.6667             0.3096              0.609272                     0.14777
6     12     0.48          46.6667             0.3144              0.967668                     0.186228
6     12     0.48          46.6667             0.3192              0.573433                     0.143358
6     12     0.48          46.6667             0.324              0.430075                     0.124152
6     12     0.48          46.6667             0.3288              0.82431                     0.17188
6     12     0.48          46.6667             0.3336              0.609272                     0.14777
6     12     0.48          46.6667             0.3384              0.609272                     0.14777
6     12     0.48          46.6667             0.3432              0.680951                     0.156221
6     12     0.48          46.6667             0.348              0.394235                     0.118866
6     12     0.48          46.6667             0.3528              0.645112                     0.152054
6     12     0.48          46.6667             0.3576              0.501754                     0.134099
6     12     0.48          46.6667             0.3624              0.860149                     0.175577
6     12     0.48          46.6667             0.3672              0.573433                     0.143358
6     12     0.48          46.6667             0.372              0.501754                     0.134099
6     12     0.48          46.6667             0.3768              0.645112                     0.152054
6     12     0.48          46.6667             0.3816              0.537593                     0.138806
6     12     0.48          46.6667             0.3864              0.430075                     0.124152
6     12     0.48          46.6667             0.3912              0.394235                     0.118866
6     12     0.48          46.6667             0.396              0.250877                     0.0948225
6     12     0.48          46.6667             0.4008              0.358396                     0.113335
6     12     0.48          46.6667             0.4056              0.430075                     0.124152
6     12     0.48          46.6667             0.4104              0.286716                     0.10137
6     12     0.48          46.6667             0.4152              0.107519                     0.0620759
6     12     0.48          46.6667             0.42              0                     0
6     12     0.48          46.6667             0.4248              0                     0
6     12     0.48          46.6667             0.4296              0                     0
6     12     0.48          46.6667             0.4344              0                     0
6     12     0.48          46.6667             0.4392              0                     0
6     12     0.48          46.6667             0.444              0                     0
6     12     0.48          46.6667             0.4488              0                     0
6     12     0.48          46.6667             0.4536              0                     0
6     12     0.48          46.6667             0.4584              0                     0
6     12     0.48          46.6667             0.4632              0                     0
6     12     0.48          46.6667             0.468              0                     0
6     12     0.48          46.6667             0.4728              0                     0
*******************************************************************************************************
 Average angle 46.6159 +- 1.69428 deg 
 Average E' 0.178206 +- 0.00647699 GeV 
