*******************************************************************************************************
Z     A     E(GeV)     Theta(deg)     Energy Loss(GeV)     Sigma(nb/sr/GeV)     ERROR     Citation     
*******************************************************************************************************
6     12     0.24          110             0.0012              0                     0
6     12     0.24          110             0.0036              0                     0
6     12     0.24          110             0.006              0.0701194                     0.0495819
6     12     0.24          110             0.0084              0.315537                     0.105179
6     12     0.24          110             0.0108              0.490836                     0.131181
6     12     0.24          110             0.0132              0.420717                     0.12145
6     12     0.24          110             0.0156              0.631075                     0.148746
6     12     0.24          110             0.018              1.33227                     0.216123
6     12     0.24          110             0.0204              1.50757                     0.229902
6     12     0.24          110             0.0228              1.43745                     0.224492
6     12     0.24          110             0.0252              1.29721                     0.21326
6     12     0.24          110             0.0276              1.68287                     0.242901
6     12     0.24          110             0.03              2.24382                     0.280478
6     12     0.24          110             0.0324              2.98008                     0.323235
6     12     0.24          110             0.0348              3.0502                     0.327015
6     12     0.24          110             0.0372              2.76972                     0.311618
6     12     0.24          110             0.0396              3.33067                     0.34172
6     12     0.24          110             0.042              3.68127                     0.359255
6     12     0.24          110             0.0444              4.03187                     0.375974
6     12     0.24          110             0.0468              3.78645                     0.364351
6     12     0.24          110             0.0492              3.78645                     0.364351
6     12     0.24          110             0.0516              3.64621                     0.35754
6     12     0.24          110             0.054              4.10199                     0.379229
6     12     0.24          110             0.0564              3.89163                     0.369377
6     12     0.24          110             0.0588              5.0486                     0.420717
6     12     0.24          110             0.0612              4.24223                     0.385657
6     12     0.24          110             0.0636              4.20717                     0.38406
6     12     0.24          110             0.066              4.45258                     0.395103
6     12     0.24          110             0.0684              5.60955                     0.443474
6     12     0.24          110             0.0708              5.08366                     0.422175
6     12     0.24          110             0.0732              5.46932                     0.437896
6     12     0.24          110             0.0756              4.06693                     0.377605
6     12     0.24          110             0.078              4.66294                     0.404328
6     12     0.24          110             0.0804              4.698                     0.405846
6     12     0.24          110             0.0828              4.41752                     0.393544
6     12     0.24          110             0.0852              4.80318                     0.410363
6     12     0.24          110             0.0876              4.20717                     0.38406
6     12     0.24          110             0.09              4.698                     0.405846
6     12     0.24          110             0.0924              4.06693                     0.377605
6     12     0.24          110             0.0948              4.3474                     0.390408
6     12     0.24          110             0.0972              4.13705                     0.380846
6     12     0.24          110             0.0996              3.29561                     0.339917
6     12     0.24          110             0.102              2.94502                     0.321328
6     12     0.24          110             0.1044              3.50597                     0.350597
6     12     0.24          110             0.1068              2.98008                     0.323235
6     12     0.24          110             0.1092              2.62948                     0.303626
6     12     0.24          110             0.1116              2.83984                     0.315537
6     12     0.24          110             0.114              2.45418                     0.293331
6     12     0.24          110             0.1164              2.06852                     0.269299
6     12     0.24          110             0.1188              2.8749                     0.317479
6     12     0.24          110             0.1212              2.20876                     0.278278
6     12     0.24          110             0.1236              1.82311                     0.252819
6     12     0.24          110             0.126              1.92828                     0.26001
6     12     0.24          110             0.1284              1.57769                     0.235188
6     12     0.24          110             0.1308              1.29721                     0.21326
6     12     0.24          110             0.1332              1.61275                     0.237787
6     12     0.24          110             0.1356              0.841433                     0.171757
6     12     0.24          110             0.138              0.981672                     0.185519
6     12     0.24          110             0.1404              1.54263                     0.23256
6     12     0.24          110             0.1428              1.01673                     0.188802
6     12     0.24          110             0.1452              1.01673                     0.188802
6     12     0.24          110             0.1476              1.08685                     0.195204
6     12     0.24          110             0.15              1.12191                     0.198328
6     12     0.24          110             0.1524              1.12191                     0.198328
6     12     0.24          110             0.1548              0.911553                     0.17877
6     12     0.24          110             0.1572              0.911553                     0.17877
6     12     0.24          110             0.1596              1.01673                     0.188802
6     12     0.24          110             0.162              0.560955                     0.140239
6     12     0.24          110             0.1644              0.455776                     0.12641
6     12     0.24          110             0.1668              0.911553                     0.17877
6     12     0.24          110             0.1692              0.701194                     0.156792
6     12     0.24          110             0.1716              0.806373                     0.16814
6     12     0.24          110             0.174              0.701194                     0.156792
6     12     0.24          110             0.1764              0.736254                     0.160664
6     12     0.24          110             0.1788              0.876493                     0.175299
6     12     0.24          110             0.1812              0.911553                     0.17877
6     12     0.24          110             0.1836              0.876493                     0.175299
6     12     0.24          110             0.186              0.631075                     0.148746
6     12     0.24          110             0.1884              1.01673                     0.188802
6     12     0.24          110             0.1908              0.981672                     0.185519
6     12     0.24          110             0.1932              0.841433                     0.171757
6     12     0.24          110             0.1956              1.08685                     0.195204
6     12     0.24          110             0.198              1.01673                     0.188802
6     12     0.24          110             0.2004              1.43745                     0.224492
6     12     0.24          110             0.2028              0.911553                     0.17877
6     12     0.24          110             0.2052              1.19203                     0.204432
6     12     0.24          110             0.2076              0.946612                     0.182176
6     12     0.24          110             0.21              0.0701194                     0.0495819
6     12     0.24          110             0.2124              0                     0
6     12     0.24          110             0.2148              0                     0
6     12     0.24          110             0.2172              0                     0
6     12     0.24          110             0.2196              0                     0
6     12     0.24          110             0.222              0                     0
6     12     0.24          110             0.2244              0                     0
6     12     0.24          110             0.2268              0                     0
6     12     0.24          110             0.2292              0                     0
6     12     0.24          110             0.2316              0                     0
6     12     0.24          110             0.234              0                     0
6     12     0.24          110             0.2364              0                     0
*******************************************************************************************************
 Average angle 109.975 +- 1.47848 deg 
 Average E' 0.151302 +- 0.00203406 GeV 
