*******************************************************************************************************
Z     A     E(GeV)     Theta(deg)     Energy Loss(GeV)     Sigma(nb/sr/GeV)     ERROR     Citation     
*******************************************************************************************************
6     12     0.12          136             0.0006              1.44918                     0.191949
6     12     0.12          136             0.0018              2.05936                     0.228818
6     12     0.12          136             0.003              2.49158                     0.251687
6     12     0.12          136             0.0042              2.7204                     0.262991
6     12     0.12          136             0.0054              3.53397                     0.299748
6     12     0.12          136             0.0066              3.81364                     0.311382
6     12     0.12          136             0.0078              3.88991                     0.314481
6     12     0.12          136             0.009              4.01703                     0.319578
6     12     0.12          136             0.0102              4.2967                     0.330515
6     12     0.12          136             0.0114              4.50009                     0.338248
6     12     0.12          136             0.0126              5.034                     0.357751
6     12     0.12          136             0.0138              5.61876                     0.377959
6     12     0.12          136             0.015              5.89843                     0.387251
6     12     0.12          136             0.0162              6.05097                     0.392226
6     12     0.12          136             0.0174              5.61876                     0.377959
6     12     0.12          136             0.0186              5.92385                     0.388084
6     12     0.12          136             0.0198              5.72046                     0.381364
6     12     0.12          136             0.021              6.43234                     0.404398
6     12     0.12          136             0.0222              5.77131                     0.383055
6     12     0.12          136             0.0234              6.15267                     0.395509
6     12     0.12          136             0.0246              6.38149                     0.402796
6     12     0.12          136             0.0258              5.56791                     0.376245
6     12     0.12          136             0.027              5.46621                     0.372793
6     12     0.12          136             0.0282              5.16112                     0.36224
6     12     0.12          136             0.0294              5.61876                     0.377959
6     12     0.12          136             0.0306              5.92385                     0.388084
6     12     0.12          136             0.0318              5.41537                     0.371055
6     12     0.12          136             0.033              5.89843                     0.387251
6     12     0.12          136             0.0342              5.38994                     0.370183
6     12     0.12          136             0.0354              5.36452                     0.369309
6     12     0.12          136             0.0366              5.49164                     0.373659
6     12     0.12          136             0.0378              4.95773                     0.35503
6     12     0.12          136             0.039              4.98315                     0.35594
6     12     0.12          136             0.0402              5.1357                     0.361347
6     12     0.12          136             0.0414              4.50009                     0.338248
6     12     0.12          136             0.0426              4.44924                     0.336331
6     12     0.12          136             0.0438              4.44924                     0.336331
6     12     0.12          136             0.045              4.44924                     0.336331
6     12     0.12          136             0.0462              4.65264                     0.343933
6     12     0.12          136             0.0474              4.195                     0.32658
6     12     0.12          136             0.0486              3.94076                     0.316529
6     12     0.12          136             0.0498              4.04246                     0.320588
6     12     0.12          136             0.051              3.33058                     0.290994
6     12     0.12          136             0.0522              3.43227                     0.295403
6     12     0.12          136             0.0534              2.84752                     0.269065
6     12     0.12          136             0.0546              2.87294                     0.270264
6     12     0.12          136             0.0558              2.28818                     0.241196
6     12     0.12          136             0.057              2.56785                     0.255511
6     12     0.12          136             0.0582              2.54243                     0.254243
6     12     0.12          136             0.0594              2.38988                     0.246497
6     12     0.12          136             0.0606              1.85597                     0.217225
6     12     0.12          136             0.0618              1.42376                     0.190258
6     12     0.12          136             0.063              1.47461                     0.193625
6     12     0.12          136             0.0642              1.88139                     0.218708
6     12     0.12          136             0.0654              1.65258                     0.204977
6     12     0.12          136             0.0666              1.62715                     0.203394
6     12     0.12          136             0.0678              1.5763                     0.200191
6     12     0.12          136             0.069              1.42376                     0.190258
6     12     0.12          136             0.0702              1.34749                     0.185091
6     12     0.12          136             0.0714              0.610182                     0.124553
6     12     0.12          136             0.0726              0                     0
6     12     0.12          136             0.0738              0                     0
6     12     0.12          136             0.075              0                     0
6     12     0.12          136             0.0762              0                     0
6     12     0.12          136             0.0774              0                     0
6     12     0.12          136             0.0786              0                     0
6     12     0.12          136             0.0798              0                     0
6     12     0.12          136             0.081              0                     0
6     12     0.12          136             0.0822              0                     0
6     12     0.12          136             0.0834              0                     0
6     12     0.12          136             0.0846              0                     0
6     12     0.12          136             0.0858              0                     0
6     12     0.12          136             0.087              0                     0
6     12     0.12          136             0.0882              0                     0
6     12     0.12          136             0.0894              0                     0
6     12     0.12          136             0.0906              0                     0
6     12     0.12          136             0.0918              0                     0
6     12     0.12          136             0.093              0                     0
6     12     0.12          136             0.0942              0                     0
6     12     0.12          136             0.0954              0                     0
6     12     0.12          136             0.0966              0                     0
6     12     0.12          136             0.0978              0                     0
6     12     0.12          136             0.099              0                     0
6     12     0.12          136             0.1002              0                     0
6     12     0.12          136             0.1014              0                     0
6     12     0.12          136             0.1026              0                     0
6     12     0.12          136             0.1038              0                     0
6     12     0.12          136             0.105              0                     0
6     12     0.12          136             0.1062              0                     0
6     12     0.12          136             0.1074              0                     0
6     12     0.12          136             0.1086              0                     0
6     12     0.12          136             0.1098              0                     0
6     12     0.12          136             0.111              0                     0
6     12     0.12          136             0.1122              0                     0
6     12     0.12          136             0.1134              0                     0
6     12     0.12          136             0.1146              0                     0
6     12     0.12          136             0.1158              0                     0
6     12     0.12          136             0.117              0                     0
6     12     0.12          136             0.1182              0                     0
*******************************************************************************************************
 Average angle 136.484 +- 1.406 deg 
 Average E' 0.0885764 +- 0.00091248 GeV 
