*******************************************************************************************************
Z     A     E(GeV)     Theta(deg)     Energy Loss(GeV)     Sigma(nb/sr/GeV)     ERROR     Citation     
*******************************************************************************************************
6     12     0.48          78.6667             0.0024              0                     0
6     12     0.48          78.6667             0.0072              0                     0
6     12     0.48          78.6667             0.012              0                     0
6     12     0.48          78.6667             0.0168              0                     0
6     12     0.48          78.6667             0.0216              0                     0
6     12     0.48          78.6667             0.0264              0                     0
6     12     0.48          78.6667             0.0312              0                     0
6     12     0.48          78.6667             0.036              0                     0
6     12     0.48          78.6667             0.0408              0                     0
6     12     0.48          78.6667             0.0456              0                     0
6     12     0.48          78.6667             0.0504              0                     0
6     12     0.48          78.6667             0.0552              0                     0
6     12     0.48          78.6667             0.06              0                     0
6     12     0.48          78.6667             0.0648              0                     0
6     12     0.48          78.6667             0.0696              0                     0
6     12     0.48          78.6667             0.0744              0                     0
6     12     0.48          78.6667             0.0792              0                     0
6     12     0.48          78.6667             0.084              0                     0
6     12     0.48          78.6667             0.0888              0                     0
6     12     0.48          78.6667             0.0936              0                     0
6     12     0.48          78.6667             0.0984              0                     0
6     12     0.48          78.6667             0.1032              0                     0
6     12     0.48          78.6667             0.108              0                     0
6     12     0.48          78.6667             0.1128              0                     0
6     12     0.48          78.6667             0.1176              0                     0
6     12     0.48          78.6667             0.1224              0                     0
6     12     0.48          78.6667             0.1272              0                     0
6     12     0.48          78.6667             0.132              0                     0
6     12     0.48          78.6667             0.1368              0                     0
6     12     0.48          78.6667             0.1416              0                     0
6     12     0.48          78.6667             0.1464              0                     0
6     12     0.48          78.6667             0.1512              0                     0
6     12     0.48          78.6667             0.156              0                     0
6     12     0.48          78.6667             0.1608              0                     0
6     12     0.48          78.6667             0.1656              0                     0
6     12     0.48          78.6667             0.1704              0                     0
6     12     0.48          78.6667             0.1752              0                     0
6     12     0.48          78.6667             0.18              0                     0
6     12     0.48          78.6667             0.1848              0                     0
6     12     0.48          78.6667             0.1896              0                     0
6     12     0.48          78.6667             0.1944              0                     0
6     12     0.48          78.6667             0.1992              0                     0
6     12     0.48          78.6667             0.204              0                     0
6     12     0.48          78.6667             0.2088              0                     0
6     12     0.48          78.6667             0.2136              0                     0
6     12     0.48          78.6667             0.2184              0.0265872                     0.0265872
6     12     0.48          78.6667             0.2232              0.0265872                     0.0265872
6     12     0.48          78.6667             0.228              0                     0
6     12     0.48          78.6667             0.2328              0                     0
6     12     0.48          78.6667             0.2376              0.0797615                     0.0460504
6     12     0.48          78.6667             0.2424              0.0531744                     0.0376
6     12     0.48          78.6667             0.2472              0.0265872                     0.0265872
6     12     0.48          78.6667             0.252              0.106349                     0.0531744
6     12     0.48          78.6667             0.2568              0.0265872                     0.0265872
6     12     0.48          78.6667             0.2616              0.0531744                     0.0376
6     12     0.48          78.6667             0.2664              0.0531744                     0.0376
6     12     0.48          78.6667             0.2712              0.18611                     0.0703431
6     12     0.48          78.6667             0.276              0.0531744                     0.0376
6     12     0.48          78.6667             0.2808              0.18611                     0.0703431
6     12     0.48          78.6667             0.2856              0.212697                     0.0751999
6     12     0.48          78.6667             0.2904              0.106349                     0.0531744
6     12     0.48          78.6667             0.2952              0.159523                     0.065125
6     12     0.48          78.6667             0.3              0.106349                     0.0531744
6     12     0.48          78.6667             0.3048              0.0797615                     0.0460504
6     12     0.48          78.6667             0.3096              0.18611                     0.0703431
6     12     0.48          78.6667             0.3144              0.0797615                     0.0460504
6     12     0.48          78.6667             0.3192              0.132936                     0.0594507
6     12     0.48          78.6667             0.324              0.292459                     0.0881797
6     12     0.48          78.6667             0.3288              0.345633                     0.0958614
6     12     0.48          78.6667             0.3336              0.0797615                     0.0460504
6     12     0.48          78.6667             0.3384              0.265872                     0.0840761
6     12     0.48          78.6667             0.3432              0.212697                     0.0751999
6     12     0.48          78.6667             0.348              0.18611                     0.0703431
6     12     0.48          78.6667             0.3528              0.345633                     0.0958614
6     12     0.48          78.6667             0.3576              0.292459                     0.0881797
6     12     0.48          78.6667             0.3624              0.132936                     0.0594507
6     12     0.48          78.6667             0.3672              0.345633                     0.0958614
6     12     0.48          78.6667             0.372              0.265872                     0.0840761
6     12     0.48          78.6667             0.3768              0.319046                     0.0921007
6     12     0.48          78.6667             0.3816              0.0797615                     0.0460504
6     12     0.48          78.6667             0.3864              0.132936                     0.0594507
6     12     0.48          78.6667             0.3912              0.18611                     0.0703431
6     12     0.48          78.6667             0.396              0.212697                     0.0751999
6     12     0.48          78.6667             0.4008              0.159523                     0.065125
6     12     0.48          78.6667             0.4056              0.132936                     0.0594507
6     12     0.48          78.6667             0.4104              0.0265872                     0.0265872
6     12     0.48          78.6667             0.4152              0.106349                     0.0531744
6     12     0.48          78.6667             0.42              0.292459                     0.0881797
6     12     0.48          78.6667             0.4248              0.0797615                     0.0460504
6     12     0.48          78.6667             0.4296              0.106349                     0.0531744
6     12     0.48          78.6667             0.4344              0.132936                     0.0594507
6     12     0.48          78.6667             0.4392              0.132936                     0.0594507
6     12     0.48          78.6667             0.444              0.132936                     0.0594507
6     12     0.48          78.6667             0.4488              0.0797615                     0.0460504
6     12     0.48          78.6667             0.4536              0.0531744                     0.0376
6     12     0.48          78.6667             0.4584              0                     0
6     12     0.48          78.6667             0.4632              0                     0
6     12     0.48          78.6667             0.468              0                     0
6     12     0.48          78.6667             0.4728              0                     0
*******************************************************************************************************
 Average angle 78.5184 +- 4.81427 deg 
 Average E' 0.128944 +- 0.00790606 GeV 
