*******************************************************************************************************
Z     A     E(GeV)     Theta(deg)     Energy Loss(GeV)     Sigma(nb/sr/GeV)     ERROR     Citation     
*******************************************************************************************************
6     12     0.62          31.5             0.0031              3.57454                     0.407357
6     12     0.62          31.5             0.0093              14.8088                     0.829135
6     12     0.62          31.5             0.0155              26.5073                     1.1093
6     12     0.62          31.5             0.0217              41.0376                     1.38024
6     12     0.62          31.5             0.0279              49.3473                     1.51355
6     12     0.62          31.5             0.0341              63.4133                     1.71575
6     12     0.62          31.5             0.0403              68.7983                     1.78712
6     12     0.62          31.5             0.0465              81.1932                     1.94144
6     12     0.62          31.5             0.0527              85.6033                     1.99347
6     12     0.62          31.5             0.0589              83.8393                     1.97283
6     12     0.62          31.5             0.0651              87.3674                     2.01391
6     12     0.62          31.5             0.0713              83.3286                     1.96681
6     12     0.62          31.5             0.0775              81.1468                     1.94089
6     12     0.62          31.5             0.0837              74.6476                     1.86154
6     12     0.62          31.5             0.0899              70.3767                     1.8075
6     12     0.62          31.5             0.0961              62.1135                     1.69808
6     12     0.62          31.5             0.1023              54.918                     1.5967
6     12     0.62          31.5             0.1085              51.4363                     1.54525
6     12     0.62          31.5             0.1147              44.5193                     1.4376
6     12     0.62          31.5             0.1209              41.2697                     1.38414
6     12     0.62          31.5             0.1271              32.8672                     1.23523
6     12     0.62          31.5             0.1333              29.5712                     1.17165
6     12     0.62          31.5             0.1395              23.4898                     1.04425
6     12     0.62          31.5             0.1457              21.1223                     0.990229
6     12     0.62          31.5             0.1519              16.805                     0.883251
6     12     0.62          31.5             0.1581              14.3446                     0.816035
6     12     0.62          31.5             0.1643              12.8591                     0.772627
6     12     0.62          31.5             0.1705              10.77                     0.707088
6     12     0.62          31.5             0.1767              9.65591                     0.669517
6     12     0.62          31.5             0.1829              7.61331                     0.5945
6     12     0.62          31.5             0.1891              8.72745                     0.636515
6     12     0.62          31.5             0.1953              9.33095                     0.658154
6     12     0.62          31.5             0.2015              7.47404                     0.589037
6     12     0.62          31.5             0.2077              8.03111                     0.610594
6     12     0.62          31.5             0.2139              7.52047                     0.590864
6     12     0.62          31.5             0.2201              8.03111                     0.610594
6     12     0.62          31.5             0.2263              9.09884                     0.649917
6     12     0.62          31.5             0.2325              9.65591                     0.669517
6     12     0.62          31.5             0.2387              8.07754                     0.612357
6     12     0.62          31.5             0.2449              9.14526                     0.651573
6     12     0.62          31.5             0.2511              9.70233                     0.671124
6     12     0.62          31.5             0.2573              9.2381                     0.654872
6     12     0.62          31.5             0.2635              8.58819                     0.631416
6     12     0.62          31.5             0.2697              9.42379                     0.661421
6     12     0.62          31.5             0.2759              10.1201                     0.685422
6     12     0.62          31.5             0.2821              10.6308                     0.702502
6     12     0.62          31.5             0.2883              10.9093                     0.711645
6     12     0.62          31.5             0.2945              10.4915                     0.697885
6     12     0.62          31.5             0.3007              9.8416                     0.675924
6     12     0.62          31.5             0.3069              9.47022                     0.663048
6     12     0.62          31.5             0.3131              9.65591                     0.669517
6     12     0.62          31.5             0.3193              9.98087                     0.680689
6     12     0.62          31.5             0.3255              11.3735                     0.726629
6     12     0.62          31.5             0.3317              11.8842                     0.742762
6     12     0.62          31.5             0.3379              12.5341                     0.762802
6     12     0.62          31.5             0.3441              12.1163                     0.749981
6     12     0.62          31.5             0.3503              12.2556                     0.754278
6     12     0.62          31.5             0.3565              12.627                     0.765622
6     12     0.62          31.5             0.3627              13.5554                     0.79327
6     12     0.62          31.5             0.3689              14.8088                     0.829135
6     12     0.62          31.5             0.3751              13.184                     0.782328
6     12     0.62          31.5             0.3813              13.8339                     0.801379
6     12     0.62          31.5             0.3875              13.4161                     0.789185
6     12     0.62          31.5             0.3937              12.627                     0.765622
6     12     0.62          31.5             0.3999              12.9055                     0.77402
6     12     0.62          31.5             0.4061              12.5341                     0.762802
6     12     0.62          31.5             0.4123              10.77                     0.707088
6     12     0.62          31.5             0.4185              11.6057                     0.734006
6     12     0.62          31.5             0.4247              11.1879                     0.720673
6     12     0.62          31.5             0.4309              9.93444                     0.679105
6     12     0.62          31.5             0.4371              11.2807                     0.723657
6     12     0.62          31.5             0.4433              9.56306                     0.66629
6     12     0.62          31.5             0.4495              9.14526                     0.651573
6     12     0.62          31.5             0.4557              8.58819                     0.631416
6     12     0.62          31.5             0.4619              7.84542                     0.603494
6     12     0.62          31.5             0.4681              8.21681                     0.617613
6     12     0.62          31.5             0.4743              6.03494                     0.529299
6     12     0.62          31.5             0.4805              6.63844                     0.555134
6     12     0.62          31.5             0.4867              7.75258                     0.599913
6     12     0.62          31.5             0.4929              6.63844                     0.555134
6     12     0.62          31.5             0.4991              5.70998                     0.514852
6     12     0.62          31.5             0.5053              4.54942                     0.459561
6     12     0.62          31.5             0.5115              2.13544                     0.314854
6     12     0.62          31.5             0.5177              0.417804                     0.139268
6     12     0.62          31.5             0.5239              0                     0
6     12     0.62          31.5             0.5301              0                     0
6     12     0.62          31.5             0.5363              0                     0
6     12     0.62          31.5             0.5425              0                     0
6     12     0.62          31.5             0.5487              0                     0
6     12     0.62          31.5             0.5549              0                     0
6     12     0.62          31.5             0.5611              0                     0
6     12     0.62          31.5             0.5673              0                     0
6     12     0.62          31.5             0.5735              0                     0
6     12     0.62          31.5             0.5797              0                     0
6     12     0.62          31.5             0.5859              0                     0
6     12     0.62          31.5             0.5921              0                     0
6     12     0.62          31.5             0.5983              0                     0
6     12     0.62          31.5             0.6045              0                     0
6     12     0.62          31.5             0.6107              0                     0
*******************************************************************************************************
 Average angle 31.4392 +- 0.15668 deg 
 Average E' 0.46714 +- 0.00232803 GeV 
