*******************************************************************************************************
Z     A     E(GeV)     Theta(deg)     Energy Loss(GeV)     Sigma(nb/sr/GeV)     ERROR     Citation     
*******************************************************************************************************
6     12     0.1          160             0.0005              2.41366                     0.316928
6     12     0.1          160             0.0015              3.07949                     0.357984
6     12     0.1          160             0.0025              3.37079                     0.374533
6     12     0.1          160             0.0035              4.16147                     0.416147
6     12     0.1          160             0.0045              3.82856                     0.399155
6     12     0.1          160             0.0055              5.78445                     0.490631
6     12     0.1          160             0.0065              5.11861                     0.46153
6     12     0.1          160             0.0075              5.74283                     0.488863
6     12     0.1          160             0.0085              5.99252                     0.499377
6     12     0.1          160             0.0095              6.11737                     0.504552
6     12     0.1          160             0.0105              6.65836                     0.52639
6     12     0.1          160             0.0115              6.94966                     0.537781
6     12     0.1          160             0.0125              7.36581                     0.553648
6     12     0.1          160             0.0135              7.74034                     0.567549
6     12     0.1          160             0.0145              7.69873                     0.566022
6     12     0.1          160             0.0155              7.24097                     0.548936
6     12     0.1          160             0.0165              8.53102                     0.595832
6     12     0.1          160             0.0175              8.90556                     0.608771
6     12     0.1          160             0.0185              8.98878                     0.611609
6     12     0.1          160             0.0195              6.94966                     0.537781
6     12     0.1          160             0.0205              7.24097                     0.548936
6     12     0.1          160             0.0215              7.82357                     0.570593
6     12     0.1          160             0.0225              6.45029                     0.518099
6     12     0.1          160             0.0235              7.24097                     0.548936
6     12     0.1          160             0.0245              7.53227                     0.559869
6     12     0.1          160             0.0255              7.24097                     0.548936
6     12     0.1          160             0.0265              6.57513                     0.523089
6     12     0.1          160             0.0275              6.74159                     0.529669
6     12     0.1          160             0.0285              5.90929                     0.495897
6     12     0.1          160             0.0295              6.90805                     0.536168
6     12     0.1          160             0.0305              6.11737                     0.504552
6     12     0.1          160             0.0315              6.82482                     0.532929
6     12     0.1          160             0.0325              5.86768                     0.494148
6     12     0.1          160             0.0335              6.40867                     0.516425
6     12     0.1          160             0.0345              6.2006                     0.507973
6     12     0.1          160             0.0355              5.95091                     0.49764
6     12     0.1          160             0.0365              4.91054                     0.452052
6     12     0.1          160             0.0375              4.99377                     0.455867
6     12     0.1          160             0.0385              5.65961                     0.485307
6     12     0.1          160             0.0395              4.66085                     0.440409
6     12     0.1          160             0.0405              5.11861                     0.46153
6     12     0.1          160             0.0415              4.82731                     0.448205
6     12     0.1          160             0.0425              4.91054                     0.452052
6     12     0.1          160             0.0435              4.28632                     0.422344
6     12     0.1          160             0.0445              4.49439                     0.432473
6     12     0.1          160             0.0455              3.87017                     0.401318
6     12     0.1          160             0.0465              4.32793                     0.424389
6     12     0.1          160             0.0475              3.03788                     0.355557
6     12     0.1          160             0.0485              2.03912                     0.291303
6     12     0.1          160             0.0495              0                     0
6     12     0.1          160             0.0505              0                     0
6     12     0.1          160             0.0515              0                     0
6     12     0.1          160             0.0525              0                     0
6     12     0.1          160             0.0535              0                     0
6     12     0.1          160             0.0545              0                     0
6     12     0.1          160             0.0555              0                     0
6     12     0.1          160             0.0565              0                     0
6     12     0.1          160             0.0575              0                     0
6     12     0.1          160             0.0585              0                     0
6     12     0.1          160             0.0595              0                     0
6     12     0.1          160             0.0605              0                     0
6     12     0.1          160             0.0615              0                     0
6     12     0.1          160             0.0625              0                     0
6     12     0.1          160             0.0635              0                     0
6     12     0.1          160             0.0645              0                     0
6     12     0.1          160             0.0655              0                     0
6     12     0.1          160             0.0665              0                     0
6     12     0.1          160             0.0675              0                     0
6     12     0.1          160             0.0685              0                     0
6     12     0.1          160             0.0695              0                     0
6     12     0.1          160             0.0705              0                     0
6     12     0.1          160             0.0715              0                     0
6     12     0.1          160             0.0725              0                     0
6     12     0.1          160             0.0735              0                     0
6     12     0.1          160             0.0745              0                     0
6     12     0.1          160             0.0755              0                     0
6     12     0.1          160             0.0765              0                     0
6     12     0.1          160             0.0775              0                     0
6     12     0.1          160             0.0785              0                     0
6     12     0.1          160             0.0795              0                     0
6     12     0.1          160             0.0805              0                     0
6     12     0.1          160             0.0815              0                     0
6     12     0.1          160             0.0825              0                     0
6     12     0.1          160             0.0835              0                     0
6     12     0.1          160             0.0845              0                     0
6     12     0.1          160             0.0855              0                     0
6     12     0.1          160             0.0865              0                     0
6     12     0.1          160             0.0875              0                     0
6     12     0.1          160             0.0885              0                     0
6     12     0.1          160             0.0895              0                     0
6     12     0.1          160             0.0905              0                     0
6     12     0.1          160             0.0915              0                     0
6     12     0.1          160             0.0925              0                     0
6     12     0.1          160             0.0935              0                     0
6     12     0.1          160             0.0945              0                     0
6     12     0.1          160             0.0955              0                     0
6     12     0.1          160             0.0965              0                     0
6     12     0.1          160             0.0975              0                     0
6     12     0.1          160             0.0985              0                     0
*******************************************************************************************************
 Average angle 160.494 +- 1.93324 deg 
 Average E' 0.076328 +- 0.000919414 GeV 
