*******************************************************************************************************
Z     A     E(GeV)     Theta(deg)     Energy Loss(GeV)     Sigma(nb/sr/GeV)     ERROR     Citation     
*******************************************************************************************************
6     12     0.4          154.167             0.002              0                     0
6     12     0.4          154.167             0.006              0                     0
6     12     0.4          154.167             0.01              0                     0
6     12     0.4          154.167             0.014              0                     0
6     12     0.4          154.167             0.018              0                     0
6     12     0.4          154.167             0.022              0                     0
6     12     0.4          154.167             0.026              0                     0
6     12     0.4          154.167             0.03              0                     0
6     12     0.4          154.167             0.034              0                     0
6     12     0.4          154.167             0.038              0                     0
6     12     0.4          154.167             0.042              0                     0
6     12     0.4          154.167             0.046              0                     0
6     12     0.4          154.167             0.05              0                     0
6     12     0.4          154.167             0.054              0.0662247                     0.0662247
6     12     0.4          154.167             0.058              0                     0
6     12     0.4          154.167             0.062              0                     0
6     12     0.4          154.167             0.066              0                     0
6     12     0.4          154.167             0.07              0.0662247                     0.0662247
6     12     0.4          154.167             0.074              0.0662247                     0.0662247
6     12     0.4          154.167             0.078              0                     0
6     12     0.4          154.167             0.082              0                     0
6     12     0.4          154.167             0.086              0.0662247                     0.0662247
6     12     0.4          154.167             0.09              0                     0
6     12     0.4          154.167             0.094              0                     0
6     12     0.4          154.167             0.098              0                     0
6     12     0.4          154.167             0.102              0                     0
6     12     0.4          154.167             0.106              0.198674                     0.114704
6     12     0.4          154.167             0.11              0.0662247                     0.0662247
6     12     0.4          154.167             0.114              0.0662247                     0.0662247
6     12     0.4          154.167             0.118              0.198674                     0.114704
6     12     0.4          154.167             0.122              0.264899                     0.132449
6     12     0.4          154.167             0.126              0.198674                     0.114704
6     12     0.4          154.167             0.13              0.198674                     0.114704
6     12     0.4          154.167             0.134              0.198674                     0.114704
6     12     0.4          154.167             0.138              0.0662247                     0.0662247
6     12     0.4          154.167             0.142              0.264899                     0.132449
6     12     0.4          154.167             0.146              0                     0
6     12     0.4          154.167             0.15              0.331123                     0.148083
6     12     0.4          154.167             0.154              0.264899                     0.132449
6     12     0.4          154.167             0.158              0.264899                     0.132449
6     12     0.4          154.167             0.162              0.529797                     0.187312
6     12     0.4          154.167             0.166              0.463573                     0.175214
6     12     0.4          154.167             0.17              0.529797                     0.187312
6     12     0.4          154.167             0.174              0.662247                     0.209421
6     12     0.4          154.167             0.178              0.596022                     0.198674
6     12     0.4          154.167             0.182              0.596022                     0.198674
6     12     0.4          154.167             0.186              0.529797                     0.187312
6     12     0.4          154.167             0.19              0.463573                     0.175214
6     12     0.4          154.167             0.194              0.662247                     0.209421
6     12     0.4          154.167             0.198              0.596022                     0.198674
6     12     0.4          154.167             0.202              0.529797                     0.187312
6     12     0.4          154.167             0.206              0.529797                     0.187312
6     12     0.4          154.167             0.21              0.596022                     0.198674
6     12     0.4          154.167             0.214              0.463573                     0.175214
6     12     0.4          154.167             0.218              0.463573                     0.175214
6     12     0.4          154.167             0.222              0.596022                     0.198674
6     12     0.4          154.167             0.226              0.529797                     0.187312
6     12     0.4          154.167             0.23              0.397348                     0.162217
6     12     0.4          154.167             0.234              0.596022                     0.198674
6     12     0.4          154.167             0.238              0.331123                     0.148083
6     12     0.4          154.167             0.242              0.529797                     0.187312
6     12     0.4          154.167             0.246              0.198674                     0.114704
6     12     0.4          154.167             0.25              0.397348                     0.162217
6     12     0.4          154.167             0.254              0.331123                     0.148083
6     12     0.4          154.167             0.258              0.198674                     0.114704
6     12     0.4          154.167             0.262              0.264899                     0.132449
6     12     0.4          154.167             0.266              0.132449                     0.0936558
6     12     0.4          154.167             0.27              0.463573                     0.175214
6     12     0.4          154.167             0.274              0.397348                     0.162217
6     12     0.4          154.167             0.278              0.529797                     0.187312
6     12     0.4          154.167             0.282              0.529797                     0.187312
6     12     0.4          154.167             0.286              0.596022                     0.198674
6     12     0.4          154.167             0.29              0.728471                     0.219642
6     12     0.4          154.167             0.294              0.463573                     0.175214
6     12     0.4          154.167             0.298              0.331123                     0.148083
6     12     0.4          154.167             0.302              0.397348                     0.162217
6     12     0.4          154.167             0.306              0.529797                     0.187312
6     12     0.4          154.167             0.31              0.264899                     0.132449
6     12     0.4          154.167             0.314              0.662247                     0.209421
6     12     0.4          154.167             0.318              0.662247                     0.209421
6     12     0.4          154.167             0.322              0.662247                     0.209421
6     12     0.4          154.167             0.326              0.794696                     0.229409
6     12     0.4          154.167             0.33              0.331123                     0.148083
6     12     0.4          154.167             0.334              0.794696                     0.229409
6     12     0.4          154.167             0.338              0.529797                     0.187312
6     12     0.4          154.167             0.342              0.662247                     0.209421
6     12     0.4          154.167             0.346              0.728471                     0.219642
6     12     0.4          154.167             0.35              0.728471                     0.219642
6     12     0.4          154.167             0.354              0.99337                     0.256487
6     12     0.4          154.167             0.358              1.05959                     0.264899
6     12     0.4          154.167             0.362              1.52317                     0.317602
6     12     0.4          154.167             0.366              1.05959                     0.264899
6     12     0.4          154.167             0.37              1.39072                     0.303479
6     12     0.4          154.167             0.374              1.58939                     0.324433
6     12     0.4          154.167             0.378              1.85429                     0.350428
6     12     0.4          154.167             0.382              1.12582                     0.273051
6     12     0.4          154.167             0.386              1.19204                     0.280967
6     12     0.4          154.167             0.39              0                     0
6     12     0.4          154.167             0.394              0                     0
*******************************************************************************************************
 Average angle 154.183 +- 6.34223 deg 
 Average E' 0.117357 +- 0.00482741 GeV 
