*******************************************************************************************************
Z     A     E(GeV)     Theta(deg)     Energy Loss(GeV)     Sigma(nb/sr/GeV)     ERROR     Citation     
*******************************************************************************************************
6     12     0.16          164             0.0008              0.196253                     0.138772
6     12     0.16          164             0.0024              0.0981263                     0.0981263
6     12     0.16          164             0.004              0.392505                     0.196253
6     12     0.16          164             0.0056              0.490632                     0.219417
6     12     0.16          164             0.0072              0.588758                     0.240359
6     12     0.16          164             0.0088              0.883137                     0.294379
6     12     0.16          164             0.0104              0.883137                     0.294379
6     12     0.16          164             0.012              0.588758                     0.240359
6     12     0.16          164             0.0136              1.76627                     0.416315
6     12     0.16          164             0.0152              1.57002                     0.392505
6     12     0.16          164             0.0168              2.55128                     0.500348
6     12     0.16          164             0.0184              3.92505                     0.620605
6     12     0.16          164             0.02              1.96253                     0.438834
6     12     0.16          164             0.0216              2.06065                     0.449671
6     12     0.16          164             0.0232              1.8644                     0.427723
6     12     0.16          164             0.0248              3.23817                     0.563693
6     12     0.16          164             0.0264              2.35503                     0.480719
6     12     0.16          164             0.028              2.64941                     0.509879
6     12     0.16          164             0.0296              2.55128                     0.500348
6     12     0.16          164             0.0312              3.33629                     0.57217
6     12     0.16          164             0.0328              3.33629                     0.57217
6     12     0.16          164             0.0344              3.63067                     0.596879
6     12     0.16          164             0.036              3.7288                     0.604891
6     12     0.16          164             0.0376              3.7288                     0.604891
6     12     0.16          164             0.0392              3.04192                     0.546344
6     12     0.16          164             0.0408              3.33629                     0.57217
6     12     0.16          164             0.0424              3.33629                     0.57217
6     12     0.16          164             0.044              3.14004                     0.555086
6     12     0.16          164             0.0456              3.63067                     0.596879
6     12     0.16          164             0.0472              3.14004                     0.555086
6     12     0.16          164             0.0488              3.43442                     0.580523
6     12     0.16          164             0.0504              4.31756                     0.650896
6     12     0.16          164             0.052              3.14004                     0.555086
6     12     0.16          164             0.0536              3.7288                     0.604891
6     12     0.16          164             0.0552              3.92505                     0.620605
6     12     0.16          164             0.0568              4.31756                     0.650896
6     12     0.16          164             0.0584              3.04192                     0.546344
6     12     0.16          164             0.06              3.63067                     0.596879
6     12     0.16          164             0.0616              3.04192                     0.546344
6     12     0.16          164             0.0632              3.14004                     0.555086
6     12     0.16          164             0.0648              4.1213                     0.635931
6     12     0.16          164             0.0664              4.1213                     0.635931
6     12     0.16          164             0.068              3.14004                     0.555086
6     12     0.16          164             0.0696              3.33629                     0.57217
6     12     0.16          164             0.0712              2.74754                     0.519236
6     12     0.16          164             0.0728              2.06065                     0.449671
6     12     0.16          164             0.0744              2.74754                     0.519236
6     12     0.16          164             0.076              1.57002                     0.392505
6     12     0.16          164             0.0776              2.35503                     0.480719
6     12     0.16          164             0.0792              1.57002                     0.392505
6     12     0.16          164             0.0808              2.06065                     0.449671
6     12     0.16          164             0.0824              0.981263                     0.310303
6     12     0.16          164             0.084              1.76627                     0.416315
6     12     0.16          164             0.0856              1.96253                     0.438834
6     12     0.16          164             0.0872              1.47189                     0.380042
6     12     0.16          164             0.0888              1.07939                     0.325448
6     12     0.16          164             0.0904              1.76627                     0.416315
6     12     0.16          164             0.092              1.57002                     0.392505
6     12     0.16          164             0.0936              1.17752                     0.339919
6     12     0.16          164             0.0952              0.588758                     0.240359
6     12     0.16          164             0.0968              1.17752                     0.339919
6     12     0.16          164             0.0984              1.27564                     0.353799
6     12     0.16          164             0.1              0.490632                     0.219417
6     12     0.16          164             0.1016              0.883137                     0.294379
6     12     0.16          164             0.1032              0.588758                     0.240359
6     12     0.16          164             0.1048              1.07939                     0.325448
6     12     0.16          164             0.1064              0.78501                     0.277543
6     12     0.16          164             0.108              0.588758                     0.240359
6     12     0.16          164             0.1096              0.588758                     0.240359
6     12     0.16          164             0.1112              1.07939                     0.325448
6     12     0.16          164             0.1128              0.588758                     0.240359
6     12     0.16          164             0.1144              0.588758                     0.240359
6     12     0.16          164             0.116              0.588758                     0.240359
6     12     0.16          164             0.1176              0.588758                     0.240359
6     12     0.16          164             0.1192              0.588758                     0.240359
6     12     0.16          164             0.1208              0.588758                     0.240359
6     12     0.16          164             0.1224              0.981263                     0.310303
6     12     0.16          164             0.124              0.588758                     0.240359
6     12     0.16          164             0.1256              0.490632                     0.219417
6     12     0.16          164             0.1272              0.686884                     0.259618
6     12     0.16          164             0.1288              0                     0
6     12     0.16          164             0.1304              0                     0
6     12     0.16          164             0.132              0                     0
6     12     0.16          164             0.1336              0                     0
6     12     0.16          164             0.1352              0                     0
6     12     0.16          164             0.1368              0                     0
6     12     0.16          164             0.1384              0                     0
6     12     0.16          164             0.14              0                     0
6     12     0.16          164             0.1416              0                     0
6     12     0.16          164             0.1432              0                     0
6     12     0.16          164             0.1448              0                     0
6     12     0.16          164             0.1464              0                     0
6     12     0.16          164             0.148              0                     0
6     12     0.16          164             0.1496              0                     0
6     12     0.16          164             0.1512              0                     0
6     12     0.16          164             0.1528              0                     0
6     12     0.16          164             0.1544              0                     0
6     12     0.16          164             0.156              0                     0
6     12     0.16          164             0.1576              0                     0
*******************************************************************************************************
 Average angle 163.937 +- 4.05061 deg 
 Average E' 0.104452 +- 0.00258083 GeV 
